500
55 15713
62 9842
80 12326
69 13840
29 4927
86 11001
16 14618
84 19218
40 4021
26 2399
39 28978
37 25754
40 10138
31 8896
1 29945
84 37096
58 11487
22 17613
75 15402
96 34950
55 39072
96 613
40 29956
94 31452
27 2553
97 28935
27 17675
74 4534
24 3392
41 7022
69 7628
57 28400
26 25871
80 22024
87 39879
95 24717
27 12361
36 34522
62 4631
41 6856
44 24286
22 18152
86 15439
3 1736
53 29401
52 5337
18 38794
57 29624
14 17715
24 8161
32 23309
33 8452
85 38257
29 37372
1 24780
56 31913
39 11151
88 3585
67 18547
31 1068
12 30527
31 9161
99 18524
73 2682
61 23062
71 8795
94 38387
81 16466
2 39050
22 2044
34 21363
83 904
95 27567
44 25069
82 22112
41 3681
52 35567
46 8652
74 5596
72 29488
95 16319
25 35657
1 12267
76 1589
31 30162
75 37293
14 33673
67 9352
61 11639
28 12293
69 7714
38 15407
29 15623
26 14069
63 38200
64 11181
25 17752
36 33910
81 30639
46 24670
44 4824
68 4859
94 16042
64 39517
59 2559
47 38103
76 3415
8 28562
39 35436
43 4593
48 13147
3 2186
41 22922
67 1266
80 21912
45 22899
48 39115
84 39594
99 16514
43 1639
33 4162
49 30121
43 6980
71 37373
98 23879
98 1808
46 31346
59 5989
56 24534
74 20443
2 13824
33 29996
26 37715
44 35509
88 37389
61 14883
78 2749
54 35960
37 35827
33 10255
29 20070
41 2328
25 34303
10 20402
92 39356
25 38503
32 20007
4 38889
16 13344
20 1583
13 39520
64 30339
43 22816
15 32820
39 28493
30 16034
38 93
46 11605
5 17850
17 33386
43 4628
48 23914
91 28547
92 23082
95 14640
20 5657
61 37701
97 1420
34 18045
85 1112
39 38811
94 22523
37 17475
38 4157
67 36101
18 7937
64 26627
96 31675
10 2191
26 7549
82 20551
64 17575
40 13606
85 32021
27 23569
89 24720
82 18287
48 15091
54 35619
91 32078
84 6460
67 7802
42 34499
15 37696
31 17988
42 36268
79 25781
69 36938
62 25811
84 16701
58 14075
4 21156
27 4513
83 30298
45 4025
25 12497
47 17642
20 24005
59 21874
87 1413
30 29029
78 19942
63 33888
68 21520
35 10285
92 19610
83 36050
54 4816
25 23785
68 14372
73 28417
7 27312
46 33933
5 36930
37 15877
33 10871
32 4681
63 19879
25 8323
7 29942
28 23899
62 9998
32 11351
78 12642
11 39130
32 38227
25 16071
58 19569
97 31266
36 31187
79 8001
13 1563
45 4572
15 29990
75 28801
85 20400
23 25841
89 14567
52 25737
17 10095
93 26697
78 33461
6 2393
97 13410
93 17913
51 28537
87 13504
48 34347
33 15241
57 11661
91 16199
15 35440
70 24131
63 31393
87 13507
61 5033
84 15421
23 38536
35 16257
81 12385
99 39638
24 9768
87 4082
8 13765
45 8259
56 27423
97 30655
26 35902
78 37300
82 9612
54 27476
4 13805
78 3198
54 26485
42 16446
68 24081
80 32339
38 26041
88 6555
11 32482
14 191
11 28482
76 20686
6 17032
83 30438
73 544
77 21171
93 29873
29 35461
4 17931
85 34371
12 21576
53 20935
20 32497
95 31604
95 38570
85 18969
95 16485
95 3791
82 24122
41 37366
97 7896
40 37707
10 6089
39 14191
79 12694
78 3863
73 9113
46 2126
99 23809
33 11792
58 24575
87 20054
62 306
75 36547
51 7694
25 27742
28 20966
19 4118
32 14909
62 21557
82 20505
53 15585
14 38070
64 3856
10 8042
58 28089
60 16679
13 19917
83 34112
86 9284
53 40000
61 17426
7 9270
69 39256
20 32185
56 31405
16 22158
80 15965
62 6244
86 19044
98 24334
34 19092
58 22207
82 28299
78 7970
49 34674
52 24187
53 31106
27 8153
2 19167
91 20667
29 17005
25 10538
75 13586
85 20072
67 10433
95 33701
65 25284
72 34817
73 32834
100 26815
5 22375
73 23086
53 27740
65 24070
13 22471
94 464
12 33011
62 21376
98 30306
41 10270
66 34272
89 27463
87 4435
86 17276
23 13268
96 7493
34 34860
56 13905
87 24401
6 37072
78 30057
54 23360
18 30711
90 34605
20 24172
53 2613
25 12843
67 2149
22 14799
33 39487
52 30525
35 12831
22 31034
59 17884
2 36230
91 13311
57 28836
57 243
44 14412
23 37947
1 31179
25 38607
76 6469
65 28948
54 16010
94 12863
93 2863
75 2169
51 18450
23 10940
64 10315
83 22804
46 13440
28 1665
75 39625
38 31879
54 20260
42 611
9 16219
9 4334
18 3025
62 13720
7 24491
45 24382
10 37894
6 15085
88 12421
17 17226
17 30904
63 3552
15 24813
54 33355
74 35814
80 13667
29 2121
34 641
85 32571
84 37861
85 34203
2 5128
87 39014
51 11117
84 16065
56 37173
48 3363
92 2089
100 6381
2 9905
27 12994
16 26233
88 15624
69 31715
91 35576
55 27894
59 29160
30 29031
80 11117
99 34174
40 15285
4 23916
39 21483
8 3383
38 37699
26 20125
27 24098
25 32747
47 18268
77 35821
31 10584
83 22976
89 21046
39 171
34 28688
7 17722
30 9451
39 17267
62 19051
73 22660
67 36773
59 8613
68 36851
74 10212
11 10150
56 24866
19 15716
21 11666
84 4142
87 31949
50000
