80
9 764
14 544
7 657
11 332
16 359
18 140
11 26
3 264
19 711
9 540
19 226
1 719
12 356
4 713
12 432
6 528
8 694
14 688
3 171
12 249
2 308
19 442
11 503
13 779
12 477
18 669
11 102
11 41
17 56
15 58
9 309
7 485
18 350
6 478
15 248
20 363
16 322
14 790
12 189
4 391
1 332
6 246
12 290
12 756
18 321
17 603
4 483
19 543
5 246
11 660
12 594
18 18
15 331
4 297
13 240
17 122
3 218
20 379
5 283
2 581
16 485
9 204
5 443
4 220
15 502
14 528
2 22
9 524
16 494
4 372
15 370
16 365
16 52
1 784
4 193
10 669
13 339
1 246
4 206
6 749
1000
