2000
4 8202
6 85165
3 6297
76 76816
4 6128
1 82426
18 5058
13 16870
2 5041
3 16876
6 2209
3 15058
8 80924
6 12532
16 84617
4 17289
8 14477
8 17856
23 16238
1 14773
8 86594
32 82598
5 76085
3 17321
9 16642
1 15154
13 18843
9 75431
209 87772
9 80899
50 87045
49 20139
2 9718
19 13630
21 5327
2 75747
11 12420
62 79882
11 87839
4 15173
10 14849
9 3155
54 85901
4 2543
2 10224
2 76798
1 2085
2 11459
53 19835
2 11061
3 18131
59 19963
1 2795
9 17703
2 2835
6 17357
4 12858
1 80885
18 10768
3 17143
19 9196
10 15791
4 19691
1 10947
49 19613
5 17854
5 17828
17 15736
8 18685
41 87870
51 19904
93 87854
39 85071
31 75827
96 82128
23 17816
2 3817
4 4081
6 6104
7 7238
12 18860
6 18242
8 19129
17 17025
60 87880
4 19482
11 17364
2 6807
19 14398
10 77620
2 20018
10 12080
52 85106
35 19982
23 19286
3 16497
18 19491
16 5393
5 16393
4 5121
34 15324
25 11565
11 15338
3 15714
6 78892
6 77981
7 14433
5 8836
11 14965
6 12943
6 9750
2 87642
37 81470
18 14269
4 77951
4 14250
49 81296
8 6920
5 7467
33 84625
116 87622
5 15635
6 11513
28 85089
7 12364
3 9700
12 17807
2 8298
2 2303
4 3245
17 81233
19 15177
9 18304
8 9087
18 19107
1 16624
5 10583
29 84350
8 14830
23 80867
3 18852
13 16685
2 18032
16 14545
5 12106
13 12606
14 17810
6 4901
6 79208
3 5296
5 79359
25 83652
12 16435
6 14277
4 85101
6 13318
5 15880
20 16912
5 9612
1 8357
47 82319
4 4237
36 12088
11 19708
10 13070
13 11421
22 18462
23 85714
33 14118
49 76446
28 17128
3 84889
16 78892
51 84298
3 9539
22 17580
4 19146
1 2966
8 14611
4 17955
108 87925
11 11152
18 19910
2 7229
4 14639
7 78957
8 11922
4 2428
11 19426
34 79014
36 17833
11 15984
6 4262
38 81115
6 19962
27 87171
19 76127
17 83388
26 6345
19 11193
11 75735
8 5903
9 87914
8 9864
22 10767
6 10553
23 18834
7 18585
25 75287
19 16311
54 87793
4 19805
9 17695
9 10732
3 2211
101 87958
5 3909
3 83465
45 19690
18 13006
12 6906
82 18338
11 8292
5 6387
35 19258
4 17701
17 87054
4 15374
17 5771
31 20193
4 11431
2 18306
8 17811
56 82851
8 16758
22 18027
13 78785
6 5762
3 7937
30 75796
10 18287
21 19984
16 16125
7 4146
20 19990
2 18471
97 84167
5 6374
54 85781
64 80900
40 12498
23 75740
56 76208
4 7161
37 12508
3 2216
8 15295
48 14620
3 2580
6 83234
26 75733
2 11637
12 15113
12 17275
44 86496
26 19651
8 4107
2 6436
3 6376
12 16216
5 17254
121 81087
3 15544
53 78865
15 18521
4 3109
9 14273
12 14468
26 13708
4 11050
12 19136
7 14974
7 83581
103 87783
8 8934
15 79789
3 16555
2 17650
18 5367
147 87881
9 16969
9 14271
5 15868
32 87785
9 14359
6 11234
129 87842
68 81433
15 78209
5 10421
2 75939
5 15122
9 20130
67 76306
7 19856
62 19437
4 13497
12 85568
5 12194
43 17666
9 14405
13 11181
7 17886
2 85102
18 86493
3 5151
2 3574
3 5121
23 86232
45 75420
12 5783
5 10088
10 6237
24 11424
2 14532
14 9238
74 87105
80 86965
72 81487
6 18134
51 77367
2 19831
4 2445
2 19046
20 80978
4 7352
31 17855
4 16884
7 13259
2 81891
3 6503
154 87784
4 79090
2 3371
2 12409
29 87814
1 9167
1 5099
19 11174
4 5561
2 19133
20 8221
2 12783
105 87835
28 18155
1 17316
24 15948
32 17354
2 8494
7 16179
16 17850
8 2241
8 8524
15 5960
1 17866
7 13033
7 17847
1 12015
4 18038
9 9104
2 18874
2 17070
16 17077
3 14133
24 81452
2 2879
6 6118
15 19133
5 19326
27 78837
10 6812
10 17415
2 14102
12 6122
2 14440
19 9423
10 10333
3 12998
3 14189
3 13446
3 17825
1 14685
2 3811
4 4457
6 9059
4 87836
8 82422
2 2459
4 6965
17 17857
7 4235
13 14451
2 4627
234 87683
4 80896
41 18854
3 3614
16 80952
16 81190
6 14094
2 78690
8 4149
13 9256
28 81132
4 13080
47 87816
6 5747
19 19249
18 15370
71 84123
8 14830
2 14659
3 16610
21 17664
2 15734
3 9034
4 87023
17 20017
2 18371
24 14823
15 17654
1 6846
25 19088
5 18681
88 82747
4 2306
12 8387
2 5929
23 78218
39 75222
51 82314
57 84606
95 85831
2 7694
5 14666
19 16275
1 3070
6 11257
41 80935
5 19966
13 8318
13 10179
9 13776
19 18821
113 87223
8 3354
15 80149
8 15177
41 78909
12 14651
1 2104
3 9405
19 85077
28 16600
1 6100
7 14047
9 19266
10 9605
11 76427
7 77523
67 85834
5 12276
7 5093
64 83737
2 76613
6 85634
10 4315
11 2746
66 14371
20 18297
35 17837
27 9641
5 14907
7 5720
13 20213
5 11337
51 84824
14 87702
16 13548
3 12983
15 18367
13 19210
5 5329
12 87034
2 18213
7 19448
31 78695
20 77480
2 4932
2 6502
6 18013
13 14377
6 87798
48 87709
49 85177
12 10600
5 14718
26 84204
24 13428
26 12138
1 84833
18 87027
30 15182
30 75480
14 4155
13 14048
28 14811
5 19221
5 15344
19 9089
8 5227
11 19317
8 3381
20 16540
9 15934
2 4029
10 19962
3 79387
3 17872
4 10549
7 18476
7 19934
11 84311
38 15889
6 15173
33 83571
4 9454
2 5040
1 2349
7 14088
6 15858
17 75361
28 15008
4 11426
2 4324
3 8997
2 6109
29 18792
26 19276
5 9134
25 17356
14 86969
1 11837
9 17876
33 85761
43 19806
13 16745
31 17840
5 82251
46 81474
1 11988
21 10064
11 18038
5 17028
1 4402
56 83028
4 13593
8 9063
23 81574
10 19834
15 16580
28 18140
12 17858
1 12777
45 19927
4 13668
25 14831
7 75437
13 81131
11 7243
18 17026
2 14096
26 14048
68 87826
4 5020
2 15452
6 8791
7 19642
2 3969
16 16490
1 9208
5 7493
16 19791
59 82785
49 85311
3 20010
19 85645
1 5634
1 86589
6 18141
20 87783
26 78612
20 80857
2 8268
18 86230
4 6852
6 12125
4 82709
11 86131
31 19820
7 19134
19 15965
3 5928
3 12378
50 87770
9 86638
29 83553
5 3368
16 15906
2 2640
6 5097
39 16905
4 82847
6 13011
11 4510
5 10933
18 13635
6 14495
11 20017
10 17801
5 13279
4 15409
3 11049
1 4716
2 2241
1 17820
11 15200
14 9754
7 5036
2 7145
1 4151
22 15102
5 14456
40 84652
7 82556
18 12483
19 14881
6 10241
23 18343
8 14824
31 87748
29 78621
36 81668
1 14365
2 80302
12 15862
2 13422
72 87732
21 79659
4 8055
29 20194
27 75832
77 84618
4 84328
6 5599
19 19204
7 88267
5 14998
9 18359
9 16799
16 19144
7 4576
10 20177
1 80482
14 80884
5 4771
62 87063
2 9324
6 84484
6 14666
8 79900
19 10220
2 11162
31 76278
16 86121
21 15724
26 14788
23 87667
4 9243
4 12983
44 81507
5 13552
175 82698
60 19924
41 18686
7 15187
6 2757
1 2393
17 15884
6 78578
16 79810
22 17338
16 81591
5 82557
20 76564
7 14342
6 10669
28 81181
1 4725
17 75805
5 11378
2 4995
6 76408
33 13773
7 15364
10 9983
28 18353
13 6125
36 88245
9 20027
4 4757
6 15889
18 13630
2 7676
11 14094
3 77393
15 85416
12 9190
9 17108
35 76538
30 75799
27 82294
96 87848
12 83888
8 12942
88 84649
4 8316
13 14628
9 19936
11 87829
12 3144
5 8225
20 20081
12 80979
32 80871
29 87801
15 19980
2 12768
3 8514
12 77402
1 9208
36 82533
2 3463
2 14531
14 82425
28 87152
34 87947
27 19974
88 81733
12 7250
28 15922
5 14459
2 4099
8 4712
7 19497
1 18432
3 5749
5 8720
3 18569
22 19452
16 86235
20 11945
3 8466
8 13778
38 77671
9 85519
6 13108
5 87853
8 8943
6 17667
6 15232
1 2495
2 81620
2 13874
1 20049
27 14823
4 14950
40 76370
2 19275
11 76237
12 16260
6 81121
11 12477
1 3002
17 14130
2 18074
11 15163
15 87867
1 4032
4 7998
6 12771
12 8032
2 17887
235 87927
1 18633
4 14046
27 19977
14 17900
4 15114
3 13723
15 19935
13 19849
3 19635
2 9208
12 16542
4 79839
17 88302
43 84291
12 87727
17 18261
6 19978
93 75438
64 87713
4 14819
1 16140
5 2988
1 2197
25 86011
6 76319
39 87811
6 12115
9 14649
12 17057
6 81472
18 17452
3 15155
14 9904
14 86256
1 12133
12 84142
4 81075
25 19303
3 8962
5 11599
8 12254
5 19215
45 14904
5 6342
1 4011
16 17804
9 10761
1 19068
38 85640
5 19133
50 84822
5 6743
8 16710
87 81826
11 15214
8 80551
6 15892
8 15886
18 11662
80 84601
5 14100
3 12288
6 6808
7 3752
8 14658
1 8794
15 14953
11 16582
17 9089
4 19825
7 13981
2 10240
1 8749
11 82881
12 19222
26 12766
16 11538
6 75642
38 16640
5 14151
45 87801
27 85025
46 80919
7 15942
5 5637
12 79271
1 13877
1 10800
4 11302
38 87675
40 18128
7 83394
8 9096
105 75758
4 9960
68 87465
6 82355
36 17850
23 87795
1 76304
2 14524
2 87995
2 6476
7 17097
36 82864
6 77942
8 16090
4 75509
91 87637
29 79233
3 14861
7 87884
1 14862
3 17914
17 80534
12 7187
17 82542
24 81886
6 14391
4 11976
19 12353
2 85919
3 2299
2 10495
9 7527
10 75747
3 18400
30 87793
23 80845
3 13711
42 12104
5 18903
2 18401
31 87138
10 17025
4 20086
5 8939
8 10230
2 79039
6 11161
7 19811
22 5787
5 8132
42 87799
16 19673
38 18167
30 86901
13 13106
3 14390
5 5081
6 14945
5 3673
3 6123
28 16877
2 11051
8 4043
15 80964
6 12918
11 9771
39 81201
21 15153
4 4147
10 19825
8 13210
12 8423
4 8040
17 20117
8 17712
13 12998
30 79877
29 17644
44 80837
26 87198
14 9744
18 19939
5 14362
2 5371
8 18066
17 78549
2 76579
3 17034
7 14474
1 12117
10 19505
15 8040
27 75839
2 14257
3 79886
3 4834
25 18874
7 15194
34 82876
15 85100
15 12607
39 78552
26 19489
48 75371
18 75889
3 15372
6 6331
25 85851
8 5874
23 8322
69 87763
3 14153
8 2040
7 17389
2 6283
9 7256
6 20115
4 13875
4 15893
21 85798
3 12454
5 16017
7 12777
21 7816
16 75594
40 81219
11 7499
23 16859
2 8624
11 18468
16 4652
4 18477
13 82425
14 80919
2 15621
1 6125
5 18828
4 3057
15 13706
8 78617
9 10239
14 8594
3 19158
3 5078
4 12346
74 87758
16 7412
70 18776
111 75717
3 2727
8 18077
10 8587
5 2470
13 9884
6 18841
16 11836
14 86222
7 17666
90 87826
104 87156
1 12914
33 85389
18 14130
8 12346
11 87827
4 13017
2 12121
15 14089
130 87583
4 2782
22 19813
5 16255
26 14024
8 85932
5 16101
2 15199
14 17052
2 10988
45 76560
80 80884
5 87836
95 84378
6 11260
1 9695
16 19476
9 17834
24 20138
3 2903
8 86230
48 80858
3 4014
6 10720
9 82346
6 7106
8 83840
4 16281
71 81558
6 7087
23 81555
28 19270
3 5777
15 15640
11 85696
3 8608
6 9930
6 19153
7 13798
6 14243
14 19837
3 7689
167 87833
78 82755
21 8230
109 82851
22 82487
1 9541
6 15979
9 10901
6 13983
23 12086
6 10734
28 15145
2 11674
12 19854
13 76803
125 87829
49 19957
10 82276
2 9935
5 5963
7 19829
23 19940
32 81735
56 81143
10 6697
1 3159
5 16766
31 17812
14 14151
11 15946
31 81752
10 8461
15 84710
11 6511
24 78991
1 5722
12 11070
1 3407
14 18407
2 3618
93 18247
1 12263
38 16280
16 82268
8 2576
80 80547
47 19913
22 18349
40 79919
2 84618
3 15312
20 9912
26 19752
3 19956
3 4421
24 78945
41 80863
6 8719
21 18685
167 85106
2 2643
2 80873
11 81421
33 85086
119 86854
4 5780
10 17863
20 12047
34 82064
1 15451
47 9209
7 7495
15 17348
6 8299
14 15981
6 10907
3 17300
2 6502
33 19804
40 80347
4 12476
8 86863
8 77326
72 88104
2 18712
17 83672
2 13783
8 2959
7 87746
17 19136
8 16354
27 83332
7 13022
14 19982
7 18160
112 86539
7 15976
9 7361
6 83196
6 19747
47 86607
62 82500
2 14217
6 3187
3 9916
13 14222
2 2596
9 16325
40 83228
13 11521
3 80616
10 6116
59 81367
47 85817
5 18855
1 7472
8 6101
35 18369
3 20016
10 76537
4 6095
30 17014
9 80975
4 6913
2 10077
33 19916
6 14811
9 4831
16 84074
11 11943
1 18366
30 18796
3 4887
5 4574
48 80916
37 80896
20 84814
20 19936
3 18687
2 84250
13 82177
10 6695
119 81645
4 4419
3 14163
2 11238
2 14449
11 19934
3 18691
12 18339
10 16961
12 9097
16 75235
2 8741
44 86027
7 12130
7 81587
2 17845
3 6015
6 79012
64 83863
13 8755
2 16281
24 17222
14 19303
15 13555
11 81399
2 7109
2 19977
15 15878
3 10777
4 17883
3 11683
12 78756
3 10825
23 18643
41 87736
32 79009
2 7194
1 3816
29 87831
2 9584
19 15935
41 81070
68 84573
157 85093
8 14259
4 5096
6 2933
2 4259
35 87786
6 18965
79 81397
3 2289
8 84671
2 13439
8 8290
7 85171
2 14450
4 8677
12 9084
37 19123
4 4147
8 86007
4 16807
24 18627
3 76317
64 88129
131 81380
35 7122
11 2633
14 16495
2 15191
5 19468
3 16939
11 19661
25 87201
85 87778
2 11645
30 17812
4 17686
5 83582
4 10227
9 11914
13 10169
7 9912
15 6808
13 14594
5 75353
8 11631
5 18415
48 87892
7 85208
15 6500
6 19844
5 6769
46 87747
26 87771
63 87720
29 20009
5 2782
10 19996
6 5107
13 12951
9 5768
9 75694
8 87828
3 15319
4 14712
5 17819
29 15299
10 75744
3 5810
20 19527
2 15133
16 15170
4 3615
10 84222
3 8625
8 2777
5 87971
13 76211
36 81098
14 87690
11 75733
5 19687
20 84285
27 86027
7 9748
31 86997
68 88239
15 16016
12 83097
12 9687
11 12770
4 14346
3 8514
2 12460
15 18471
15 7764
6 87791
14 78819
9 15717
8 5051
21 18463
6 5147
73 88046
33 14056
27 77371
26 87957
22 20179
44 82489
83 87728
5 13016
7 8918
18 87208
8 79726
15 81102
38 13566
96 84245
3 16156
7 16112
5 13555
43 78856
44 19802
9 12910
6 19968
49 77491
3 2847
3 17039
19 87764
2 14275
6 18772
6 19478
5 17400
3 9368
2 2577
11 80979
6 12909
3 3087
2 77222
5 19793
5 12938
1 76281
5 2722
20 18120
28 16604
13 75817
8 6270
17 17877
4 79563
8 6787
2 19490
3 78636
20 16567
15 19129
8 75819
35 20130
42 81701
4 82707
126 85306
10 5494
1 4259
26 19825
71 88182
1 3425
1 2758
4 17703
94 81648
8 18760
14 18873
11 10820
1 13021
4 7183
60 80963
2 14099
1 2212
4 8240
11 17394
35 77686
6 13978
9 6346
17 7100
10 12093
6 19275
20 6590
8 85111
12 10915
1 17687
9 75350
9 17455
91 80949
51 77970
24 17946
38 81054
9 9213
16 17836
10 9198
17 19823
4 4046
1 79169
4 13554
8 5463
10 18273
15 83350
8 7061
9 17875
4 87092
11 18358
1 14280
18 80945
6 17944
3 3814
19 19989
3 84308
11 19454
13 9812
30 81468
42 78684
4 11335
13 4165
19 84218
54 76575
8 16280
14 17392
1 5758
10 14645
1 13865
7 17859
1 19853
94 87792
1 8084
19 7111
2 6801
42 88242
16 19286
9 15998
3 5064
7 15565
11 13011
7 9918
4 9891
5 5557
2 11228
2 6811
7 85217
2 9913
57 75823
18 7917
30 78222
5 13012
14 13855
12 15297
25 18967
15 6279
31 14942
5 14768
6 7215
45 86293
10 76931
4 79807
7 10735
12 76142
27 18083
2 18259
24 87799
9 11553
13 87245
5 12452
1 3205
4 14283
6 15172
4 4804
11 11576
3 79187
7 4079
3 9432
9 19283
76 85091
3 87881
12 9451
44 18363
2 78758
11 5917
1 16313
21 82281
3 18473
4 11258
10 87711
31 88264
12 81835
12 17398
6 75446
16 10073
12 82943
22 17940
11 19462
1 9752
13 75824
19 82099
4 10582
17 87607
5 75266
20 18725
6 4140
6 17669
5 16329
17 76114
41 17396
24 19832
9 86140
6 12099
4 2130
1 14952
3 12152
2 17819
40 19834
11 76983
3 17946
52 82444
2 11048
20 88009
4 16187
2 76634
58 77575
9 83760
6 5056
21 19284
11 19659
1 3965
10 18261
8 17243
47 84213
65 84992
9 85655
4 10421
12 15360
21 19135
20 17241
8 86571
1 18527
40 86037
15 19996
10 17704
5 4829
18 15956
15 4259
12 3285
24 9753
11 4639
15 17245
25 17043
4 18904
45 83073
5 15684
4 12190
5 13000
32 82828
23 5082
165 88139
22 12898
1 12111
3 17040
12 6911
10 82460
11 80900
3 5802
7 86938
2 4015
12 7273
21 87588
36 88184
1 9238
70 87853
8 19527
9 7836
2 11925
1 18084
14 15400
16 11446
22 20004
65 75691
10 18339
8 83108
4 12344
1 2772
7 13235
12 11990
2 5231
53 14227
107 87046
4 15258
3 13976
11 19451
4 9513
1 3838
5 13481
13 20000
29 81732
14 18081
82 78626
4 2152
20 19603
35 17836
8 86978
13 17701
36 16754
46 85210
7 12470
3 8976
8 15358
6 87745
13 17867
56 19944
4 13203
2 81809
10 12277
32 14664
3 7525
1 13984
4 7219
46 13014
7 18772
4 15202
25 17550
19 19462
3 6913
3 10580
19 79876
12 86214
11 15252
3 10801
2 18804
3 20036
3 14832
4 3060
3 14897
4 10586
1 15620
13 13547
12 15613
22 84314
36 81427
14 16976
3 6368
4 82437
4 9237
18 82509
4 13017
3 87809
10 10849
11 2301
23 18843
9 17038
36 79792
7 12945
14 82468
9 17533
16 14074
18 78030
8 18365
3 5355
8 16258
69 79004
25 5100
2 9089
5 11244
40 87748
9 10230
22 84651
5 15176
15 84295
17 20005
2 14887
2 13100
9 11577
3 9205
5 4961
17 15250
121 75213
37 17816
3 85718
26 10209
15 7820
9 84217
33 75849
7 16275
94 78895
12 19127
7 8241
3 10846
8 17349
2 14409
8 18146
15 6185
6 18401
20 17073
5 16496
42 75273
12 13726
2 4429
2 7938
11 19730
3 83678
15 75497
9 12186
1 4580
11 16967
46 17385
7 15311
5 17805
15 81826
9 15855
7 16605
9 8519
12 7137
7 87771
5 12556
9 13054
27 83070
44 85666
57 81094
3 2581
3 18153
9 76595
47 19970
33 18483
22 15485
4 14164
4 85823
6 12256
18 7404
3 77277
2 14092
2 16090
32 13757
4 19827
2 5177
11 5277
8 13010
3 10181
53 84230
5 18275
3 5550
3 85937
22 18698
6 19464
3 14750
52 82022
22 18571
25 18827
2 18953
7 2940
21 19674
9 8626
35 12910
6 88260
3 3035
2 3488
40 83170
36 13416
3 12055
3 81609
57 17860
45 82110
6 19837
19 83754
5 6812
29 82357
9 14619
1 14194
25 17682
4 9737
2 13720
25 14261
3 19090
6 2126
4 4074
24 19458
17 15863
4 5395
24 87885
12 14034
47 19973
18 17833
37 87190
145 86572
4 2250
4 14685
11 17709
1 3773
3 7239
7 78823
4 5908
30 87820
2 18807
4 17950
18 13987
3 19813
6 4259
4 6075
9 15319
1 3927
12 81656
16 6098
5 2780
13 7228
5 14255
4 9890
2 13363
5 7225
2 6209
2 8832
9 80992
14 12092
2 2252
3 14095
23 16259
8 8789
66 80921
3 2288
7 88107
3 2473
5 12120
4 3282
19 81753
9 14642
46 80907
6 16894
16 79555
3 85178
5 15175
20 84873
13 16863
9 19662
11 16957
64 87715
14 9096
8 7582
2 2643
5 10356
2 76885
2 13672
3 81306
7 14486
7 12088
30 78619
5 16172
12 16494
36 81666
5 5715
16 17314
4 14045
4 17030
10 11205
4 19170
73 79340
71 87673
17 87863
6 19864
60 81109
4 19983
4 76725
8 8315
39 75738
16 11498
13 17353
2 11357
1 4964
156 84661
1 4727
180 19991
30 15651
4 2949
19 19741
2 2287
4 7230
14 7367
5 14517
3 7029
7 3099
6 83671
36 16334
10 16692
15 19487
5 15619
2 5149
57 75819
84 85093
17 16270
29 17832
38 87190
61 76594
24 15854
3 78184
8 4265
2 17807
5 14272
8 2753
12 86036
18 17877
24 17658
2 17832
3 19032
3 6877
21 16309
118 82886
5 16279
7 4304
3 16887
8 16233
5 11215
22 75739
90000
