500
126 28232
8 30342
222 16377
242 22226
261 22727
280 845
277 10688
283 20477
316 25181
91 31189
286 2448
55 23633
432 4044
476 34462
391 22973
45 13353
413 18997
366 7113
286 10991
321 20030
321 36455
436 25225
53 37992
386 35362
77 3159
266 27524
144 35350
187 28000
246 37263
130 32995
167 25377
308 36972
252 20950
279 15890
158 11915
355 24414
4 10084
24 19733
14 26639
457 19617
488 27725
195 7090
395 27333
465 15105
499 2920
107 23239
97 1294
131 5415
462 4733
497 13875
361 1100
245 6945
282 13573
285 29622
115 17763
320 30058
120 12935
262 25668
377 29448
411 32340
85 6208
44 20552
244 8601
51 31026
483 30657
98 16426
154 38754
459 10906
13 6719
194 38084
212 32432
437 32265
35 24024
82 32337
487 13669
192 32382
491 5151
44 9045
308 27614
455 2336
26 6988
59 30436
300 29986
435 38682
53 23119
161 38506
386 7103
172 686
458 38815
305 35908
90 26126
464 12093
295 7431
468 32886
164 23528
119 4858
185 23045
153 19931
206 37484
161 9068
115 39735
320 25546
35 36894
389 20078
492 33240
309 36046
185 8513
272 34119
492 5556
497 35576
41 26140
63 4829
78 39643
444 4763
13 4933
125 15715
203 20851
448 29342
338 19663
317 34882
67 18501
310 18973
363 9173
254 5561
17 24065
373 20403
27 2273
485 36340
122 13154
292 31389
170 14872
277 32499
293 19960
309 2943
340 37486
185 35997
116 16657
422 10007
247 34329
495 12349
309 14522
110 18852
83 28822
297 31822
496 11610
31 38526
45 32185
383 3888
277 32796
273 38070
233 5695
166 11224
149 18804
383 25657
54 30710
267 3069
468 33698
58 37880
279 30415
292 22350
381 23424
89 4298
461 6812
33 22682
355 38085
416 25162
401 37148
58 36004
251 6138
392 12760
481 34147
136 2567
225 13467
193 38401
347 36210
489 25193
185 10990
425 8852
305 24778
202 21933
202 22404
34 26821
484 32754
479 22931
142 23212
433 470
127 21231
377 26425
474 2756
340 12253
173 23210
459 6229
105 26846
456 19306
133 14082
396 25802
500 28076
212 34921
231 11077
454 21662
453 12390
338 2039
103 32862
173 26296
314 23099
499 39895
334 31427
456 11702
213 843
347 34583
406 9323
382 17138
387 29673
133 38993
128 13961
169 18627
219 3567
320 19324
279 19511
389 34677
107 1779
477 23927
455 34322
334 1952
30 2367
448 16924
448 18443
419 11873
165 16926
40 32747
312 29515
331 35111
106 28718
202 11461
183 12098
182 23535
86 29690
274 28867
169 10951
296 7036
392 25229
267 31459
52 13024
187 23710
325 28943
399 17529
16 18392
79 7475
77 7121
408 3265
272 36888
409 18493
471 36993
497 11870
468 1930
21 13766
249 2184
123 34543
204 39919
461 10928
155 21711
27 10665
393 38645
361 12160
106 36671
80 22680
207 7508
365 9986
24 34756
266 27870
448 29950
95 5885
222 34543
242 38936
230 30855
322 14041
295 30954
157 10492
156 6375
338 29885
6 37177
157 34310
236 24604
77 12497
373 24854
391 32940
70 15880
99 1061
440 15877
297 24078
324 11648
108 34902
49 9898
428 6588
300 29394
366 23400
359 23778
316 36265
189 24293
141 32642
282 5281
265 31033
355 39482
137 12735
421 36981
123 1472
188 2193
424 33031
74 3792
445 35050
166 2737
173 9757
348 9511
409 35755
189 25976
105 20897
495 14343
215 17929
280 12554
222 18470
456 30931
375 25705
121 35236
361 22051
26 8632
443 4655
355 21779
103 28240
404 10970
252 1660
449 18989
32 29976
187 1071
174 12832
500 6152
93 16722
57 39437
432 17279
230 26571
434 30628
129 5621
183 30451
457 8569
124 14426
306 16803
50 25397
87 13112
381 8034
203 9372
74 12331
416 351
143 12294
252 5484
89 18108
340 27803
8 32461
192 4613
309 32777
108 26366
68 29053
458 831
7 28678
454 39319
441 29192
328 4299
404 33789
84 38377
185 38914
22 30938
136 26840
16 12121
371 38420
361 19620
239 18374
158 36422
96 38742
231 23583
127 2302
193 38713
245 7680
204 14146
383 15208
389 3007
145 13765
266 13081
121 11213
140 16915
341 14786
14 30576
215 18370
98 27882
468 36006
434 25838
135 7270
79 32112
120 2375
452 18211
269 31540
85 12727
151 25740
259 2735
19 8599
224 29820
222 4163
317 29859
141 32504
378 28868
211 17121
331 20138
128 39122
474 27112
132 21901
370 29717
260 6953
336 24722
203 29367
481 9369
203 12977
431 23876
28 32193
245 29251
399 33367
456 23247
253 19882
241 26751
16 33661
307 38066
465 4893
169 11690
179 7614
247 13097
105 11181
205 19226
222 1407
66 26701
178 34133
119 20011
292 29005
225 22270
465 34663
195 15337
150 764
278 29155
326 20432
250 8027
86 13868
332 19887
270 11893
14 13416
346 7792
293 24250
369 17362
114 18420
81 24281
475 36272
267 35364
265 16887
5 20991
336 31302
254 20666
61 38335
174 23733
319 26530
399 1110
132 1867
395 15327
78 31364
279 14951
478 24926
83 31945
189 8819
423 35612
274 29115
195 33153
10 23577
431 7937
295 30835
73 8150
443 33448
465 17751
454 2402
181 25505
408 7957
100 10409
491 17489
139 10142
377 24022
330 13522
162 8005
371 30494
347 744
218 33485
265 13084
255 688
333 15425
462 30451
117 20701
388 13058
426 1619
186 13990
50000
