500
1 1514
2 1468
18 1391
11 310
2 1602
4 1291
3 1358
1 904
7 514
2 360
6 6
4 1137
4 1310
12 1509
1 653
7 1432
8 1406
7 1060
2 744
2 1307
3 1289
4 1450
5 723
6 625
4 1298
2 634
2 1388
15 1122
2 634
1 1091
2 973
1 1399
1 1396
9 1334
1 613
3 652
5 1409
10 1210
5 1291
3 1274
6 985
23 90
3 971
5 1314
20 661
2 965
4 491
19 1267
1 959
2 1135
10 695
5 746
2 1222
1 634
6 1412
1 1532
4 1201
2 916
2 1536
8 364
9 1505
2 1325
4 698
4 827
21 210
2 1544
9 1404
4 1299
19 146
7 1565
19 593
4 1187
3 70
4 1134
4 1311
6 1231
1 1234
2 623
9 1300
10 463
4 1583
2 1166
2 556
2 169
12 1290
2 653
2 1501
23 268
17 293
3 1506
1 912
2 1355
16 1417
2 952
1 1007
4 1461
2 1607
5 1106
1 736
2 868
6 838
3 635
10 1389
5 1463
2 1413
2 1296
4 928
2 1120
3 447
1 707
2 934
2 1082
3 657
7 1024
3 1209
6 808
14 1588
5 681
1 1525
2 1178
8 1084
7 73
2 1544
3 1007
2 1215
5 1170
6 1562
2 1245
5 739
2 1161
5 1189
7 1574
1 817
4 1012
11 1374
4 1546
1 550
4 611
8 1041
8 1498
4 1442
2 624
7 1340
1 1343
8 1004
1 1065
2 758
7 1275
14 16
5 1352
7 1526
10 1364
7 1387
7 742
11 473
2 1207
5 1552
5 1349
3 975
2 1010
3 1031
9 1488
11 1196
2 1238
2 547
3 999
1 1588
2 1457
3 701
4 1256
3 656
21 557
1 1552
5 1432
4 1459
3 1237
2 912
3 1361
3 1508
1 1290
5 1313
14 113
2 1235
5 612
2 1289
4 1351
16 1175
1 951
12 1470
7 130
1 840
3 1454
9 818
4 869
2 1415
4 921
3 1033
3 737
2 1550
8 1057
1 1105
1 1209
1 593
13 328
15 172
8 979
8 1172
7 978
13 932
4 324
3 1316
1 1034
2 621
1 1497
4 1417
13 197
2 987
2 1604
5 794
13 255
1 703
1 833
9 30
5 1560
4 1308
9 1344
3 321
3 1286
2 14
6 880
3 774
1 1420
5 871
5 39
2 551
2 1278
10 752
2 697
3 444
3 874
4 826
2 902
7 1553
5 450
4 618
4 712
3 948
2 1580
8 762
2 725
2 1506
12 774
3 1240
3 690
21 1180
6 1407
2 962
4 1065
2 618
3 608
4 1363
1 689
2 611
10 892
3 945
3 656
2 826
1 1011
3 1063
2 744
4 1446
3 637
2 977
7 787
7 997
10 651
3 707
3 1179
4 701
6 1343
4 1092
8 1353
8 849
9 505
3 1302
5 1345
11 1533
4 834
3 877
6 991
6 1100
1 727
4 1096
1 536
2 1295
6 1486
3 546
4 1521
12 905
2 957
1 1606
2 128
8 1572
3 930
2 1355
1 1233
2 1416
6 921
3 745
7 828
5 1410
1 127
3 1302
2 1171
6 1482
5 844
21 410
3 814
1 859
4 986
5 1016
3 773
2 1437
6 1513
7 1163
6 881
6 457
11 1319
10 1224
6 1168
7 1428
1 1182
7 801
2 1159
4 1196
10 1404
6 1459
9 137
2 882
16 1412
6 818
11 1314
12 1147
5 1412
4 952
2 1309
2 652
10 495
6 1141
9 686
2 442
2 1035
6 1300
2 1306
2 291
3 653
3 917
2 696
7 586
2 12
1 751
6 857
4 1069
1 1081
2 990
3 873
2 1037
18 234
3 621
2 1137
6 1305
1 1516
1 786
1 751
1 701
3 1609
10 187
2 863
8 578
3 1311
3 231
7 631
24 1243
3 1155
7 705
4 872
1 540
1 548
10 80
15 526
3 1049
2 1464
15 724
2 1139
6 1017
7 484
3 1414
7 1327
5 1115
3 865
3 1350
4 1244
2 362
6 1385
3 1313
3 1187
7 1172
5 686
1 1175
4 1247
8 920
4 553
2 1255
5 1191
2 997
2 977
2 831
1 1211
4 1126
2 895
2 651
24 46
11 1504
4 1323
5 560
12 880
1 1326
1 1433
3 382
5 1271
3 252
5 1052
9 541
2 933
2 1512
25 385
2 963
7 655
1 787
2 756
10 372
3 1206
11 1139
1 1314
1 658
5 828
4 1255
4 165
19 341
2 619
2 1039
2 799
10 1283
1 787
4 770
8 1413
1 548
8 716
1 1517
9 956
2 1194
2 1150
4 631
1 171
1 813
11 431
3 1580
2 1291
2 918
1 1587
1 707
1 1410
2 455
2 1348
6 967
5 521
1 871
3 1116
5 999
1 635
7 986
2 1220
3 1021
4 617
1 1353
17 1405
3 786
2 1305
2 44
4 1459
5 1318
13 638
2 1175
9 1433
2 1579
7 870
2 1027
4 1111
8 1073
3 1408
2500
