2000
8 4287
4 4985
5 5061
3 5387
6 5455
1 2195
4 3776
1 5469
2 4409
1 5497
2 4763
9 4245
9 5523
3 3511
2 5543
4 5009
8 5549
1 2308
20 5561
17 2459
5 5546
4 4398
4 4120
2 5086
8 5088
10 5383
2 3826
23 5588
6 5203
1 5103
2 2369
21 5544
3 5515
2 3419
2 5615
5 5165
8 3878
3 4372
2 4638
6 4754
1 3305
2 5048
3 5587
4 3115
7 5516
5 4439
2 4550
1 2974
6 5553
2 3974
18 3154
2 5105
6 5541
5 5486
1 5095
22 1316
5 5601
11 2948
2 2212
12 5478
2 4027
5 5555
3 5031
6 3868
12 3900
7 4284
3 4175
10 5452
4 5043
1 4603
8 5549
3 5056
1 2440
6 2745
29 5388
9 2858
1 3556
2 4667
2 3876
5 5164
4 3964
9 3914
13 4628
5 5482
2 5551
1 2024
1 4653
7 4127
1 3299
2 3912
46 623
4 5535
2 3227
14 5036
11 5594
7 5386
4 4582
7 4382
7 4453
2 4833
2 4263
1 2959
3 1867
2 4658
1 5581
3 2992
3 5608
15 3426
17 5272
9 5450
8 1958
12 5145
4 5559
2 4955
14 5436
2 3900
2 3300
29 142
4 3617
2 2428
2 5524
6 5545
4 2435
2 5486
37 3046
1 5450
1 4175
1 3829
13 5486
5 4492
9 3820
9 2849
2 5517
4 4171
4 5012
13 3010
32 1457
3 5067
21 4773
12 5616
2 3742
5 5041
4 2501
22 5021
8 5457
3 3867
54 1343
1 3448
4 3870
4 5571
2 2335
6 3078
2 2722
13 5283
4 5502
3 5588
2 4335
3 4238
2 2897
5 3805
1 4173
1 2446
3 5040
8 2061
2 3083
19 5201
17 4124
1 2244
5 3506
7 5056
68 3253
3 2941
9 3133
2 5152
3 5620
5 3201
2 5526
1 4545
2 4732
3 4692
14 4141
3 5100
30 4662
1 5058
1 4613
6 4109
1 2995
2 3307
2 3872
4 2605
2 5533
6 5053
5 4657
6 5514
5 5496
3 2292
3 2959
2 4997
2 5526
6 4724
2 4631
4 3399
11 5615
9 5058
15 3923
24 5057
2 5260
4 5497
6 5483
20 2868
3 4830
4 4139
5 5112
5 3248
1 2318
2 4343
2 2033
2 2938
1 5549
2 2164
2 3611
13 4478
2 5373
12 3557
2 2551
3 5532
40 4014
5 4628
7 5091
3 4630
2 3852
4 4019
1 2431
7 4683
4 5554
2 2862
4 4110
5 3076
3 3594
12 3569
1 3277
2 3596
3 5492
2 4690
1 4242
12 2096
9 5616
1 3422
18 5029
7 5592
2 5609
2 3348
5 5287
5 5503
1 3437
3 5520
5 2749
1 3455
2 2757
4 2568
1 2155
3 5252
5 4159
2 2805
1 3820
6 5536
1 2353
3 3841
2 2861
7 1780
9 4862
3 2562
4 5286
1 3186
6 5118
2 3299
2 5557
4 5064
6 5505
2 3617
6 2479
4 4802
4 5125
1 5632
5 5352
1 5456
3 5062
6 5538
10 5071
2 2854
2 2950
1 4360
6 5502
7 1870
4 4823
3 5390
2 3053
2 3463
7 4177
13 4837
7 4538
2 5532
3 3420
2 4458
13 4510
3 5269
4 5184
1 2376
4 4985
4 5515
1 3087
3 5097
5 2900
15 2937
8 5276
4 5339
2 5551
2 5463
37 1032
2 2623
2 3038
3 4670
15 5005
99 43
3 2830
3 3911
3 2569
15 2197
1 5546
2 4364
3 1794
6 5168
1 3573
2 4594
2 2333
1 3696
9 5525
64 1687
5 5542
9 4814
45 3612
2 4610
9 5550
1 2176
15 3442
2 4493
15 4590
1 4327
3 5494
2 2145
9 5335
2 4565
1 2141
3 3843
3 3304
5 4998
1 5134
9 5471
9 2198
5 4569
2 4174
3 2513
2 2617
1 2139
1 5271
5 5383
6 5113
10 5551
1 4756
2 5483
5 4393
1 5603
4 5068
3 2468
4 4192
2 4363
2 4037
46 5101
1 5354
15 3118
2 2350
3 5497
2 5183
2 5117
4 3578
1 5437
22 5563
8 5117
1 5094
1 4746
3 5121
2 4948
5 3078
4 5462
2 5502
2 4193
14 5602
2 4717
4 2143
3 2748
1 5551
4 3447
13 5579
1 3683
6 5540
1 2443
6 5105
2 2721
2 5493
6 1681
4 2944
2 5542
7 4637
4 3793
1 2785
1 4646
8 4661
10 5104
2 3130
18 5050
6 4194
9 5507
6 4216
8 5169
3 2965
7 1787
3 2131
3 5506
3 3895
2 2355
13 5579
1 5054
8 5513
2 3839
11 4994
6 5577
2 5519
5 5574
8 3431
58 235
2 4623
5 5603
11 5233
2 3829
6 2454
4 3079
8 5075
11 5420
2 4397
2 5061
5 4640
49 4709
10 5595
10 3114
9 5502
2 2635
2 2534
6 5069
1 2340
4 5540
2 4435
3 3879
6 5553
2 4631
6 4129
7 4017
2 3087
6 5064
1 3890
27 3851
10 5063
2 5046
7 4633
2 4628
2 4748
2 2447
14 5083
4 5474
2 4572
2 3810
4 4492
2 4990
4 5459
4 5514
3 5436
5 5466
33 848
8 5544
2 2242
1 2981
1 4652
2 5055
4 2759
2 2721
8 5600
2 5045
9 4254
3 4761
8 5519
7 5059
2 5526
4 4496
1 2120
42 4850
1 5519
2 3453
1 2580
3 3856
4 4218
11 5107
12 3142
7 5577
9 5543
9 5487
4 4443
2 4493
18 5501
8 3388
2 4198
15 5001
1 5146
16 5504
4 3116
3 2817
1 4073
2 4459
1 3214
8 5569
3 5398
3 3592
2 2989
5 4615
9 5517
14 5094
6 3138
5 5494
2 2833
6 4396
7 4357
2 4630
2 4730
3 3657
3 2243
4 5599
3 5505
2 4930
2 3578
3 5593
3 5055
4 5452
7 5115
1 4559
3 5597
4 4264
2 3058
3 5363
25 5320
5 3387
1 5545
1 5378
2 2807
6 5285
6 5279
2 4724
13 5553
2 5640
8 4651
3 2757
4 3881
6 5561
21 2212
12 5486
5 3774
2 5384
10 3589
2 4864
2 4354
3 5561
3 3817
5 4165
5 5064
3 3300
3 5504
2 2583
3 1797
2 3279
6 5487
11 4605
3 3324
1 2373
6 3119
4 2947
14 2536
15 5492
61 4295
2 3201
8 4171
1 5556
6 3054
7 5536
18 4492
14 5458
2 4633
8 4455
3 3465
5 4740
2 4065
13 5506
11 4591
8 5476
6 5052
6 3999
8 5267
3 5544
3 5564
1 5381
16 5076
4 5523
2 3235
25 1800
2 2528
8 4930
3 3682
2 5501
2 5521
1 4652
16 5277
1 3976
3 3194
18 5342
3 5617
1 3978
1 5512
19 5373
10 3873
2 5444
5 4180
5 4180
23 4567
25 5290
2 5027
10 5519
1 3045
30 2139
2 5511
32 1069
3 5113
4 4129
2 4269
1 3693
9 5558
1 4171
6 5532
8 5247
6 5459
2 3021
3 5604
6 4581
2 3206
1 5546
7 4007
1 5291
1 2806
4 5606
3 5513
1 2242
3 2970
6 4744
9 5380
3 5525
6 5517
5 4175
7 4580
2 3583
8 2963
2 3963
1 3087
12 5501
1 4110
11 5599
7 4914
29 5206
2 4831
3 3815
8 5376
14 5627
3 4742
4 5384
18 5489
3 4637
5 5371
7 3689
2 4367
2 2815
1 5523
20 2625
6 5173
10 5543
2 2309
2 3886
9 5584
31 5479
7 5558
2 2652
7 2452
30 2289
2 5096
33 2749
11 5084
4 5378
10 3667
4 5082
3 4804
1 2088
3 3264
3 5554
3 5597
2 3804
5 5593
8 5178
7 5433
2 5552
3 5492
6 1774
36 1101
3 2244
19 5545
7 5329
22 1966
3 5110
1 3511
1 3326
4 3507
2 2759
4 4400
3 2971
7 4744
28 896
2 3818
3 2969
1 3072
33 590
3 3609
2 2088
9 5555
6 4316
24 5116
1 5009
3 4754
3 3042
2 2569
2 5066
1 2026
8 5567
5 4596
2 2914
14 5252
4 5575
3 5523
3 4025
11 5098
3 4619
34 5049
2 2587
1 5553
2 3045
5 5483
3 3258
1 4039
15 5574
9 5386
2 4539
1 3376
5 5061
3 4696
1 2498
13 5025
2 4111
2 3687
133 1542
23 5084
5 5551
7 3799
7 5251
1 2089
2 5203
4 4172
1 5379
2 4383
5 5525
1 4662
2 3878
2 3435
4 5334
2 2578
2 3962
34 5075
2 4428
2 5206
22 5180
1 2067
7 4731
9 5080
22 3829
2 3505
4 5580
27 2822
1 4989
7 3769
2 5362
14 341
4 4644
3 5495
4 3691
3 5280
1 5193
3 4174
1 3083
3 5089
2 2209
4 5063
2 5487
4 5376
2 5537
1 3965
6 5392
12 4621
3 3275
2 5148
1 5556
5 5483
20 5525
1 4944
8 5063
2 3618
31 5144
4 5534
5 3867
8 5610
1 5446
18 5572
6 3040
2 5594
1 2145
6 4950
3 2782
4 5491
4 4863
1 5540
11 5084
2 5172
1 5139
1 5224
5 5606
1 4067
10 3895
2 5261
22 4892
3 3267
12 5518
7 3792
3 5583
3 5376
1 2064
3 5021
2 5544
2 5557
1 5588
3 3302
4 5537
2 5283
6 3655
2 5606
1 3845
1 2481
5 2994
1 2622
13 4195
3 4133
3 2728
16 3799
2 3510
3 4265
7 5450
5 5056
8 5249
1 3962
2 3632
10 5105
64 171
2 4401
1 2395
6 5420
3 5569
2 5370
3 5529
18 5533
2 5554
6 3684
3 5379
14 2348
15 5524
1 4194
2 2140
12 2926
4 4987
2 2466
1 2490
2 5486
53 5016
11 5100
3 5343
13 4644
21 2601
6 5539
3 2052
2 4266
2 5525
4 5526
6 4377
15 5516
2 3045
4 2429
5 4745
3 2878
4 4618
3 3507
4 3806
8 1859
9 4396
6 3509
2 5068
7 3956
2 2605
14 5544
1 4004
34 1825
1 4058
1 2079
2 4439
4 4617
3 2335
16 2786
2 2771
12 5553
2 3658
5 4384
2 3254
42 5453
2 2484
10 4670
2 5115
1 4749
3 5502
3 5497
2 5547
25 2576
16 2319
2 2175
7 5499
1 2281
4 5024
11 5061
1 4818
2 2583
1 2916
9 5412
83 924
9 5598
1 5061
28 2169
4 5153
2 4661
1 4625
6 5605
2 2903
10 3457
2 5538
8 4852
1 4732
4 5578
2 5573
2 4367
4 4823
2 2097
17 5597
6 5051
2 3592
3 4650
2 4284
3 2871
1 3994
19 5038
12 5481
2 4284
22 2698
2 4758
7 5597
6 5108
2 4826
20 787
1 3583
1 3059
2 2398
3 5484
1 5548
3 5405
4 5465
1 3084
82 683
8 5539
2 3253
6 5083
9 5549
1 2564
2 2460
30 5081
9 5047
8 3079
3 4028
2 3255
2 2942
6 5550
1 4174
15 4523
2 5517
23 1751
3 2498
5 5169
4 5550
4 5504
235 355
2 3946
8 5583
2 3745
2 5550
1 4758
2 5407
5 5107
17 2435
2 3020
7 4266
2 4951
15 5524
4 2413
6 2709
3 5289
9 3391
3 3811
4 5490
2 3246
2 5507
3 3553
4 5096
4 5065
14 5499
1 3064
4 5565
7 4280
1 3048
17 1007
6 4733
9 5099
1 5494
13 4263
8 5592
1 5059
1 2403
4 4947
2 5372
3 2806
4 5519
1 2550
8 5523
13 3581
5 5166
2 2649
1 5056
15 5168
2 3941
12 3494
1 5583
4 5377
2 5533
6 3713
2 3661
4 5034
7 5019
3 4637
1 3355
60 1397
3 5544
4 3241
3 3806
12 5449
10 5541
2 3057
2 5488
5 4655
3 2425
4 5527
1 3323
3 3807
10 5079
3 2926
2 3686
3 5262
1 5515
6 3653
1 2622
3 2241
1 4945
6 2938
4 5539
7 5166
2 5054
1 3760
7 5334
3 4680
9 5032
2 3316
4 3321
4 5597
4 2994
2 2445
3 2753
7 5517
10 5107
1 4341
4 5170
3 5506
10 5552
16 5522
8 5548
1 4726
16 2553
3 3191
3 3435
10 5619
5 4171
7 5155
9 5589
3 3072
4 5040
7 3803
6 5339
1 2569
2 4595
8 5580
1 4759
5 5488
3 4746
6 4849
20 4545
6 4638
5 5056
7 4582
10 5528
4 5604
4 4620
2 2720
1 3251
1 5500
7 5274
3 5208
2 3010
14 5050
2 5356
5 5489
4 4282
5 5506
5 5534
1 4872
4 5516
5 4750
2 5603
8 5141
7 3055
9 5080
9 4921
1 4400
3 2330
1 4582
16 5444
17 4432
1 3162
13 2422
5 3392
11 3321
1 2456
7 5286
1 2033
4 4276
2 5465
27 2069
2 5456
3 5496
2 4667
2 5025
2 3513
3 3743
3 4247
2 4489
7 3779
3 2266
31 2108
4 5020
8 4164
30 5357
3 4580
4 4155
2 4398
1 3526
2 2269
6 2243
7 5542
7 5593
10 5171
12 5367
2 3487
1 5073
18 5090
4 5552
3 4964
38 2888
5 4585
1 4409
7 3722
2 4640
6 5575
2 5167
1 4498
14 2720
2 2959
12 3677
4 5056
4 3740
6 5524
3 2341
1 2314
4 2396
9 5548
1 3086
1 3815
3 5257
3 4660
1 3074
3 3444
4 4155
2 3807
4 3593
10 5541
10 5516
2 3048
34 5604
2 2840
2 5557
23 4097
2 4595
4 5555
2 3447
10 5357
10 4845
2 2949
9 5488
56 2233
3 5522
3 5548
6 5279
9 4582
17 5508
4 5583
3 4407
11 5265
3 4774
2 5209
5 3510
3 3684
1 5338
2 5550
2 5052
5 4580
2 2561
3 3829
3 4582
4 3986
12 5595
2 5527
14 5526
6 5372
10 1489
4 5385
2 4893
27 3467
4 4794
1 5410
3 3772
2 5547
10 5521
1 3158
3 2616
4 2804
1 2563
5 5393
1 3556
2 3075
12 5487
1 2438
6 5282
2 3576
2 2485
17 5481
2 5549
2 5103
18 5381
2 4362
2 2023
20 4054
9 4489
4 5597
2 3876
3 5552
3 3960
1 3265
10 3236
5 2721
2 2162
2 4579
4 3849
4 2355
3 5502
3 4445
5 5596
2 5033
4 4397
2 4977
5 3895
41 807
10 3727
3 4982
6 5466
4 4629
3 3029
1 2609
2 2316
2 3759
1 4634
9 5055
5 4965
8 5044
1 2623
11 5511
1 5286
3 3356
8 5586
7 4702
4 4172
2 3487
7 5147
5 3986
14 5274
1 5507
2 2122
3 3581
8 5382
1 4379
2 5504
5 5188
7 5056
14 2802
2 4401
2 4749
10 5013
3 5531
5 3695
12 5540
51 2959
5 2440
8 5467
4 3264
2 3491
12 4641
4 2572
2 5113
2 3745
1 4445
2 3142
1 2244
3 5030
8 5092
3 2645
4 4110
11 5313
4 5545
3 5549
3 3345
3 4440
5 5280
1 3015
57 1137
9 5458
3 5523
4 3709
9 3737
8 5594
2 5055
7 5493
4 3825
4 4396
7 5512
6 4165
27 5206
3 4462
2 4386
3 5601
6 5549
5 5540
2 5507
1 3934
5 1338
9 4328
1 5610
2 2635
4 3509
5 4947
1 2023
5 4740
7 3660
2 3893
2 3937
15 881
4 5432
3 3324
2 5108
6 5627
2 5475
2 2712
2 4828
2 5525
4 5021
5 3254
6 2292
3 5549
5 3590
2 2724
8 5594
122 1194
10 4692
5 2633
5 4619
6 4943
1 2336
27 3209
6 5141
2 2087
1 2862
2 4111
12 5443
2 5455
8 5620
1 5053
37 4208
1 3972
8 5579
3 5342
2 4383
15 1499
2 5454
20 4794
4 3886
5 4255
7 5008
1 5511
1 2164
8 5553
2 2461
3 5035
1 4214
3 5000
5 5524
7 5504
14 2393
6 3867
9 5057
2 2413
9 5425
9 5542
2 3374
6 4091
8 5557
10 4626
3 5537
1 2662
3 5532
1 4792
4 3687
3 5529
5 5589
8 5535
4 5052
7 5622
10 5447
2 3891
1 5498
3 5539
3 3089
4 5610
4 5086
4 5061
2 3725
1 2943
3 5516
9 778
12 5237
1 5520
2 4256
15 2672
3 2934
26 4618
1 5055
5 4973
3 3083
4 5530
1 4494
4 5058
9 5445
1 2539
16 5530
7 5288
3 3938
4 3686
9 3256
2 5553
5 5124
2 5115
23 4938
27 2645
3 3058
1 2645
2 3056
2 4182
3 3960
25 3176
3 4019
5 5088
2 3836
1 5562
14 669
2 2805
8 5563
2 2069
1 4746
2 2033
1 4172
2 3032
18 5394
2 5582
1 2051
4 2241
4 4286
1 3359
2 3249
2 2877
12 4957
9 5609
3 5106
5 3089
19 4176
4 5579
6 3494
2 5525
1 5539
2 5253
3 3653
8 3619
2 2122
6 5568
1 5598
11 5545
8 5526
2 4109
2 5101
2 5474
7 4449
7 4335
3 3486
4 5250
12 5113
5 5499
26 5537
2 5126
2 5125
3 4637
7 5058
4 3887
3 4621
1 3309
1 5149
4 4286
13 5578
2 5009
4 5253
10 5593
1 4512
1 3325
4 4066
1 2378
2 2282
10 5217
3 2207
3 5103
3 3896
9 4675
4 5513
2 3848
4 4445
2 3827
35 5120
2 2997
2 4451
2 5264
13 3696
5 5585
33 3746
1 5509
6 4087
2 5229
3 3359
5 3073
1 5094
2 3109
1 2958
1 5063
5 5550
17 4074
1 4609
14 5098
1 3763
11 2687
4 3355
6 3806
4 3077
6 3189
13 3943
6 2816
2 4184
10 5054
6 5065
1 5054
4 3074
6 5105
2 5104
36 2016
4 3305
1 3010
7 5552
5 5187
3 3745
2 5123
1 3086
5 5024
4 5046
2 3618
27 5255
1 5166
2 2703
1 4491
3 4688
5 4996
3 2692
1 2304
13 5464
3 5608
2 4686
58 2476
11 5514
30 5057
3 2969
1 5548
4 5560
1 2361
1 2068
4 5346
1 5053
3 3827
1 5499
4 5129
5 5596
4 3935
6 4951
2 4616
2 3325
2 3660
6 3719
11 4467
8 5460
2 3435
9 5201
12 4402
12 5590
3 3079
4 2635
1 5106
2 2622
28 1514
2 5545
8 4637
3 5530
12 5528
1 2901
5 2965
4 5108
10 5509
2 5549
6 3812
1 3116
2 5111
1 5281
2 2446
6 5451
2 3508
11 4654
10 5281
5 5263
11 4456
5 5109
1 5530
34 1877
2 2210
3 2804
2 5062
1 2606
14 5371
2 5613
4 5579
8 5355
11 5362
4 4633
1 3306
8 5510
2 4221
2 3692
1 2003
3 4640
2 5509
4 4630
3 4024
3 3656
1 2370
5 3806
3 5561
7 4991
15 5040
2 3149
7 5466
7 5598
25 5478
6 3786
3 5369
1 5584
2 4622
4 5109
4 4230
5 4405
2 4992
2 5586
5 5120
2 5059
8 3201
2 3659
2 5582
9 5192
4 5391
4 5095
6 1675
4 5048
6 3001
6 4215
6 5309
6 5560
9 2052
2 3975
2 5110
3 5500
3 5459
3 5503
15 3594
3 5112
2 2325
3 4673
16 3332
4 5277
1 4175
1 2867
15 3023
1 2484
1 3583
3 5024
5 3169
39 3514
4 5492
5 4314
12 5427
3 5564
2 3899
4 5577
2 2156
1 3258
4 5523
4 5518
1 2243
6 5491
15 2407
3 3826
3 3074
14 4753
3 2584
7 4827
3 2722
4 4167
10 2338
1 3318
40 4356
2 3702
2 4993
1 4952
1 2034
5 5475
1 3433
3 5461
2 5069
6 5516
4 5054
1 2439
2 5506
6 5482
3 3058
6 2362
1 4111
5 2654
30 5003
28 1988
4 3830
3 4640
3 5063
5 5536
13 4760
1 3512
2 4584
10 5522
1 4749
5 5522
2 5492
3 4619
3 2032
4 3172
48 293
2 2394
2 3033
6 5069
4 4400
1 2189
4 3436
6 5557
3 3056
1 3838
9 5164
2 4753
1 5253
2 5133
26 3348
2 5022
5 5128
13 5351
6 5546
47 1911
13 5543
4 5278
2 3117
2 5559
4 4099
6 4738
1 2081
3 5115
3 2943
3 2972
2 3343
2 2857
1 2446
8 5485
2 4757
2 2033
6 5484
5 5548
3 5061
6 1026
1 2501
26 3092
11 5477
2 5077
1 5360
7 5505
2 4230
6 5392
3 4057
2 5504
2 2130
8 5546
4 5550
13 5527
1 3355
2 1024
3 4595
8 4947
4 3283
3 5539
17 5522
35 4961
1 4753
1 3123
12 5094
4 2917
4 3965
10 5443
1 5506
3 5595
2 3243
3 4625
3 2444
7 5544
13 765
39 3403
4 5246
2 5067
5 2958
3 4702
1 5112
3 3395
2 2284
4 2465
2 3133
1 5557
5 4458
1 5544
3 4445
1 3280
1 2598
9 4775
5 5324
5 3433
1 2240
2 3320
4 5490
10 5469
2 5562
3 5585
11 5461
9 5520
5 5549
5 5508
2 3836
6 5602
9 5379
6 2995
2 2290
1 5385
4 5258
15 5580
17 5099
1 3385
2 2822
2 2442
5 5209
3 3565
3 3582
25 2368
2 5585
41 3966
18 4414
3 5589
15 5253
3 3753
2 4515
1 3707
17 5092
2 3509
5 5465
3 2075
2 4954
6 5562
11 5053
3 4834
5 3322
15 2734
1 3681
4 5064
1 2079
3 5274
22 3377
5 5593
13150
