500
24 6716
17 13997
18 10156
20 18835
15 30124
34 30588
52 13760
121 21133
53 14008
4 30588
24 6207
16 8009
111 29720
26 20865
3 14807
17 8015
66 6653
24 23237
111 3460
53 20553
144 30191
56 27317
100 24421
24 3439
40 2699
230 3624
33 30160
23 24518
21 20817
79 7249
132 13156
6 28301
24 12323
19 5776
8 22460
80 30477
5 15154
50 942
13 23487
60 14878
34 30098
200 11774
37 27850
188 19984
38 11411
68 2493
117 10034
31 30318
71 3053
142 15230
36 26848
40 11077
123 16426
87 23793
211 24208
23 12851
297 22766
109 15022
252 20885
79 17994
39 7157
89 2269
28 11746
40 6387
27 27441
131 30349
111 25807
35 2407
8 30092
51 7312
151 23341
32 4102
166 10911
156 14652
29 30133
5 4851
436 25000
165 11093
103 29976
14 7356
101 18983
34 11617
158 10172
75 24822
122 13282
37 30615
68 19145
124 12915
35 13135
86 28916
60 8295
66 20493
21 27305
8 7024
170 17423
48 7884
273 5215
10 6070
26 5257
6 18358
41 15156
4 6064
301 8404
2 26007
9 7349
363 15832
214 22547
25 13798
66 26922
8 26074
158 2851
34 7951
73 10325
27 3566
3 6810
90 7161
151 4412
68 16993
26 11373
68 10749
4 7323
157 19657
65 11684
53 4618
1 29168
21 4680
45 5616
67 13461
14 22470
43 17882
2 18655
161 12620
189 27053
40 11646
135 19822
15 7984
52 9859
37 11965
140 6223
8 29467
32 14806
9 8013
47 2347
85 23258
76 6735
104 25899
14 13631
24 17222
42 18944
6 28848
84 6123
63 28330
2 10748
30 21259
52 15118
58 28525
49 14059
16 9858
70 18686
71 12786
254 19319
42 29475
32 8700
12 23654
14 27841
187 3270
92 2763
25 29514
49 13816
107 22093
88 10453
86 23985
18 22347
115 16811
20 30577
14 26599
29 26816
10 8728
100 7553
107 14545
11 28398
10 6890
45 11252
36 6422
31 17302
29 17966
7 9795
41 14330
188 20605
61 17243
69 28852
4 14370
48 29001
120 12223
5 10141
20 11655
34 6178
8 11650
144 7650
72 6057
22 13165
33 2377
8 29663
37 25770
48 3012
95 26531
124 24884
29 9009
73 26982
7 22479
54 29115
7 4641
7 29178
164 5903
14 25998
10 12337
141 11449
273 28580
96 28206
344 21527
12 4671
6 2409
47 17587
26 3122
29 21936
16 20773
49 17931
338 25433
30 938
76 14261
80 18756
229 11995
21 10469
27 19123
82 17140
46 23204
7 6202
102 28386
60 13085
11 14372
2 17328
48 26807
9 14259
294 4115
6 28209
10 5613
60 23863
53 26872
203 27873
101 8834
201 9027
15 29114
39 28299
298 18363
5 23093
66 18884
38 8039
28 26051
317 27459
9 8001
2 29538
14 14270
19 21076
52 2464
77 30527
39 13594
157 26061
35 20162
41 8731
15 29169
45 12870
3 23179
42 24598
11 17924
69 15445
162 12340
26 9221
19 4679
55 18304
152 23502
44 24868
21 23773
46 23161
38 18266
51 3173
32 11382
39 19081
114 29537
57 9246
63 22492
69 7006
55 4699
141 13860
34 15191
13 19813
5 14847
62 24537
18 10538
196 8076
77 5486
64 8353
81 1811
23 6385
7 26588
90 17051
16 5559
73 27369
25 6066
53 29382
59 24762
24 5834
38 2735
14 21444
169 16587
20 26633
5 24540
175 10578
78 26734
6 17244
38 19955
187 7370
146 29831
96 15751
89 26646
55 5795
41 8013
105 3974
48 14836
44 21404
66 13517
65 6826
7 26631
13 15223
7 7997
27 1890
118 29183
158 2124
98 4557
9 16248
12 21522
68 16188
60 4753
22 26510
91 6943
105 10812
109 11279
94 25224
3 5848
88 23096
5 12489
47 9599
74 2628
129 3847
104 9906
100 17682
16 19117
91 19569
53 17630
63 2656
12 14936
63 2560
79 27228
23 13580
4 3009
51 14089
160 15513
146 21956
60 20442
27 26496
178 4851
41 4812
60 13029
60 29665
72 10383
11 24411
48 14138
41 11580
5 11283
33 29635
50 5845
18 10140
14 30127
30 938
65 23922
194 5024
204 6457
3 7953
59 16753
40 17325
63 6894
37 18657
39 28661
30 28527
77 17386
48 20820
60 28922
10 2619
8 17875
172 20270
94 8924
48 29431
36 26048
28 8267
6 22478
99 20940
109 19212
17 26009
24 4396
32 23484
168 14382
113 24712
132 13642
82 18499
58 3218
71 16923
25 6806
41 14331
43 9565
13 26006
39 3145
297 26214
33 24177
2 9799
169 12463
46 10005
115 22364
8 30592
61 17365
125 24056
265 9301
15 14836
5 30345
157 9639
42 16546
94 17781
42 29081
90 20196
5 13166
70 27772
35 29047
148 22200
100 7072
2 18243
139 18230
11 28705
4 7348
40 20784
180 16247
91 15664
7 26594
78 14945
2 9244
31 11673
70 23024
5 9608
195 7775
109 23665
8 12781
98 21307
27 28501
121 5660
214 1916
86 24633
90 21446
5 14267
86 29299
33 10548
16 30077
82 21855
88 15370
9 4686
4 2209
61 9801
23 28488
47 5571
46 18853
26 26609
28 26024
60 14214
26 4078
13 20501
31 23495
78 16862
25 5891
59 21249
182 18071
41 14177
32 22465
23 30581
35 6360
32 2441
44 3583
51 4683
10 29631
6 22760
116 28093
75 8762
64 13400
29 18239
21 28075
31946
