1000
156 970 807 574 11 584 940 187 787 519 769 284 712 496 362 900 973 42 756 572 16 261 575 949 622 286 37 118 315 117 718 460 603 776 47 340 826 454 409 764 165 919 8 259 608 546 23 278 595 271 21 178 967 193 276 853 535 897 185 971 866 321 685 204 960 383 91 144 10 31 453 560 191 404 416 889 693 720 895 951 49 109 991 789 437 930 393 788 770 665 319 671 245 479 735 981 655 525 806 793 977 373 576 701 428 304 331 984 500 757 388 677 821 898 62 555 498 856 103 835 364 251 380 627 87 58 298 131 550 528 903 422 861 672 426 403 201 96 247 53 306 532 812 421 339 566 522 676 838 61 844 476 632 901 716 894 802 20 258 308 858 643 1000 198 948 998 730 661 746 521 83 268 108 489 177 399 690 607 983 979 149 601 615 988 798 879 582 518 459 145 50 783 569 75 751 329 197 242 452 253 143 487 93 25 217 882 95 583 209 553 335 710 448 5 81 186 160 435 311 451 552 438 817 411 71 354 969 708 558 554 907 985 100 978 925 89 777 878 505 565 885 921 34 840 43 22 674 190 588 810 864 692 90 782 703 395 862 727 323 97 725 609 220 639 585 942 857 596 733 656 4 616 743 294 180 530 887 184 231 367 425 905 461 533 832 344 113 935 818 235 427 324 513 33 55 610 366 640 79 910 771 127 739 282 442 614 564 56 320 464 495 293 225 265 538 243 589 520 510 863 790 334 376 264 199 211 54 779 392 417 631 119 207 741 480 813 150 269 444 681 36 545 920 845 924 350 993 275 932 30 619 267 792 517 581 141 829 602 860 76 6 356 714 754 32 729 35 175 959 646 892 723 302 831 126 316 592 322 213 223 731 698 578 413 819 174 347 943 534 40 934 67 740 384 229 986 210 45 124 567 917 234 599 152 707 781 250 623 400 904 238 874 540 183 46 688 419 654 841 255 450 997 899 371 2 104 336 402 82 563 359 514 158 663 975 283 803 651 916 122 13 390 825 287 333 189 580 758 617 401 506 815 224 360 847 48 379 976 310 809 933 138 927 17 52 556 744 761 133 537 579 330 219 203 516 749 637 996 705 797 675 68 848 944 636 281 135 629 748 313 648 410 964 526 620 544 786 237 850 990 709 700 273 327 747 822 911 805 628 280 256 9 181 462 811 852 886 128 877 842 230 762 1 69 597 652 571 241 999 44 963 888 945 236 668 173 834 262 808 684 348 713 266 215 890 309 125 263 440 667 717 15 257 195 902 618 828 624 7 994 590 375 233 523 465 551 936 547 228 182 240 753 41 328 447 728 508 172 659 600 893 202 205 18 679 434 358 992 445 759 318 732 711 28 148 664 763 29 14 883 279 325 167 157 766 543 208 719 361 467 695 511 928 206 105 775 116 715 407 155 800 529 468 305 99 955 474 931 396 431 63 492 142 503 179 837 950 846 958 830 471 536 527 642 232 836 497 301 120 74 443 696 772 27 774 633 896 598 394 562 724 365 111 491 382 593 827 873 357 140 415 192 653 436 363 270 326 368 501 446 332 385 171 378 102 161 851 338 915 804 153 995 137 778 568 954 721 254 785 112 147 455 872 645 146 982 221 475 493 881 307 439 912 342 849 291 227 626 499 662 372 914 397 163 101 244 722 869 337 477 870 989 795 398 734 974 962 658 457 374 154 961 952 478 865 559 613 704 159 922 767 196 463 353 941 429 121 494 303 557 166 274 136 188 57 115 130 389 765 561 64 12 859 432 292 290 176 72 472 702 381 542 473 507 170 414 449 77 824 297 957 377 755 726 106 625 968 423 972 650 799 65 482 470 678 352 666 736 370 317 314 577 239 114 78 953 299 839 504 458 706 19 843 791 742 606 73 670 60 854 39 418 884 295 129 355 424 796 773 214 481 638 891 420 249 218 59 611 880 441 587 605 855 694 687 386 94 691 868 621 248 966 680 875 876 168 937 300 689 573 641 660 548 801 80 965 908 466 123 312 669 909 946 699 66 194 737 515 956 296 738 833 3 549 86 987 343 947 277 524 816 369 226 604 745 132 486 539 939 485 784 285 107 405 169 272 490 697 24 162 70 88 512 469 647 871 488 683 151 387 980 341 673 594 483 644 139 612 820 926 430 84 98 345 51 288 164 634 649 682 929 657 289 408 938 216 630 752 349 591 686 906 750 570 110 780 502 923 484 212 635 913 456 92 586 867 768 760 246 260 85 918 252 433 541 134 391 814 531 406 794 351 26 823 509 222 412 38 200 346 
1000
376 381
869 917
289 962
943 943
761 438
601 568
723 368
221 413
923 315
774 636
14 883
403 717
596 260
694 952
319 342
247 705
818 143
980 70
282 282
699 699
833 418
396 235
556 873
692 862
441 771
34 34
426 284
4 4
507 971
943 943
411 121
260 260
517 517
361 37
660 369
718 697
476 193
953 858
434 116
360 414
65 950
459 459
301 378
693 693
470 273
713 177
226 226
609 5
138 138
344 142
272 668
459 296
482 12
583 532
7 332
87 452
267 267
757 380
22 342
492 32
621 447
282 485
868 104
691 758
489 489
248 510
640 414
784 544
590 268
818 36
460 664
341 235
424 283
557 469
527 527
893 893
618 760
398 659
322 359
278 278
732 124
324 564
428 431
842 302
144 144
520 120
513 513
248 248
377 622
633 633
65 205
870 870
797 955
44 695
261 261
153 846
4 138
547 410
470 470
559 215
913 960
60 181
944 995
876 227
984 73
309 376
404 569
787 612
376 921
207 214
630 630
55 879
114 108
560 880
902 902
482 407
786 786
13 208
114 884
350 343
149 652
911 911
523 487
658 835
307 164
956 956
310 518
574 583
950 714
418 418
934 934
722 828
803 357
967 14
191 957
27 64
953 313
91 631
61 696
39 701
415 581
762 762
246 940
259 236
667 175
396 466
885 66
403 291
791 326
671 139
497 497
505 516
694 694
71 228
781 781
721 23
183 53
740 426
40 852
43 43
520 915
436 436
959 328
921 392
238 238
354 350
432 432
892 892
795 795
255 594
690 16
474 474
625 60
768 473
604 288
722 840
959 959
151 603
786 379
955 737
641 315
406 386
783 256
393 913
891 513
961 149
398 398
537 265
873 676
810 810
882 320
943 943
536 362
851 812
457 580
477 211
401 208
510 85
572 398
486 260
807 429
937 658
98 903
323 323
381 661
544 768
645 165
405 97
621 377
475 475
581 806
540 770
351 204
673 939
259 507
311 350
806 176
148 86
935 495
709 983
305 145
583 778
181 313
394 767
927 90
845 2
358 543
685 685
212 286
739 739
731 510
825 825
419 186
952 294
902 383
939 605
100 449
172 424
364 771
283 792
303 303
606 632
221 450
861 861
25 513
850 609
829 829
666 59
174 580
594 594
808 808
354 210
855 45
819 359
609 622
125 125
582 945
771 369
291 320
594 813
327 213
409 481
20 804
846 776
377 360
686 271
358 999
280 146
436 671
778 882
111 111
444 597
268 473
537 537
434 434
919 413
662 662
727 657
55 793
594 95
955 955
153 457
976 168
530 530
547 547
70 1000
533 961
15 739
715 111
309 339
811 367
770 770
673 421
432 606
159 681
668 191
775 440
425 107
353 487
516 151
966 56
827 357
758 243
425 791
572 166
804 54
533 658
609 47
536 218
321 237
367 797
840 988
677 117
18 18
128 379
388 30
629 761
863 327
666 473
56 439
832 832
75 480
828 796
671 906
316 533
663 890
302 622
499 234
487 545
785 668
471 630
471 757
522 708
311 122
26 996
233 80
103 575
478 478
718 718
427 539
847 847
112 676
77 828
275 976
228 34
581 869
903 682
409 184
742 577
184 387
743 974
401 334
628 323
788 788
342 679
57 167
344 742
832 832
654 654
612 393
743 427
912 434
433 526
271 580
1 986
6 351
347 527
980 662
590 971
585 925
812 67
230 595
465 510
588 734
34 494
403 324
80 93
113 800
542 357
816 422
148 79
535 980
381 381
681 310
206 288
561 687
42 121
302 123
179 583
585 385
882 882
46 172
849 872
357 996
703 590
246 739
857 898
975 975
264 130
587 82
503 995
691 554
80 130
608 205
591 722
372 396
878 731
473 760
826 221
680 195
45 4
777 449
784 228
133 883
748 495
784 760
344 69
522 194
640 640
192 70
934 305
491 435
695 695
377 377
668 710
567 567
712 430
356 924
923 629
652 927
522 522
133 133
595 487
13 629
90 155
3 306
473 515
706 148
824 315
372 372
792 507
784 350
787 167
812 249
299 103
330 351
547 11
982 732
937 417
87 448
447 397
263 447
9 563
742 621
560 534
606 606
440 173
383 332
957 102
503 325
800 955
819 819
256 477
402 788
426 902
727 495
296 838
431 962
863 863
988 697
912 912
580 855
627 582
570 570
112 246
786 786
339 65
333 240
698 276
620 620
81 541
392 248
687 687
561 561
756 206
169 918
923 925
340 340
924 870
957 957
485 102
601 759
254 51
621 403
379 523
58 577
989 704
200 455
605 836
699 20
282 987
723 104
640 640
930 458
220 663
374 829
885 265
826 7
842 826
800 487
498 667
241 241
136 961
341 341
898 178
40 406
968 401
949 949
296 296
811 86
618 785
345 621
873 311
633 786
735 438
778 778
354 371
534 534
90 407
642 642
519 635
943 706
656 298
150 339
861 861
637 221
497 173
411 345
578 578
12 12
615 601
729 59
251 251
910 818
78 78
829 62
294 465
355 355
515 821
763 589
848 858
500 276
249 189
507 507
969 927
664 664
66 684
737 797
382 380
365 365
427 376
715 715
343 93
491 778
827 237
71 73
594 978
181 88
52 449
243 243
414 732
289 993
385 385
825 468
52 822
786 509
315 670
913 909
11 39
795 96
23 26
393 116
171 847
598 62
289 659
642 296
828 735
733 733
943 132
828 292
271 198
256 13
870 254
708 109
252 408
296 296
433 141
684 684
365 537
643 82
667 323
476 450
650 187
768 561
706 706
80 80
222 852
693 386
943 816
873 70
714 955
983 324
98 431
367 618
376 376
537 827
291 522
551 344
874 648
520 144
365 630
713 500
476 657
654 290
277 607
437 437
206 222
869 869
244 473
911 600
14 988
405 405
496 754
583 207
141 678
537 537
385 385
877 567
473 718
711 233
394 394
445 193
114 356
319 6
534 237
503 648
336 774
781 756
117 515
482 482
301 224
729 286
110 779
297 14
790 181
615 615
231 211
134 757
679 854
346 443
418 346
822 96
878 878
150 967
114 622
660 949
192 702
901 901
78 15
362 328
68 68
353 585
4 923
253 567
53 324
147 255
642 219
239 365
442 776
603 706
120 341
331 509
858 201
753 885
729 729
788 913
396 396
651 148
356 147
855 435
917 917
199 199
981 981
97 3
205 370
979 979
393 344
571 954
827 827
131 725
609 895
301 301
351 122
994 763
606 606
488 488
984 984
820 820
77 77
161 641
591 769
498 755
356 929
842 882
396 721
207 949
942 53
730 730
455 672
3 763
107 671
671 671
584 211
941 661
932 602
122 346
154 154
998 979
252 792
628 184
717 313
483 385
946 334
455 250
875 980
538 295
702 660
47 33
493 382
601 238
249 593
659 588
911 649
963 575
698 807
798 243
496 274
956 956
277 250
858 163
550 823
766 471
558 142
655 186
209 865
164 838
927 369
992 900
294 956
998 725
77 293
38 783
47 47
966 913
161 899
224 315
336 699
2 2
837 844
731 518
900 280
194 194
941 941
94 94
897 56
140 328
792 310
896 896
753 138
878 878
359 359
726 17
434 735
508 508
932 521
775 747
800 977
522 850
614 276
154 961
760 342
115 115
867 544
338 669
624 780
523 523
46 222
64 64
221 190
553 693
796 212
417 341
876 848
424 424
881 490
921 921
421 135
31 357
824 358
800 800
181 619
975 961
482 331
60 377
202 401
62 208
589 615
911 338
388 851
249 249
41 868
177 570
633 315
102 752
798 798
736 540
337 112
650 650
114 816
382 126
667 719
983 983
281 547
300 334
566 798
914 938
285 699
998 330
292 292
420 701
240 993
582 216
780 740
247 76
759 639
709 171
87 723
451 30
761 961
470 255
829 351
424 210
432 952
373 373
801 955
206 225
959 583
848 483
737 648
211 269
171 171
956 999
833 833
789 789
334 378
555 386
578 650
608 608
513 668
83 931
718 1000
489 137
274 76
58 443
847 125
996 996
806 343
328 878
41 463
763 641
417 662
494 494
461 461
632 998
595 433
309 685
855 102
811 930
396 666
90 843
801 796
887 1
426 312
272 877
144 200
802 655
858 712
949 15
567 508
507 853
117 199
985 443
818 44
800 889
453 453
572 505
502 278
552 117
592 248
639 930
615 315
638 658
523 847
885 765
449 262
823 29
922 726
691 272
147 764
606 283
814 971
541 403
488 28
45 45
784 982
339 417
71 168
702 422
916 45
387 387
157 620
194 565
994 961
656 656
737 719
33 484
800 800
307 52
296 807
731 122
747 476
56 679
210 673
429 553
976 4
364 357
876 312
1000 959
229 320
413 702
182 182
38 38
197 50
962 355
287 920
782 150
555 587
941 682
943 597
201 415
118 747
741 741
142 142
749 749
790 790
520 520
155 976
386 764
485 545
688 612
830 984
275 275
529 251
429 518
657 511
543 478
424 252
99 36
156 180
832 748
84 335
676 943
832 497
715 948
314 534
617 617
590 656
416 375
181 518
85 952
512 520
212 930
303 672
299 815
767 175
293 16
770 1
208 255
535 705
381 607
