1000
419 903 244 156 821 527 448 170 836 177 562 485 896 763 924 994 139 194 310 456 603 241 572 30 613 652 6 683 987 510 301 611 580 374 247 678 690 967 802 654 979 867 640 934 645 622 568 824 713 960 144 638 291 452 23 992 361 856 392 126 385 41 303 520 403 893 849 727 14 943 311 335 811 542 892 693 187 861 720 137 8 498 725 612 872 79 815 186 929 162 451 294 342 180 367 492 552 77 329 140 197 29 957 454 993 26 620 332 493 590 299 217 92 501 630 324 331 460 808 805 995 891 756 495 618 822 76 918 50 55 201 844 228 353 211 142 465 223 796 814 481 516 766 604 467 496 681 895 834 433 819 160 309 375 733 479 120 450 27 464 937 615 224 536 597 459 370 707 312 931 664 531 327 152 799 185 648 947 711 154 269 795 545 507 942 390 500 130 669 414 533 749 772 901 868 554 666 378 946 963 865 871 206 827 290 738 884 316 984 391 252 96 169 251 912 633 326 869 212 208 214 921 418 538 174 883 272 80 102 133 158 263 175 699 748 78 426 420 287 4 982 270 909 131 986 389 413 581 848 641 691 267 37 936 899 839 99 85 800 544 768 497 366 171 709 138 104 660 860 487 135 797 463 149 829 297 200 18 521 898 628 676 565 381 320 694 227 257 47 656 254 907 122 959 540 846 751 972 804 729 579 22 259 237 908 462 129 809 189 677 789 256 12 70 740 524 537 842 132 685 549 157 636 595 134 782 752 404 780 783 989 373 757 240 305 398 440 598 857 176 421 428 523 583 847 515 469 852 489 277 382 670 480 714 930 571 688 897 728 260 35 274 674 906 877 650 148 402 173 587 394 715 905 788 807 46 472 826 431 701 196 39 325 233 616 3 703 280 973 928 889 723 990 9 705 806 586 172 964 322 697 221 904 88 334 632 72 870 653 266 87 594 939 1 922 67 902 600 491 988 308 91 997 369 563 238 953 724 289 631 621 74 938 68 786 803 471 124 268 243 116 2 781 53 673 38 634 777 143 34 535 659 991 651 234 882 614 833 517 165 855 767 249 192 453 435 998 422 675 779 760 519 667 445 115 424 706 769 864 164 696 526 949 216 916 914 64 60 432 932 985 118 7 486 384 502 513 100 410 58 338 784 412 564 215 20 710 735 668 887 113 97 662 588 626 541 438 461 145 474 743 759 525 585 69 444 518 343 250 95 355 71 337 439 646 981 127 302 146 321 357 360 926 561 182 275 764 753 863 62 328 279 747 635 830 232 508 624 423 83 734 141 970 181 888 965 405 742 54 911 609 483 56 90 687 550 555 695 359 401 204 490 123 163 915 94 408 364 209 273 851 298 193 980 643 816 746 188 59 430 941 873 730 409 218 383 776 920 387 704 195 971 63 358 560 818 761 98 935 105 284 529 167 443 976 775 644 745 235 368 11 754 473 854 509 494 721 890 151 190 835 49 434 606 708 470 576 592 262 246 416 785 731 625 21 313 229 875 553 73 377 607 567 954 339 741 948 512 589 323 773 306 978 89 684 288 951 427 386 966 778 372 794 352 717 559 637 300 577 66 314 396 744 647 655 458 407 503 679 482 219 31 859 45 823 457 801 286 702 48 608 155 831 682 950 5 945 166 350 584 345 356 52 790 17 111 442 271 258 415 661 996 81 532 923 19 114 178 61 281 825 933 347 43 961 557 551 499 770 546 110 103 253 28 239 878 820 315 307 845 599 15 575 13 880 619 793 750 363 657 393 349 910 975 57 601 853 379 117 86 400 397 605 737 570 446 429 109 968 999 107 649 295 203 220 639 774 671 792 488 106 838 330 354 84 395 101 919 10 264 436 698 843 336 977 119 75 558 293 722 765 198 739 199 449 556 351 952 566 726 665 862 813 841 475 317 128 292 161 159 828 484 365 596 477 689 543 876 16 25 82 762 692 411 680 917 205 44 93 672 881 663 522 879 150 51 610 319 282 617 974 225 528 504 850 955 719 376 399 547 447 866 716 242 406 885 437 121 925 718 425 179 248 65 569 276 278 962 817 771 236 36 837 832 623 226 573 900 574 886 874 534 732 591 261 956 812 913 40 700 125 231 858 213 969 296 582 371 505 1000 333 539 348 441 153 210 33 32 24 283 265 686 468 478 207 983 245 658 466 894 341 191 810 602 42 230 455 255 642 736 476 346 183 712 184 506 344 202 927 511 304 798 112 958 629 940 593 944 136 791 530 108 318 147 840 388 787 514 362 222 627 380 548 285 340 758 755 168 578 417 
1000
85 373
373 751
555 134
635 344
650 650
855 287
227 227
34 891
568 233
517 887
384 993
206 451
992 321
913 913
786 638
78 926
816 816
889 794
586 304
557 967
741 638
334 935
830 830
366 215
327 182
822 822
524 524
361 272
893 893
396 574
763 477
677 331
418 273
486 486
574 823
80 932
632 632
94 94
578 956
740 444
212 747
996 996
769 769
212 175
778 448
260 29
927 933
735 583
450 223
356 685
437 126
115 296
514 933
864 114
948 398
845 100
589 460
848 848
572 398
704 18
963 369
505 370
748 426
940 218
915 997
619 431
868 524
280 908
6 18
348 456
801 801
539 539
53 376
603 316
824 497
534 561
270 575
310 180
231 231
765 606
218 511
623 77
960 960
480 921
491 526
75 476
870 100
525 779
387 282
549 129
812 381
776 421
352 944
154 182
124 23
388 388
206 419
718 857
685 584
627 279
372 495
151 399
448 481
221 499
500 136
831 467
981 344
821 120
964 175
871 975
705 122
890 44
18 92
874 154
713 880
260 16
296 522
992 992
877 480
484 442
707 135
668 524
206 279
120 458
858 810
55 10
314 213
399 368
908 594
613 699
370 354
986 734
354 67
95 576
792 792
195 113
279 279
530 530
278 278
26 197
804 151
577 895
453 583
933 933
824 871
262 405
19 723
967 967
72 160
454 872
912 475
403 249
259 891
117 117
705 629
914 914
241 985
279 279
174 420
132 132
45 45
920 359
217 393
515 240
783 783
229 229
192 520
542 323
862 862
364 859
293 142
811 7
14 743
705 705
355 673
821 300
942 79
747 747
587 440
689 689
445 665
150 44
447 325
155 155
813 31
929 993
646 55
5 769
599 599
682 682
457 180
10 160
664 371
840 500
404 286
600 486
717 670
849 169
297 549
492 915
139 853
773 259
369 717
42 711
849 815
58 649
84 129
460 741
370 370
872 872
779 95
178 21
197 347
511 797
698 698
818 818
294 465
32 32
132 589
898 739
378 378
225 167
753 892
51 876
727 38
341 498
27 27
303 559
658 405
602 641
737 908
287 287
756 946
700 670
283 700
157 733
831 831
545 545
295 29
801 70
37 463
510 442
410 64
146 146
465 313
362 733
970 45
234 155
1 396
497 497
651 14
695 918
604 192
740 579
817 817
470 595
120 120
326 305
765 765
826 826
391 562
977 451
114 114
789 789
98 435
297 297
626 498
806 984
238 689
209 12
228 501
116 637
14 151
172 720
104 683
609 41
937 208
575 575
822 659
274 972
525 525
93 721
883 883
485 35
867 867
474 872
38 648
19 19
212 212
563 563
282 282
984 984
811 254
453 230
164 154
832 188
550 151
789 646
182 182
252 252
487 162
672 327
260 260
53 114
679 84
891 204
414 551
87 87
508 90
629 742
479 479
713 111
529 529
123 455
493 597
76 76
143 143
620 868
506 506
666 856
667 667
270 866
210 925
569 992
184 984
191 332
301 301
759 759
709 78
608 339
959 743
919 15
577 284
646 567
902 653
84 590
334 654
99 340
483 78
69 43
260 260
684 368
916 180
401 770
335 230
452 388
504 554
644 897
138 138
361 753
260 7
443 30
109 109
372 372
22 303
668 668
212 392
942 636
407 196
801 180
42 777
729 403
382 708
175 714
190 830
28 474
946 946
153 880
740 118
99 306
743 743
145 376
231 340
630 630
317 317
585 585
221 981
783 336
229 139
62 331
786 298
402 509
204 3
942 799
361 513
112 112
189 95
715 883
936 366
315 315
617 617
616 894
99 135
873 677
698 114
443 732
588 588
90 2
88 384
588 905
993 275
444 877
843 896
644 260
310 548
776 190
610 960
817 817
339 339
838 838
891 136
320 782
985 460
982 802
787 787
763 626
264 900
128 128
719 309
653 634
148 195
382 346
84 281
843 726
418 729
519 155
43 608
733 627
325 371
551 62
273 489
845 9
165 350
509 813
790 604
407 23
601 839
389 250
940 940
449 573
51 362
110 958
178 960
804 971
189 138
286 167
56 999
778 778
259 208
780 780
581 581
930 716
360 110
486 528
703 963
762 265
621 277
324 324
706 706
180 180
287 158
884 318
996 183
668 791
727 870
431 431
872 569
368 906
528 813
443 868
386 639
809 698
348 639
945 945
58 860
648 648
759 76
602 588
811 750
932 824
480 85
989 383
654 658
90 90
748 776
108 336
778 841
917 978
741 765
639 712
590 618
145 841
714 714
296 497
474 833
234 844
401 923
513 59
434 720
561 877
810 810
170 308
884 989
721 736
853 892
47 631
660 748
190 561
734 834
393 304
981 678
775 427
983 108
299 431
866 866
118 227
919 607
647 770
581 33
796 796
937 961
393 791
47 823
114 225
520 596
108 433
186 186
381 815
41 85
228 298
147 490
705 343
248 894
915 826
251 251
417 958
287 88
807 807
679 392
709 762
996 996
387 749
429 15
428 945
714 714
597 597
753 958
268 268
402 773
480 678
801 468
23 880
3 687
922 321
758 758
936 646
935 264
695 695
740 740
782 281
200 589
615 382
363 109
240 321
746 994
158 207
414 493
657 253
682 363
66 974
491 632
828 828
879 380
338 978
963 304
380 380
551 685
740 89
580 697
205 205
989 874
974 973
629 802
495 398
521 521
441 441
866 866
419 419
801 244
858 965
760 142
350 90
429 42
203 743
699 699
237 354
568 121
290 553
565 296
497 724
70 726
79 11
297 187
333 145
576 31
563 351
144 498
245 12
567 567
839 579
491 178
841 841
432 28
874 925
970 299
698 897
4 366
711 918
315 413
276 185
420 473
453 453
919 915
699 865
746 604
472 222
233 608
690 83
186 730
648 321
640 713
554 532
250 952
495 24
815 815
215 135
887 927
209 877
195 645
697 889
482 156
63 63
940 940
361 77
291 291
252 159
750 223
153 496
612 783
547 377
714 465
785 846
705 870
223 722
848 358
335 478
677 748
917 817
464 864
726 726
80 365
71 96
936 249
906 269
744 9
178 868
856 856
346 346
764 627
690 698
84 84
367 961
352 352
75 716
793 725
379 152
349 837
443 428
987 229
141 484
161 947
182 88
534 534
972 972
679 427
825 598
435 365
497 914
208 208
467 467
117 971
665 665
657 490
176 176
253 344
906 598
886 634
167 167
321 5
886 224
991 427
742 983
83 134
118 371
513 520
868 778
777 711
17 159
704 434
543 543
665 678
604 28
107 506
487 161
231 233
803 67
944 944
914 358
281 681
944 245
521 827
785 574
346 335
107 347
6 794
386 623
437 197
923 935
805 805
407 792
436 436
419 51
407 304
990 4
265 724
384 384
404 216
778 778
172 799
945 937
746 746
1 755
310 310
760 49
337 493
207 37
774 453
464 464
218 134
595 523
297 618
198 318
577 803
992 961
630 997
764 154
519 28
686 839
906 906
820 665
333 697
665 217
456 270
841 841
725 736
290 186
621 722
652 936
547 177
964 457
547 547
453 167
644 784
593 593
860 860
351 850
700 658
502 77
793 584
777 517
126 804
747 403
995 995
674 454
111 424
663 248
705 164
301 593
132 968
788 990
139 317
588 508
597 935
926 926
254 816
673 669
809 974
89 111
272 265
866 866
604 427
195 195
749 749
460 968
286 817
702 842
483 587
875 875
340 36
203 423
946 148
520 911
196 196
387 655
800 483
36 660
613 106
87 87
236 478
356 356
77 77
635 307
704 399
661 479
735 735
781 288
605 605
609 609
587 911
236 236
729 681
106 106
479 839
766 766
355 986
534 310
63 104
881 473
937 783
155 155
481 481
670 501
105 111
804 804
84 209
907 96
639 722
636 433
265 433
808 847
254 769
306 317
97 984
507 507
42 600
342 979
745 745
615 630
813 813
906 933
83 83
178 178
224 914
756 894
758 477
182 223
307 307
682 558
400 549
890 922
984 6
711 138
387 387
880 846
221 754
381 291
77 77
946 357
880 166
218 797
172 172
337 861
79 79
79 482
569 569
549 967
800 63
846 846
484 726
107 107
798 830
237 984
344 344
588 588
965 668
912 864
640 91
458 507
143 143
490 490
650 392
512 485
879 879
646 382
809 891
665 41
6 972
67 477
305 847
920 933
876 876
46 335
406 360
786 569
664 664
244 727
726 137
593 5
443 798
615 933
80 394
122 122
593 408
360 412
492 710
585 254
369 958
350 124
708 667
371 256
79 441
373 906
723 186
27 578
887 701
650 270
84 705
624 768
292 79
94 157
918 743
791 730
226 226
840 815
295 976
156 156
288 454
327 764
645 645
927 546
385 51
944 338
684 725
852 611
685 326
437 833
301 416
162 339
59 217
686 179
75 524
528 528
521 889
611 685
699 162
44 785
791 501
306 459
36 875
62 2
360 801
246 186
501 375
564 27
770 880
833 103
278 508
39 39
807 360
74 32
777 777
493 678
276 7
105 720
730 730
984 358
450 967
626 369
428 383
31 31
411 645
520 588
557 566
882 6
927 927
180 668
68 873
307 307
319 319
846 196
