1000
487 86 198 27 610 290 519 125 121 592 515 461 834 651 126 839 887 702 731 572 444 394 595 787 560 830 879 985 772 976 145 544 698 435 85 703 234 474 479 927 563 280 45 782 331 644 243 329 152 335 566 608 807 953 393 622 620 364 796 825 323 828 298 141 339 910 212 518 195 861 411 740 320 44 539 438 805 571 542 619 492 711 730 679 262 460 500 951 32 321 776 965 103 340 888 91 680 967 744 166 174 247 345 958 849 856 137 964 422 874 66 473 254 854 940 363 31 30 334 962 516 916 816 955 64 468 524 226 570 859 721 604 58 696 1000 350 557 48 395 614 96 648 15 170 251 932 259 409 989 324 758 138 577 81 727 987 112 13 220 136 687 344 735 664 718 333 490 786 753 69 29 528 694 713 98 231 379 445 997 993 246 875 293 626 423 496 242 580 760 791 980 150 956 739 869 139 553 988 579 396 846 894 88 844 244 10 578 403 723 820 720 541 700 311 82 388 37 256 432 181 80 551 382 457 326 855 180 418 300 90 72 766 209 599 83 372 371 374 282 933 755 53 984 67 860 140 175 193 406 562 232 46 400 795 365 386 866 743 446 501 706 472 905 618 187 640 745 811 354 119 143 130 182 404 647 325 895 593 384 71 353 239 104 881 722 40 685 307 295 12 701 526 903 904 328 517 430 719 267 690 926 522 25 408 868 264 450 957 268 734 943 546 877 332 194 801 261 633 959 352 208 397 214 373 173 892 129 312 567 315 412 972 221 106 249 18 465 389 995 73 978 228 481 600 749 652 87 132 813 252 784 726 313 59 177 383 581 471 672 157 148 741 169 670 274 683 923 896 205 428 671 704 681 462 661 50 569 123 853 215 838 996 314 425 505 649 615 420 495 847 737 621 530 294 941 387 122 865 453 466 225 709 303 392 410 757 667 219 623 155 17 708 204 77 206 715 900 378 899 973 802 292 237 695 792 931 800 928 635 915 752 639 759 467 659 233 594 431 564 485 523 390 179 871 589 954 944 74 255 351 890 732 266 590 543 34 525 159 296 441 429 797 582 306 691 76 327 478 304 770 883 660 850 330 52 165 882 504 14 449 918 886 857 990 790 728 936 439 229 142 774 663 631 470 448 283 347 22 276 28 117 245 889 601 906 609 399 979 616 576 197 917 427 824 9 356 184 821 89 316 156 991 809 952 2 343 482 279 147 236 171 401 95 349 299 4 612 309 540 164 507 675 902 153 419 189 699 605 808 764 596 586 223 848 109 638 535 710 588 969 840 725 597 750 550 110 65 822 367 68 458 843 113 385 548 574 662 873 573 921 213 746 804 935 437 948 305 454 54 60 643 257 238 981 57 606 817 624 253 201 111 131 227 509 908 835 632 185 836 630 949 263 765 381 459 456 512 360 203 291 712 999 585 84 893 79 748 549 678 146 217 128 35 503 763 707 537 521 469 39 16 421 211 355 415 977 929 558 284 488 852 637 851 464 863 598 78 24 778 162 716 443 665 61 751 831 120 361 269 160 982 656 286 968 547 803 876 224 163 207 532 625 424 8 938 842 785 477 911 191 116 497 216 287 55 241 837 398 686 308 810 768 511 798 158 533 806 613 369 607 934 747 124 714 114 47 514 762 413 248 370 318 1 133 769 270 536 190 186 966 945 983 480 777 688 682 971 867 975 144 322 348 100 756 538 33 780 346 829 494 199 380 552 642 920 561 222 767 230 793 676 583 705 650 93 545 176 629 794 391 919 912 41 961 426 771 693 433 288 845 38 733 99 738 761 668 317 167 161 815 684 102 489 105 436 97 584 134 289 235 697 376 677 591 336 377 832 475 416 963 565 914 654 75 812 368 499 653 484 617 534 555 789 56 602 43 992 51 827 587 319 627 7 486 611 154 440 277 986 513 101 3 930 717 5 779 70 451 358 974 909 799 502 858 634 960 937 202 898 149 942 773 273 342 655 192 907 94 880 506 196 554 897 107 862 913 645 20 92 210 870 666 240 42 841 925 508 250 568 337 994 407 19 36 272 646 402 669 260 63 265 529 127 447 118 924 178 878 483 970 556 455 603 338 884 781 833 442 302 657 742 729 310 6 819 724 783 151 559 673 692 375 11 510 417 188 891 946 285 531 258 641 939 689 463 172 281 115 636 62 297 218 108 271 498 476 357 135 628 493 818 168 359 301 864 491 434 885 788 814 278 575 362 736 754 341 901 520 452 998 826 275 49 527 366 775 183 950 405 658 674 200 823 26 23 21 947 922 872 414 
1000
494 272
726 480
665 593
535 10
161 678
73 608
485 590
622 458
234 624
910 736
518 518
937 417
445 158
422 193
737 946
42 329
581 888
265 360
595 207
947 296
599 543
364 609
40 41
65 838
506 633
559 919
541 110
666 579
382 644
766 874
210 210
144 449
394 394
995 698
860 860
518 165
922 717
281 281
113 988
26 963
80 258
771 771
957 87
868 218
306 587
854 508
532 284
949 917
572 961
948 702
520 201
483 483
590 590
994 994
718 333
299 186
145 794
236 164
987 987
335 335
141 463
366 366
364 364
754 927
174 379
693 134
94 893
57 412
280 280
392 472
755 330
204 204
256 397
537 492
70 936
221 802
302 93
855 372
919 479
112 809
775 476
600 930
338 201
859 96
822 955
387 879
269 470
471 6
101 752
828 921
712 282
534 534
327 715
539 996
602 960
575 170
490 543
246 246
233 704
856 600
260 947
628 513
73 487
372 372
962 880
685 44
585 678
124 688
736 525
793 456
458 925
378 644
685 457
974 974
440 360
683 261
606 913
774 774
933 933
259 84
183 194
519 190
748 369
400 477
244 16
348 348
179 514
31 216
974 592
515 515
804 358
483 424
259 259
384 253
245 12
120 577
126 126
226 544
558 600
338 277
305 474
827 202
187 92
554 758
488 865
214 644
698 86
11 955
704 821
44 913
527 466
585 585
662 768
806 554
789 281
139 312
972 479
649 649
415 681
83 737
777 176
750 878
544 544
370 301
528 638
586 156
87 129
521 521
748 655
830 135
62 735
549 549
346 276
382 382
860 957
866 961
214 306
63 530
65 65
299 233
378 305
180 600
898 898
144 741
508 131
697 471
13 25
984 61
967 967
331 331
151 694
161 486
972 142
239 170
27 801
477 399
322 853
338 926
501 606
679 45
59 147
521 259
840 840
726 726
328 328
698 901
236 976
513 634
536 536
833 143
980 742
395 200
981 277
359 959
886 470
792 104
511 194
735 735
692 371
568 166
452 105
290 596
378 833
938 183
263 138
214 521
360 175
277 437
984 414
778 219
721 721
34 544
812 812
108 947
837 68
718 162
222 721
334 126
716 189
422 876
710 821
85 529
91 953
419 967
768 879
756 60
388 433
232 733
408 142
329 266
872 589
793 624
764 323
13 438
96 474
598 635
490 509
786 249
692 824
528 528
35 35
287 451
603 895
667 920
624 563
247 152
755 802
739 921
659 659
354 461
755 260
891 549
224 224
563 563
335 335
500 7
453 217
340 201
43 816
962 962
911 541
78 78
251 864
125 182
855 375
765 410
441 848
662 762
893 893
659 19
321 321
15 223
859 859
19 534
105 771
864 318
100 560
873 856
228 85
159 911
678 59
631 631
545 756
703 565
862 313
578 368
543 543
436 279
874 874
615 45
155 612
933 466
284 297
519 716
292 292
667 325
637 596
418 103
478 269
640 814
807 45
306 808
190 190
19 978
48 432
718 741
245 463
499 499
339 125
154 980
536 124
441 883
984 56
173 632
6 6
554 765
175 526
779 460
299 496
589 312
825 819
628 407
365 371
449 132
967 521
652 652
228 641
10 8
590 843
827 797
126 255
878 878
778 371
375 398
867 259
226 226
281 911
968 950
230 27
690 234
180 667
692 692
957 120
568 838
914 906
107 142
755 83
132 349
796 702
558 31
163 358
549 746
480 587
667 857
855 549
598 510
535 870
756 998
322 322
316 316
153 787
584 584
666 191
246 31
748 574
849 607
873 679
422 735
224 682
960 258
773 911
615 801
790 790
173 369
381 161
750 750
777 562
554 554
31 584
565 316
117 117
202 202
96 98
270 228
463 522
734 734
580 732
20 851
725 143
183 183
342 342
264 100
927 708
362 620
889 637
290 290
526 201
649 954
383 383
37 641
947 920
406 370
809 10
184 869
570 598
789 81
160 591
2 231
456 231
858 858
811 592
630 42
842 685
919 486
1 758
878 143
344 720
578 162
361 670
948 464
137 772
166 33
56 212
958 838
40 935
33 781
963 352
57 22
743 633
822 926
285 159
225 303
139 139
547 547
690 690
407 110
48 309
245 245
12 185
316 549
605 857
306 812
293 594
941 321
211 275
894 827
991 344
903 618
201 201
906 169
760 760
428 480
179 278
689 511
977 972
662 731
620 35
668 7
408 594
27 187
825 825
505 21
108 108
697 657
24 421
727 522
400 849
267 750
656 819
204 398
883 561
84 84
18 841
250 950
95 877
283 750
415 140
399 334
697 465
752 470
124 411
148 559
872 254
181 217
619 275
599 599
456 741
496 802
27 944
540 540
609 449
831 452
194 749
473 958
243 195
741 64
786 853
921 291
164 611
716 946
321 50
227 419
365 709
482 917
613 469
691 524
601 42
897 228
839 608
585 351
871 504
336 336
199 576
440 381
89 996
184 184
128 629
169 946
622 222
52 244
452 974
664 902
437 437
207 608
83 233
223 223
466 317
348 92
24 136
658 658
149 902
882 277
373 962
82 467
312 312
382 382
255 255
573 632
801 97
349 349
795 795
85 422
873 873
553 553
322 83
879 961
204 334
435 435
371 371
607 776
969 433
770 770
177 166
817 307
388 388
754 392
68 530
715 326
897 338
776 924
227 326
737 737
843 843
909 100
82 657
952 952
478 20
768 192
623 991
263 953
977 450
176 261
195 195
306 19
416 356
634 789
335 310
881 756
24 323
88 925
733 95
128 717
267 948
402 439
936 359
839 506
551 361
40 907
493 493
716 61
977 570
192 689
523 208
719 719
487 915
437 482
297 641
846 846
158 462
41 927
279 92
554 663
33 140
115 593
199 199
993 993
779 920
795 779
437 305
221 687
302 805
613 716
27 366
484 723
748 368
293 537
914 746
449 449
189 696
945 162
846 625
283 283
345 60
708 930
872 565
699 228
1000 93
330 330
58 58
195 14
609 878
727 727
205 982
325 698
895 73
621 621
750 972
2 359
706 706
204 649
43 250
483 840
524 930
364 364
408 73
836 345
866 77
985 365
391 269
343 343
310 868
654 172
926 502
695 401
626 201
284 352
42 965
918 332
991 431
156 789
716 442
832 832
477 477
91 665
683 683
737 362
653 653
37 37
730 51
244 966
662 797
750 569
810 3
413 225
748 748
836 903
563 563
72 463
919 427
831 831
542 58
867 355
210 210
997 810
878 673
673 430
275 882
897 27
984 9
848 848
258 801
603 180
609 609
245 156
845 43
374 374
918 130
381 983
154 711
133 133
961 961
895 755
694 581
271 304
418 418
953 328
310 310
316 307
115 781
79 221
986 986
344 469
713 769
858 614
626 662
751 132
798 90
984 102
516 101
385 18
316 720
560 677
139 387
448 199
927 556
849 381
598 57
150 886
233 108
922 961
607 313
268 341
940 239
348 182
418 418
592 537
867 171
23 407
904 328
358 345
41 645
922 819
692 576
546 104
550 288
479 953
157 260
484 484
598 210
45 631
613 738
133 326
324 650
239 534
577 684
889 889
935 935
500 500
882 882
373 373
139 139
320 24
491 660
266 543
491 701
747 160
802 227
329 850
604 604
616 372
756 172
409 904
733 146
544 345
4 224
791 447
966 321
880 880
916 271
725 489
646 216
791 698
519 491
117 382
201 96
4 370
69 141
951 951
41 303
967 323
576 995
977 588
475 704
638 972
822 66
231 121
973 253
395 395
111 968
627 947
151 128
243 243
937 937
733 496
975 499
370 791
2 961
53 871
57 12
597 364
118 897
976 976
605 604
591 488
65 414
810 162
731 137
632 626
310 246
459 492
268 449
202 16
872 872
548 441
914 458
605 117
896 896
819 819
220 808
53 453
721 83
356 845
378 30
298 517
552 472
98 866
606 344
280 934
447 475
54 411
118 118
903 186
475 704
471 389
229 229
533 671
163 356
506 76
593 365
914 212
300 943
35 214
458 884
108 697
443 649
957 957
144 609
84 820
754 634
438 438
582 582
80 296
590 654
910 910
694 243
378 376
792 928
552 350
492 314
441 441
466 466
289 945
823 68
5 194
859 859
80 721
484 484
384 857
670 805
79 922
69 100
595 537
1000 480
977 69
777 222
102 102
544 175
644 487
589 589
316 175
531 13
992 114
108 108
605 858
792 727
583 739
267 887
589 338
545 284
191 507
887 7
101 674
43 241
646 553
106 106
497 827
407 559
661 248
651 951
529 529
425 361
608 608
117 623
603 603
784 640
308 506
786 26
143 16
935 935
265 336
553 328
212 968
532 793
721 482
934 13
844 146
150 312
481 846
40 18
355 171
963 859
335 618
696 696
277 745
26 581
13 292
912 138
672 909
974 656
709 330
625 948
7 930
972 272
708 51
914 914
657 701
879 833
67 67
269 285
400 878
633 321
51 95
491 279
725 829
539 160
49 353
595 337
284 63
120 983
147 595
175 421
284 795
719 286
793 299
807 416
161 79
816 482
102 410
489 489
76 280
848 422
224 200
952 952
259 802
728 728
861 861
740 295
845 100
850 137
216 293
