1000 10000
565 646
644 316
655 226
746 39
846 932
918 471
105 477
979 988
254 467
888 915
558 47
760 258
812 57
801 759
687 382
503 500
278 873
754 885
852 351
222 901
109 151
746 878
39 802
699 735
612 831
905 251
831 139
921 456
181 535
429 341
990 450
450 895
331 696
384 886
475 667
343 92
433 809
688 253
984 958
113 909
634 68
638 839
236 544
916 522
247 719
159 249
331 513
927 530
244 821
150 662
521 365
189 795
923 19
296 975
539 179
719 126
199 499
231 46
95 729
776 929
394 492
79 34
478 997
159 620
256 111
652 375
865 949
905 468
706 355
266 771
409 544
4 970
444 299
972 361
597 235
61 117
495 587
798 138
840 102
739 116
704 359
170 839
321 468
769 533
935 555
815 24
937 142
360 529
600 876
901 393
112 152
467 493
214 510
370 351
233 570
321 11
107 51
968 455
809 817
591 151
249 819
605 703
644 908
475 626
316 30
506 635
184 111
986 971
470 156
533 586
112 227
627 729
850 69
759 279
426 900
81 754
385 737
982 128
922 18
405 591
872 26
491 634
693 825
442 501
976 813
773 107
342 209
279 965
804 525
469 182
676 702
713 741
31 599
504 43
338 32
270 718
499 519
241 893
461 549
795 932
699 2
260 66
431 153
330 921
11 694
166 982
862 250
434 621
253 8
868 983
790 576
990 397
658 963
955 315
301 456
168 170
144 734
973 800
834 459
348 460
210 693
449 348
199 687
98 713
452 470
825 54
982 701
624 405
791 53
277 3
49 929
630 157
27 969
838 706
72 556
569 267
640 948
716 185
230 429
88 181
308 999
233 134
996 132
474 518
977 955
940 38
493 478
662 267
724 281
214 689
560 852
425 632
559 811
264 419
594 124
188 792
479 513
987 493
817 414
403 408
927 349
95 387
618 504
560 197
499 535
933 372
852 491
909 305
973 290
100 829
691 852
741 243
372 821
624 645
494 292
300 372
104 803
534 330
81 608
179 643
368 947
2 995
259 889
37 201
572 208
105 964
57 732
348 389
75 314
624 486
137 548
5 169
726 700
995 924
528 892
399 387
491 620
70 270
997 661
848 157
259 47
31 154
60 390
401 14
124 810
33 614
764 702
989 487
152 849
780 840
281 964
590 215
424 758
42 928
871 711
386 405
341 342
900 648
547 598
39 171
382 15
918 708
909 943
957 106
673 990
187 402
677 302
131 233
761 98
43 82
962 790
56 467
68 481
377 603
458 318
788 686
301 217
510 861
516 80
239 519
563 135
693 284
615 288
352 212
416 171
406 715
696 787
287 840
187 601
819 87
600 973
555 459
831 754
750 352
747 370
5 952
977 578
81 195
842 974
235 765
366 472
444 459
209 789
78 414
851 512
459 667
690 596
509 786
651 12
981 182
169 445
479 156
389 399
998 455
126 551
788 828
530 273
997 377
662 508
413 35
547 870
591 649
474 146
496 243
850 686
611 551
767 170
101 4
372 294
388 120
188 212
236 688
166 390
506 575
703 120
188 368
708 105
577 839
488 207
813 829
923 481
112 930
388 32
528 953
680 200
795 750
844 539
713 290
471 952
545 891
307 730
52 429
406 963
143 782
756 363
509 129
7 948
324 761
833 984
862 880
937 900
363 872
629 46
645 394
519 166
684 134
403 137
331 426
816 964
83 294
93 591
78 151
109 183
919 754
230 904
424 252
943 955
532 288
640 173
598 416
326 16
929 615
15 534
106 79
594 242
19 623
107 562
698 951
182 58
401 822
962 834
286 884
136 4
646 996
460 54
126 356
475 567
50 152
653 807
601 67
734 175
713 824
663 340
295 473
818 294
338 917
902 742
897 479
599 463
41 805
234 755
531 638
263 889
182 295
856 542
329 120
401 755
916 386
649 453
15 316
712 154
666 191
249 58
991 630
50 596
493 954
361 500
263 733
858 673
525 333
182 483
480 156
638 212
819 69
208 126
145 897
505 910
618 836
460 376
218 745
154 676
539 957
498 207
521 770
371 844
646 290
448 300
160 376
427 396
376 137
813 975
261 520
708 219
328 707
478 448
976 120
910 54
81 60
861 726
185 229
482 716
179 462
797 131
528 171
88 394
906 590
887 310
850 377
778 976
693 5
576 720
347 707
494 626
857 248
153 64
655 246
584 72
355 113
862 968
119 751
654 679
561 396
183 373
386 476
506 926
514 826
514 338
858 273
260 601
665 241
638 462
707 5
941 545
470 242
762 337
223 978
261 194
93 794
940 331
556 249
861 819
349 842
75 606
556 475
430 266
675 31
70 783
405 113
224 78
420 354
714 88
575 301
452 499
550 993
191 281
728 711
219 489
664 388
603 522
403 321
100 149
117 346
759 587
493 531
514 391
934 457
885 68
895 56
179 698
349 473
760 781
22 999
363 847
986 842
396 480
574 475
311 627
593 345
737 130
395 339
994 52
338 759
540 54
582 931
572 672
736 146
958 250
239 369
181 582
907 82
611 335
461 185
742 155
998 533
365 829
55 201
561 870
25 276
663 445
22 501
324 612
792 267
122 101
161 197
507 925
386 189
595 640
672 50
947 429
828 310
258 795
97 437
215 268
755 455
29 641
47 696
614 558
429 222
147 144
485 978
42 956
449 515
786 569
31 95
651 993
179 884
521 300
362 486
363 446
585 18
670 666
935 562
720 791
160 969
418 114
196 330
901 996
719 380
112 765
42 393
224 936
442 431
354 81
368 142
53 917
169 419
412 777
719 500
330 438
559 669
342 979
420 219
834 979
652 375
526 561
729 205
674 657
915 862
140 497
925 547
279 736
765 851
869 85
111 566
541 171
572 754
888 564
39 966
1 852
768 62
4 455
261 846
417 101
654 826
128 140
447 734
366 503
459 9
145 471
39 167
89 975
437 856
280 156
611 315
971 172
955 503
545 102
556 515
507 523
617 11
285 763
408 854
589 435
405 327
369 437
880 297
117 609
996 646
461 739
682 593
184 973
934 499
710 854
983 67
411 491
61 769
604 45
422 645
89 987
122 971
228 649
992 834
642 681
456 765
239 690
242 482
487 902
487 353
10 528
895 943
231 581
306 28
100 826
859 265
421 927
194 614
899 771
953 547
855 808
321 822
376 848
269 548
904 151
999 107
286 331
786 935
248 754
577 379
350 947
534 459
775 872
36 432
582 857
17 324
821 221
695 462
957 981
418 712
565 457
455 535
633 631
210 723
845 209
624 224
418 335
711 323
519 444
434 801
268 357
426 101
315 624
281 304
793 249
329 782
772 867
901 150
172 261
862 875
814 226
568 161
623 150
870 841
126 582
467 369
974 719
866 773
914 105
81 699
482 277
322 150
469 205
218 968
815 748
653 774
125 398
594 63
614 480
474 117
12 67
583 519
971 13
11 54
674 993
231 502
184 616
469 631
9 912
887 509
193 12
481 693
383 324
716 2
526 342
437 606
464 925
526 140
556 777
444 6
754 231
393 306
548 979
522 859
383 667
219 261
34 670
457 560
839 988
88 89
520 911
351 885
179 27
945 856
584 474
37 118
491 772
136 207
246 541
217 352
225 230
893 215
788 496
373 887
611 615
389 406
547 60
326 187
493 557
246 259
632 961
38 693
92 878
324 37
973 870
738 983
340 210
351 869
692 733
237 770
531 508
899 767
48 588
619 789
148 940
206 981
836 557
983 157
942 664
653 596
449 230
717 743
642 686
936 685
245 546
809 728
768 283
497 493
22 223
6 398
531 751
969 85
587 278
552 588
296 711
420 955
956 582
771 282
987 586
288 863
501 729
761 634
434 564
665 640
494 621
944 301
664 39
208 676
70 764
177 420
587 757
751 691
723 277
962 294
102 918
183 645
772 73
749 713
744 360
410 535
976 135
103 673
748 698
961 827
956 656
506 667
119 241
608 812
313 363
571 669
892 467
925 470
627 763
877 306
859 150
644 940
771 276
372 43
622 402
102 879
246 681
99 1
603 755
781 134
540 353
95 109
597 792
418 281
658 909
465 648
810 31
575 653
976 716
88 827
998 671
101 379
659 104
36 680
391 132
664 441
12 382
476 439
936 838
702 759
784 321
586 554
806 642
243 443
942 128
570 25
766 31
496 910
476 275
78 614
781 514
247 252
826 818
876 370
965 252
809 88
877 735
686 727
391 631
57 350
278 271
817 524
452 92
654 487
465 548
199 69
402 128
52 825
870 654
670 968
686 66
211 956
603 813
502 760
820 262
487 614
151 673
815 102
224 5
311 167
953 899
825 659
65 739
502 686
823 345
450 183
200 88
141 482
952 381
683 293
221 808
838 746
986 487
763 349
427 3
498 742
524 766
362 121
983 661
549 564
854 43
487 552
789 439
197 364
868 959
628 926
132 388
247 763
231 791
309 282
277 325
849 972
788 519
436 78
15 517
281 458
690 293
807 267
373 782
812 728
88 761
416 539
726 898
216 881
589 132
548 732
397 59
363 888
374 918
350 508
655 476
850 874
780 101
881 336
280 93
251 975
907 165
345 435
590 779
315 588
325 443
562 189
51 837
336 260
709 953
623 505
39 553
704 514
668 870
861 958
245 893
609 473
343 706
926 39
177 318
942 108
190 126
878 724
913 68
896 54
934 778
761 286
249 4
963 355
617 693
419 614
340 13
581 93
737 153
886 823
122 43
331 401
497 508
8 64
292 7
308 47
524 472
715 651
466 933
275 109
915 132
371 977
886 597
697 213
923 665
403 987
463 867
313 930
277 310
377 522
911 687
362 983
205 276
653 592
285 757
352 992
411 602
285 532
3 102
316 943
757 330
868 475
344 173
783 896
891 714
927 298
128 451
219 806
729 125
959 148
703 899
579 420
209 287
946 658
290 759
861 132
118 165
889 958
854 729
775 3
954 66
515 175
479 955
103 267
106 419
929 249
363 863
562 616
900 228
816 618
684 112
126 364
679 416
290 157
185 544
616 155
339 406
749 363
837 399
375 551
669 414
147 709
311 2
350 237
405 928
112 491
296 785
502 727
368 190
344 913
240 704
698 296
710 468
150 116
786 296
153 650
940 367
109 161
235 139
520 211
131 52
963 14
647 179
909 812
136 52
537 487
28 380
317 105
754 614
756 883
781 701
463 988
535 925
295 429
232 714
478 202
279 494
15 43
897 5
403 412
727 268
574 194
428 745
529 464
648 668
521 928
687 982
392 261
326 665
98 384
270 712
2 378
73 8
62 18
845 56
872 359
143 261
839 233
33 825
526 59
663 148
379 635
239 820
323 901
208 625
196 324
260 892
699 874
992 577
647 35
931 898
501 685
405 615
237 459
539 651
332 10
256 736
716 275
350 205
546 843
565 471
414 591
451 94
704 100
309 346
529 773
772 646
840 462
564 379
814 545
49 103
36 479
747 272
899 706
571 140
644 224
878 99
329 722
802 471
595 662
551 386
918 802
624 489
42 962
457 528
908 819
843 838
324 825
407 826
976 206
863 470
265 988
811 563
963 301
146 718
939 209
39 697
469 808
382 933
324 960
415 198
229 193
307 591
717 679
300 96
978 872
58 357
960 511
891 81
558 104
954 307
672 588
580 976
822 832
351 257
964 505
556 454
11 467
998 874
336 642
51 241
155 688
395 736
43 440
599 101
33 722
107 326
98 921
79 846
65 33
706 821
380 77
792 55
933 792
887 280
595 586
4 350
434 989
291 88
729 929
974 925
59 101
125 104
817 830
623 323
502 693
800 762
282 196
524 689
122 209
43 944
816 351
62 670
727 1
801 508
531 96
81 859
758 607
935 584
261 373
629 423
885 978
625 63
752 886
712 972
924 110
485 546
78 512
154 145
162 298
86 332
791 798
471 830
465 193
874 951
230 643
537 19
950 873
580 716
932 834
803 449
898 775
99 847
596 687
695 647
316 345
481 208
454 395
25 999
428 162
381 772
589 243
42 446
649 786
474 25
800 73
38 592
820 300
181 382
420 690
662 209
211 958
267 401
296 518
343 149
951 708
609 319
32 740
97 737
846 941
450 911
163 67
448 31
682 972
436 767
661 74
287 94
624 537
59 646
694 1
352 296
946 909
813 16
624 669
981 314
157 986
365 766
965 248
786 632
388 128
208 395
31 663
825 422
243 673
882 295
86 178
701 616
613 663
658 528
726 608
463 67
647 384
482 60
678 624
900 882
130 761
480 504
306 480
324 314
509 7
936 477
513 122
829 678
832 520
216 366
64 867
566 44
362 488
634 115
374 634
821 733
476 212
645 345
398 359
321 513
308 835
292 863
848 177
737 49
932 384
198 818
664 190
875 219
32 538
900 490
957 688
213 66
51 948
734 243
515 562
912 227
978 805
199 973
794 887
144 922
223 281
956 717
684 667
230 266
367 590
929 362
467 768
157 152
853 320
188 72
697 626
448 825
837 685
776 336
654 67
563 183
234 121
20 742
582 281
494 17
993 356
313 145
472 523
829 496
635 263
855 783
352 55
306 138
119 363
784 327
30 271
529 418
174 634
787 581
181 55
555 766
821 899
283 873
372 640
892 760
598 834
686 104
185 625
118 622
343 614
694 330
425 785
139 371
233 970
68 538
601 750
558 435
674 940
712 586
704 777
803 538
692 513
345 76
34 847
75 966
405 263
779 810
103 402
441 480
821 866
76 390
97 630
975 175
594 247
111 170
298 324
42 814
247 292
602 50
268 203
393 249
256 94
559 541
231 650
810 579
792 177
134 529
455 159
997 531
836 244
169 291
588 715
344 338
646 891
630 922
624 443
241 15
458 171
121 846
275 24
111 731
452 649
40 121
362 608
841 742
104 243
445 389
836 44
469 184
416 77
16 133
436 288
419 200
858 518
498 354
530 294
535 393
88 840
162 416
266 682
283 512
854 140
676 286
908 215
738 959
71 739
981 738
106 961
910 437
752 670
129 475
661 730
995 484
203 503
814 205
520 358
354 401
454 182
470 48
730 870
191 128
338 421
392 497
864 192
259 821
348 356
791 232
626 573
427 548
983 206
945 824
2 346
342 202
488 810
842 51
832 847
427 618
393 251
519 323
544 443
33 305
374 424
739 121
754 31
326 362
363 869
149 922
729 326
329 634
60 976
448 749
805 260
71 517
628 245
42 135
41 380
593 608
239 770
798 23
205 119
444 629
191 603
658 690
781 788
416 578
651 360
122 144
609 955
2 609
651 770
50 397
387 473
19 538
565 482
272 57
972 287
790 445
835 802
880 401
71 650
965 609
259 153
565 779
35 285
357 607
286 547
967 886
142 162
950 903
961 231
32 960
109 21
932 602
807 280
862 101
109 338
896 463
333 509
892 511
941 337
600 382
805 721
696 225
234 89
50 672
948 811
430 474
41 242
157 589
371 206
292 688
472 10
617 572
2 858
782 937
682 271
696 481
478 278
423 701
8 740
387 657
489 678
850 821
776 100
499 530
337 867
559 529
912 593
608 247
846 643
579 1
663 678
728 757
533 413
768 395
227 691
535 877
76 489
346 106
412 369
219 913
711 540
714 157
625 386
958 219
254 520
292 764
39 919
65 926
609 812
953 642
542 253
595 63
433 935
795 904
915 332
879 760
724 368
613 144
882 371
571 563
884 948
892 244
522 456
106 539
358 157
709 964
412 355
713 690
74 914
450 517
809 491
53 958
731 33
469 50
379 290
826 576
654 618
737 483
537 937
93 406
286 950
614 260
487 63
927 147
125 928
989 645
37 607
495 290
968 814
295 906
817 288
480 253
13 752
879 517
934 46
239 679
792 827
432 710
632 335
657 457
981 341
217 991
17 765
899 102
974 249
548 878
431 389
778 245
370 299
553 646
618 505
594 350
451 356
915 415
622 275
616 283
695 917
457 718
575 155
523 872
679 346
839 287
684 628
107 167
535 965
800 565
157 874
745 106
69 461
802 227
834 6
673 100
625 893
940 724
152 487
588 839
414 901
686 994
640 699
485 531
216 518
772 629
44 476
198 197
417 731
897 506
287 260
329 208
884 402
738 311
22 396
359 762
874 970
517 814
942 387
359 756
611 664
155 440
812 770
798 239
944 708
581 140
390 626
573 692
449 554
357 912
332 217
987 251
135 370
395 717
563 170
351 183
491 63
852 664
827 51
321 224
381 659
798 891
874 901
690 247
54 977
77 242
39 935
288 638
463 505
97 734
88 642
755 310
695 432
414 733
684 606
11 502
489 317
714 608
265 797
215 67
852 14
595 332
632 579
305 457
198 562
12 436
331 352
160 619
721 199
383 165
874 11
116 957
189 330
596 694
98 785
437 24
86 343
656 121
750 921
624 111
751 950
230 785
716 654
947 616
135 806
821 392
595 140
729 330
689 723
500 124
706 346
525 138
829 867
3 227
904 561
888 633
481 122
888 310
699 526
268 288
201 10
157 100
31 989
465 571
513 177
649 124
767 891
671 719
718 432
196 62
623 898
452 4
67 548
154 491
107 473
828 575
369 385
730 463
98 190
657 440
252 508
304 742
361 375
644 152
946 55
351 783
448 939
268 352
927 692
701 987
665 882
313 765
759 447
602 406
931 629
464 849
83 327
88 414
818 830
239 777
747 682
929 106
507 16
988 393
914 531
838 52
218 857
485 373
665 471
414 197
92 743
23 222
757 560
745 551
223 687
160 688
550 821
437 153
797 593
542 415
818 688
788 583
324 882
301 541
168 791
467 647
504 809
382 781
350 435
813 388
416 891
354 756
492 580
311 503
733 111
99 955
206 666
473 89
647 842
651 30
182 630
587 170
271 403
307 184
15 847
478 869
757 712
125 493
531 645
446 746
227 38
430 442
535 611
169 815
254 336
408 836
813 607
672 414
631 357
767 780
602 522
552 504
579 98
28 667
793 366
558 727
329 847
829 468
213 428
198 691
809 489
401 846
396 969
787 197
575 683
35 531
206 931
877 714
384 329
990 432
556 752
304 177
426 638
809 846
867 366
599 62
823 431
235 580
37 568
967 699
840 663
306 431
262 107
921 198
130 222
48 95
53 879
10 657
384 983
861 319
245 67
786 258
767 793
247 606
726 132
992 111
73 526
258 185
105 298
409 382
128 670
902 720
147 638
403 406
601 181
839 828
343 951
197 215
757 115
374 512
486 487
813 759
512 409
9 297
888 499
593 64
700 417
616 372
296 646
506 529
229 440
623 210
675 875
774 571
247 299
288 117
773 884
388 511
712 588
50 206
902 848
945 530
398 935
97 453
174 347
563 236
518 525
910 496
321 200
971 727
372 273
771 983
935 509
759 387
805 52
287 217
807 188
189 521
936 372
743 740
43 533
769 850
246 974
188 486
534 433
915 209
15 356
592 576
592 51
547 719
229 355
165 402
955 325
111 285
814 121
455 959
355 142
249 801
229 556
755 138
584 793
714 360
459 462
148 43
373 624
668 502
891 717
151 941
804 444
343 879
426 49
56 729
49 810
606 227
762 689
219 685
298 426
598 443
733 549
417 600
30 236
537 749
914 730
503 750
163 450
207 187
792 120
671 873
44 988
330 70
843 384
574 385
612 979
958 435
497 614
367 41
561 986
791 885
529 834
200 906
333 789
912 419
280 693
439 564
982 586
168 810
27 342
899 369
300 417
994 611
78 189
525 573
609 897
260 95
563 244
700 413
759 552
909 321
736 827
488 718
490 326
371 315
797 209
687 571
43 459
745 103
352 856
839 507
802 362
374 475
643 721
757 697
946 72
535 163
55 500
983 517
626 976
479 497
477 653
509 908
607 742
495 954
834 251
416 469
11 690
42 960
960 613
928 454
797 7
511 124
649 146
710 299
435 110
507 115
783 185
291 939
856 684
513 260
788 487
392 791
332 336
905 18
273 652
222 26
866 596
172 885
207 499
401 30
440 795
290 17
845 666
696 849
399 918
112 873
157 653
202 893
951 267
38 148
594 471
787 144
790 979
150 891
556 408
775 469
900 142
372 896
984 224
749 468
413 777
875 438
825 486
517 436
14 359
20 316
11 732
699 108
15 457
8 881
210 398
391 337
774 100
691 685
884 155
523 911
774 831
862 584
559 768
295 957
960 978
268 267
965 185
227 520
935 681
702 924
739 30
522 153
795 631
346 999
155 809
601 915
822 657
728 664
178 209
364 622
746 47
955 378
763 730
217 575
321 335
262 788
258 171
755 461
315 650
573 862
362 383
984 277
52 12
631 136
327 484
515 96
299 195
197 879
555 263
620 801
575 286
194 909
278 978
179 435
593 716
879 30
558 496
732 103
655 769
845 345
242 315
537 421
275 32
305 658
111 129
114 780
250 423
280 226
692 482
68 268
671 213
573 140
287 293
745 323
936 993
172 839
847 437
756 54
700 683
934 760
735 247
383 250
625 786
271 667
499 921
143 357
479 234
782 702
315 100
964 967
258 381
861 201
83 930
210 150
522 104
294 421
912 806
843 472
453 344
928 131
769 919
619 340
605 649
200 513
169 923
437 889
136 764
513 898
26 490
710 386
101 74
98 624
953 511
160 141
664 271
525 794
816 260
499 624
273 493
553 789
414 548
804 316
177 224
788 357
20 574
116 992
981 183
441 32
433 581
419 77
923 909
549 260
446 3
82 549
584 850
189 234
952 827
202 294
329 69
363 483
622 279
318 272
368 923
717 653
693 233
561 846
160 380
868 433
845 54
189 769
34 119
296 319
609 396
187 65
340 645
139 895
304 277
998 648
197 625
31 343
247 250
11 89
771 896
422 382
795 54
477 263
414 51
478 495
842 674
350 873
976 838
612 422
228 239
718 535
875 883
101 140
921 18
10 784
801 185
118 758
693 928
647 541
950 239
355 308
39 129
225 716
113 682
819 293
120 564
68 671
103 649
490 652
737 588
262 473
787 682
922 792
376 630
242 402
428 462
981 518
558 340
624 999
748 31
828 205
880 787
313 415
252 983
741 55
124 936
270 535
56 119
551 564
584 691
454 923
743 581
730 998
94 672
770 283
972 72
720 487
41 11
730 419
364 149
284 63
270 666
648 900
86 13
633 174
847 729
691 137
559 278
831 739
935 59
135 249
901 977
976 702
368 494
408 899
409 877
600 919
987 34
626 877
842 689
458 619
453 914
396 267
101 872
88 937
479 767
457 282
449 120
956 104
986 878
144 137
196 519
159 88
268 989
948 201
862 824
792 20
96 588
247 807
391 546
941 575
402 277
49 766
70 837
667 900
83 643
415 491
79 718
498 48
418 549
828 855
714 206
935 198
31 260
458 835
715 971
562 7
211 197
863 189
506 75
666 689
30 587
454 418
486 379
915 72
929 867
49 804
296 856
727 7
588 179
232 875
759 472
850 723
269 338
74 837
298 347
411 81
441 511
964 22
144 240
112 140
218 99
448 407
568 257
481 752
584 883
782 574
905 789
203 18
457 617
10 74
625 16
349 369
177 161
17 530
168 230
76 268
794 266
159 227
151 344
611 74
323 815
63 144
208 897
377 460
147 831
591 520
919 928
690 970
495 161
280 376
558 259
354 678
139 581
599 82
72 250
813 357
202 370
282 251
509 783
500 989
608 475
757 642
655 549
696 98
993 744
70 307
245 445
2 876
943 154
85 977
131 690
496 885
764 943
41 218
838 456
48 146
236 872
372 502
809 804
885 940
952 553
165 109
86 113
441 547
712 290
248 801
265 427
491 19
478 657
775 304
277 862
540 61
761 253
377 605
606 551
146 21
365 727
301 827
674 758
724 810
653 523
419 339
59 70
581 779
462 807
67 821
634 10
79 425
681 326
486 118
692 323
62 168
373 644
291 148
73 995
452 159
151 958
216 785
730 587
111 354
658 989
378 791
403 92
987 175
100 857
384 234
678 422
411 270
901 566
663 530
943 960
871 432
933 157
529 530
765 975
537 937
338 768
193 225
857 288
690 390
525 382
347 896
19 666
304 195
95 107
876 793
758 693
931 732
798 845
457 975
971 344
879 893
339 729
863 756
716 433
38 83
588 652
913 882
161 82
419 899
350 27
15 350
109 403
136 392
124 512
745 734
300 265
526 6
868 732
974 559
429 436
37 271
579 654
284 286
664 572
390 774
26 935
446 798
136 862
638 533
892 626
702 838
913 271
429 370
352 13
999 767
243 304
702 413
519 476
723 663
39 620
461 896
442 215
823 747
623 57
469 642
51 643
513 228
877 321
93 554
207 120
134 800
574 734
504 197
53 54
761 559
19 538
366 266
711 424
546 944
434 310
774 789
58 970
202 863
291 215
667 867
740 377
613 301
939 600
367 801
88 163
798 6
122 183
3 352
691 928
146 698
547 60
513 644
953 193
174 591
998 140
704 209
66 452
504 397
62 112
232 508
620 728
987 702
726 824
472 659
528 618
143 908
806 664
813 58
382 373
129 32
436 179
190 420
222 384
614 115
946 709
888 845
623 583
688 388
713 508
538 472
95 777
472 599
525 21
867 840
211 757
466 25
952 377
137 652
969 52
358 187
901 541
986 330
811 775
114 757
386 869
502 325
175 235
138 594
809 489
18 478
386 667
115 983
187 801
956 577
364 5
392 357
561 257
44 381
207 871
647 119
905 211
898 963
403 735
582 956
272 449
463 504
234 551
478 858
321 962
511 685
736 377
150 962
566 631
550 316
723 256
930 418
654 468
154 690
591 709
750 490
818 824
951 805
353 995
592 898
256 13
943 547
87 954
458 821
519 308
399 448
715 746
397 339
612 994
675 991
743 215
615 739
455 172
889 590
253 759
206 710
995 820
633 561
782 492
519 818
715 879
945 982
819 832
538 201
932 991
573 611
232 54
102 944
354 880
431 110
284 194
378 519
764 800
768 935
556 330
405 581
838 999
633 405
54 689
376 293
981 321
997 183
707 372
194 951
731 237
159 110
196 565
891 826
695 669
979 813
819 318
819 901
875 210
449 734
891 93
557 704
328 973
812 92
42 851
462 935
477 322
715 194
83 251
943 102
675 81
921 419
271 981
294 371
606 667
222 927
52 199
462 934
292 984
825 429
35 72
620 187
665 975
212 950
918 348
751 914
234 609
206 507
941 788
561 570
918 521
762 295
157 16
545 403
671 353
633 461
219 941
754 179
352 52
98 387
317 166
889 439
741 857
903 571
934 918
178 191
465 845
913 322
530 154
348 592
605 972
205 535
66 923
33 328
96 885
314 452
993 518
298 578
616 562
838 482
12 318
172 415
838 130
285 510
112 109
431 911
941 728
402 692
785 3
487 435
383 247
670 27
464 540
857 153
282 798
726 700
48 202
579 241
952 508
761 996
664 802
714 595
342 13
380 104
593 317
899 533
708 476
808 817
979 232
62 377
821 64
744 989
626 935
581 392
902 842
597 216
346 345
817 93
856 970
580 10
18 693
271 260
316 361
337 526
259 48
954 86
619 943
848 294
425 40
14 832
228 747
77 165
935 986
743 598
840 270
970 335
721 862
162 458
502 144
267 682
381 33
792 225
984 269
903 786
764 970
218 337
79 511
926 269
767 816
282 548
712 605
790 908
909 562
258 207
399 224
750 272
244 564
267 206
755 700
991 103
999 915
146 613
369 193
988 375
713 83
652 328
566 588
648 79
62 879
428 2
223 525
193 313
976 690
481 520
712 28
144 456
370 765
252 635
742 146
42 710
789 898
53 336
189 993
937 25
277 680
811 893
505 902
739 572
202 9
333 512
824 977
509 107
461 43
778 825
545 33
401 696
628 179
778 763
467 971
683 24
633 270
819 477
208 704
602 18
8 239
360 315
367 619
923 373
154 668
804 9
602 222
11 377
889 184
530 948
643 437
834 836
141 462
884 735
10 430
422 843
230 575
60 580
713 680
615 645
280 907
921 627
179 87
42 350
559 880
439 944
729 25
537 667
357 403
309 745
822 810
301 594
787 291
256 670
280 611
526 370
987 425
26 648
981 62
898 202
108 784
273 958
94 377
727 964
574 295
842 46
609 993
529 126
989 551
152 956
459 977
208 339
222 379
134 775
228 143
459 58
517 443
244 487
961 108
722 446
23 83
620 282
588 311
620 975
824 100
576 160
730 288
18 39
413 211
50 615
836 482
594 640
233 437
965 673
457 37
467 159
116 28
65 499
286 664
566 511
987 452
216 777
99 801
406 956
975 515
583 99
603 71
972 131
40 475
803 101
120 270
831 229
900 497
175 392
241 966
869 307
916 869
771 998
71 486
498 654
282 573
630 691
609 709
742 973
617 287
626 786
257 109
770 549
699 151
288 765
435 499
251 507
646 930
924 630
245 502
681 376
31 308
207 944
711 944
612 76
245 395
369 844
117 638
386 511
967 151
354 464
173 947
633 814
618 380
928 992
37 963
850 869
561 59
768 782
775 862
399 563
471 916
828 616
275 143
39 348
719 611
453 616
718 656
971 383
779 585
257 573
363 462
57 512
882 996
921 971
217 915
881 457
408 243
837 812
529 780
987 763
420 330
110 25
167 584
230 179
696 665
228 573
658 534
552 59
522 571
547 942
719 921
608 993
384 310
717 32
828 329
202 216
82 761
648 318
515 970
811 484
771 189
414 478
144 521
418 405
188 593
626 421
821 881
292 932
906 383
132 838
174 713
272 672
643 617
133 996
106 23
266 735
256 261
283 816
434 713
281 883
268 982
78 468
769 479
657 273
465 471
817 344
386 838
107 209
992 149
592 697
522 996
747 372
143 272
847 451
172 916
370 504
820 392
623 951
857 71
685 463
482 866
191 306
854 447
499 925
503 370
528 410
202 458
964 858
452 294
772 131
497 375
495 156
115 840
254 469
698 657
358 398
652 682
863 358
471 33
615 376
544 105
913 152
33 332
267 292
486 305
623 566
830 572
694 496
936 101
294 426
42 62
71 687
603 327
75 605
78 762
845 776
114 222
258 361
25 61
544 460
195 419
668 905
469 196
879 33
900 816
910 542
520 643
212 63
116 361
605 670
869 913
718 119
256 441
708 716
281 459
163 88
122 998
824 944
49 184
200 665
541 755
906 293
994 280
266 525
383 250
671 226
966 166
163 339
430 163
982 432
618 317
794 445
299 384
386 3
653 605
724 806
101 249
742 567
883 513
579 691
496 271
150 997
55 614
35 981
412 78
122 664
484 429
283 341
353 28
285 444
552 658
26 829
272 290
921 795
484 115
613 331
256 423
872 904
507 261
5 657
798 252
229 603
449 650
727 427
713 396
923 471
343 857
758 235
823 701
504 378
111 21
460 691
217 603
749 252
697 434
621 109
748 307
555 132
763 168
752 529
236 114
882 789
414 651
463 132
966 704
594 590
526 714
797 484
218 750
136 257
692 209
217 455
923 671
885 724
512 462
702 924
81 871
382 9
345 213
706 511
183 441
714 565
376 18
430 982
247 972
64 504
968 581
53 851
974 422
71 655
301 278
673 213
760 522
18 982
561 398
971 191
460 692
89 28
412 478
561 723
382 7
331 34
688 384
892 579
715 68
892 784
121 841
9 442
21 436
695 450
825 290
447 291
185 603
825 149
866 44
734 514
482 689
168 449
104 6
643 557
299 269
114 65
445 546
360 453
203 675
213 541
842 937
152 818
781 114
614 934
409 393
267 654
709 956
569 741
285 269
105 328
559 46
539 76
947 546
771 583
774 341
483 830
122 988
416 718
347 418
713 841
514 261
441 311
940 392
693 470
623 54
929 125
399 478
996 496
652 154
330 579
411 215
631 591
626 175
290 187
439 473
987 791
146 217
129 629
586 195
463 4
512 553
727 546
552 899
44 852
63 291
955 588
586 137
669 113
193 332
492 851
706 618
393 917
131 59
327 916
491 879
560 52
933 558
300 409
923 307
491 586
316 463
330 459
146 692
508 795
206 265
956 650
707 645
249 867
656 959
371 406
730 597
925 977
858 131
788 632
690 263
751 243
270 283
345 67
458 703
61 335
18 117
767 954
219 859
213 919
541 628
67 657
614 839
656 294
969 227
287 783
822 551
478 968
572 301
564 623
477 723
769 490
684 160
6 455
728 693
794 546
389 67
766 483
766 128
504 618
824 896
809 525
500 55
634 114
784 243
904 240
597 856
129 976
771 563
513 477
345 829
233 634
744 939
843 626
611 889
513 672
331 391
612 970
475 397
101 528
788 276
974 264
691 23
466 456
854 114
161 598
887 657
967 261
754 793
511 843
336 869
99 357
903 371
392 452
866 308
56 6
332 304
19 13
75 304
808 417
825 945
613 183
549 460
683 897
346 741
597 424
886 297
42 295
717 115
241 442
647 304
277 383
471 305
553 355
102 89
880 744
738 646
925 391
779 840
66 781
820 736
505 418
766 794
365 292
532 587
658 437
256 867
988 616
963 452
965 936
70 489
503 822
177 702
319 161
732 266
389 348
218 48
739 528
827 39
364 20
217 583
584 978
381 789
277 829
58 153
887 608
970 645
171 343
761 912
472 940
304 987
801 125
390 823
738 684
399 409
686 602
78 430
911 145
699 416
764 432
263 770
350 105
643 747
52 541
943 936
476 831
654 868
603 846
805 687
207 741
95 136
133 337
936 593
912 895
681 595
82 656
414 690
314 785
568 731
848 561
68 263
227 122
504 966
380 770
5 577
875 10
525 900
217 119
391 955
102 415
264 196
339 814
60 62
606 801
285 187
580 446
301 336
495 183
356 142
50 242
20 690
392 667
153 472
210 752
957 644
593 784
819 58
657 958
606 690
690 982
461 834
283 398
836 360
197 612
873 588
4 284
306 467
246 214
370 623
517 815
555 728
841 692
324 675
837 768
360 88
399 598
390 97
66 797
932 745
676 804
478 279
183 216
654 733
822 820
646 910
997 944
733 771
544 423
472 190
871 509
862 368
970 224
933 343
818 260
136 795
605 97
726 193
87 545
539 170
953 714
771 413
954 846
621 935
714 983
671 416
901 874
119 147
534 907
683 333
125 401
988 818
284 667
6 196
462 315
547 805
713 770
880 751
917 924
336 97
333 205
504 453
926 437
212 904
958 16
936 794
919 385
856 975
476 648
659 557
163 905
420 15
382 408
521 48
704 140
94 667
396 508
394 952
215 160
174 887
424 827
926 875
654 584
783 644
47 867
804 119
170 441
883 594
797 619
341 335
515 72
50 125
96 395
857 547
710 895
213 199
265 616
212 744
314 411
457 408
146 833
581 62
389 41
905 403
649 652
999 388
71 356
386 967
769 823
771 433
117 576
278 335
393 823
668 300
207 762
209 459
297 445
523 197
183 820
86 403
262 273
792 615
540 51
21 531
116 226
971 698
882 243
414 196
15 755
547 563
680 42
508 760
669 645
596 744
11 703
502 874
632 514
635 199
187 997
338 654
435 819
879 812
966 738
881 615
290 62
305 735
763 102
2 556
260 126
747 620
462 378
500 979
346 628
839 67
328 311
188 354
497 988
224 267
382 453
262 710
288 984
434 292
385 999
73 798
47 251
215 640
16 733
937 86
190 490
653 891
268 431
974 374
664 794
670 294
63 495
680 206
413 726
347 950
385 399
989 128
98 490
550 170
309 228
858 471
505 734
36 507
243 442
813 70
381 175
872 133
974 783
448 383
389 900
349 859
889 671
918 619
448 425
272 439
599 913
177 955
421 151
914 153
921 570
603 671
105 170
883 825
172 417
842 373
165 436
616 480
655 173
471 95
579 318
764 32
699 351
71 212
905 39
261 415
126 693
542 249
358 962
460 570
599 623
65 336
684 399
929 518
674 340
520 919
876 807
214 256
368 875
351 951
269 342
871 332
321 438
171 413
37 718
296 406
884 925
190 287
496 495
88 689
286 838
62 919
18 716
835 552
747 356
328 20
359 598
436 524
509 339
579 956
2 946
921 773
351 139
689 797
178 809
233 995
332 909
512 397
100 1
572 348
450 690
589 99
910 563
934 324
189 932
805 99
424 488
666 461
210 120
54 850
235 900
420 162
267 23
338 336
667 755
773 235
141 498
888 277
236 803
379 535
162 528
736 375
651 757
714 798
337 211
751 311
481 931
616 373
87 662
454 748
822 469
775 698
161 287
441 581
534 732
591 99
153 128
337 427
569 993
245 385
315 897
572 38
264 766
263 46
668 2
102 194
106 419
499 83
214 339
532 678
206 687
246 640
892 215
763 984
719 656
169 477
627 275
298 482
635 432
321 692
386 645
141 566
217 110
953 872
161 524
190 83
533 423
695 19
897 816
154 889
787 654
5 651
147 782
570 217
891 321
997 942
647 138
722 208
836 667
955 647
421 22
309 607
153 210
508 466
110 407
794 348
214 698
834 550
592 50
209 279
863 348
679 9
409 269
995 761
15 438
459 227
347 962
134 733
868 225
393 126
159 875
681 279
410 935
531 512
800 292
591 520
790 17
493 818
922 520
19 578
704 449
697 969
778 7
74 55
375 590
928 977
336 272
782 606
219 321
290 777
410 333
349 49
991 484
801 982
707 33
95 925
948 727
475 486
437 540
58 812
226 362
747 208
86 214
278 688
668 683
667 983
68 467
132 693
885 147
755 229
552 893
772 759
366 927
722 868
473 691
554 37
405 824
655 169
332 859
517 417
18 986
68 361
831 478
568 824
682 151
474 41
936 945
951 640
629 742
584 166
771 197
682 401
945 9
942 878
237 405
165 654
843 341
259 761
392 297
57 973
383 18
31 785
755 167
51 635
300 124
217 272
501 418
631 141
519 384
854 442
581 707
876 503
931 428
40 354
129 264
573 748
794 757
114 517
476 341
645 47
866 436
256 233
461 21
992 515
842 415
393 188
992 362
89 252
731 182
46 777
820 680
659 398
3 335
900 675
933 200
838 850
849 455
774 611
67 691
323 13
619 471
911 576
94 7
802 850
70 781
566 70
476 568
552 28
370 41
987 573
535 354
258 374
650 229
602 836
787 631
966 265
341 982
317 492
260 58
331 340
413 277
824 992
242 466
951 309
772 292
922 954
81 744
116 441
513 877
327 951
972 114
511 286
982 617
199 552
365 740
339 728
314 669
605 771
862 114
283 901
992 704
937 529
444 935
131 200
269 103
638 598
854 457
87 929
230 233
116 492
794 947
122 355
215 832
193 297
713 621
549 613
230 659
358 144
613 835
94 107
805 994
906 435
557 26
940 381
764 575
411 743
754 199
22 280
574 446
217 256
945 784
67 512
583 977
92 113
339 794
862 627
233 297
145 462
207 568
103 352
754 586
460 915
898 548
710 390
899 285
561 136
310 224
440 509
383 459
461 451
975 721
411 349
748 883
109 208
87 391
625 269
491 620
3 883
937 100
247 371
126 102
121 131
910 113
324 142
146 236
160 94
835 607
598 132
430 503
531 708
553 280
531 267
73 163
954 873
805 483
950 805
562 144
537 55
617 507
967 476
206 403
322 701
697 687
878 777
498 197
930 77
473 611
707 737
588 836
72 429
909 341
689 163
459 840
233 318
664 121
282 887
374 512
174 253
717 627
474 2
36 900
484 221
397 86
395 648
808 321
406 946
771 67
704 311
891 322
650 598
408 160
888 625
882 105
580 901
858 576
969 280
37 759
642 136
821 107
732 686
574 697
522 945
87 745
122 600
739 162
331 583
912 706
782 411
409 848
196 130
425 594
879 632
68 875
732 77
898 286
336 794
614 492
629 329
168 153
951 33
71 826
465 58
850 65
234 967
788 999
435 87
581 73
669 437
700 888
900 470
714 203
288 952
942 804
99 359
154 333
157 745
538 558
661 436
977 172
434 599
221 946
333 809
89 662
24 22
785 32
254 106
946 140
420 47
431 270
834 368
897 256
874 794
586 71
359 41
876 389
783 5
999 499
821 373
503 286
166 450
112 392
558 709
310 189
666 137
89 768
662 38
304 790
635 802
590 793
571 501
346 907
643 308
698 915
390 248
757 897
554 593
530 169
395 514
545 674
61 736
745 461
137 782
474 507
735 487
736 199
519 686
767 854
694 525
626 605
16 900
530 676
801 106
59 963
167 729
293 72
425 371
524 616
668 812
464 745
115 74
325 247
224 422
588 784
266 541
133 830
324 521
452 140
781 582
891 657
889 748
576 222
223 109
807 494
5 419
124 498
533 706
43 634
379 858
147 967
276 517
627 9
558 874
114 421
871 450
39 16
830 325
162 60
102 179
869 851
9 321
594 555
420 967
348 486
757 685
586 794
62 309
299 344
560 882
465 554
931 175
92 763
528 462
124 295
142 625
999 572
833 449
328 880
137 20
178 802
3 584
738 628
259 323
205 509
8 411
766 291
103 749
615 401
276 114
868 394
759 898
522 840
751 206
98 440
581 524
310 982
488 943
19 792
603 523
376 261
835 968
983 453
469 691
321 218
525 770
143 432
217 806
54 105
951 574
378 429
596 993
455 816
448 492
540 467
862 269
137 448
55 767
585 640
533 431
692 343
488 179
950 833
846 976
952 606
532 800
913 287
102 233
89 611
576 71
296 379
522 92
79 322
11 965
535 833
457 71
802 650
184 361
431 843
34 772
217 189
406 361
994 510
507 729
812 292
270 219
713 83
562 593
667 848
392 924
430 287
96 98
861 858
79 252
570 667
9 205
24 768
600 197
645 497
465 646
247 607
520 814
778 280
491 755
674 206
750 362
326 561
964 668
808 411
187 219
923 452
51 686
396 925
53 656
113 675
234 476
959 579
207 265
608 281
271 81
562 706
870 397
271 735
418 377
10 919
141 579
558 626
804 470
522 22
34 729
368 840
101 52
9 698
587 168
369 742
973 383
379 663
609 663
38 910
475 568
782 457
258 108
922 880
101 572
494 745
424 798
618 175
719 492
484 288
874 424
788 375
265 175
959 239
606 321
537 663
87 112
271 501
398 977
899 851
819 987
15 397
229 600
900 386
910 459
800 517
560 219
392 661
401 884
425 428
242 786
120 455
588 716
308 934
44 301
947 222
913 361
626 902
947 990
921 183
813 440
464 810
216 584
503 545
630 245
358 59
392 609
244 692
169 951
620 842
304 92
281 968
28 71
300 152
145 940
414 714
700 874
191 365
446 226
187 307
443 264
889 52
384 675
765 640
989 500
862 221
189 953
563 396
260 762
649 481
31 568
371 276
858 189
53 937
247 878
481 86
704 550
406 12
297 484
126 458
482 198
294 470
867 149
507 189
257 659
339 62
16 402
201 86
542 726
631 990
293 356
28 648
566 591
137 979
669 422
286 168
195 131
934 555
375 103
347 361
744 696
92 391
108 445
496 420
631 21
30 812
382 353
568 724
771 722
892 933
393 788
92 507
509 148
215 863
342 102
479 547
161 858
466 720
666 577
615 450
212 924
237 297
100 306
936 770
124 362
496 487
817 447
947 686
781 40
673 948
724 833
324 950
896 301
888 902
394 880
126 875
287 120
137 847
296 947
930 383
247 988
368 308
124 133
585 863
654 107
658 446
704 455
141 591
282 541
698 114
593 787
481 224
958 483
958 892
861 876
663 249
807 718
18 972
842 693
10 283
823 736
28 998
325 149
735 243
420 973
795 297
583 875
512 102
772 906
701 997
173 430
988 572
519 332
449 413
471 684
119 662
283 203
720 630
414 572
798 50
876 356
620 694
398 842
60 741
428 509
434 443
139 352
119 338
131 297
394 9
479 418
374 327
959 406
439 413
519 834
397 344
661 126
881 889
53 821
196 663
249 924
520 421
611 861
150 205
846 19
963 800
519 491
711 295
924 854
439 181
285 669
442 313
792 97
911 554
696 608
981 648
189 997
154 337
818 390
768 305
747 612
453 430
357 895
873 731
619 832
14 146
494 131
219 216
908 101
626 851
588 290
649 626
589 804
466 117
587 276
625 897
94 104
452 290
764 826
997 995
465 682
326 898
338 695
455 148
258 179
672 339
795 216
172 817
685 937
243 787
933 854
224 253
113 750
794 681
825 114
667 845
681 808
266 79
987 337
797 128
495 628
495 653
994 13
165 311
607 288
477 251
451 246
111 763
378 412
673 813
842 75
947 608
281 323
67 737
283 742
329 735
730 263
13 958
614 485
552 921
752 43
409 868
473 802
233 137
432 961
372 339
561 126
159 905
300 558
196 418
948 834
722 568
504 568
632 277
301 486
380 710
827 872
703 23
958 595
499 687
401 419
926 378
579 699
681 658
736 978
910 349
714 23
72 59
136 388
67 692
386 258
412 806
236 813
768 353
962 56
330 817
726 763
841 460
141 98
128 408
921 984
653 815
702 515
260 348
843 734
981 951
961 237
661 907
573 988
237 780
18 356
855 269
316 78
156 620
203 98
387 960
15 187
928 281
199 845
486 54
551 712
494 121
848 804
421 809
921 169
598 229
98 663
324 684
126 173
237 857
526 800
209 702
420 233
723 370
514 720
565 273
603 545
173 873
952 97
694 357
83 358
694 906
577 271
887 970
386 479
191 26
979 142
456 420
470 316
815 982
236 187
394 771
987 588
465 30
505 529
151 20
357 213
892 113
369 552
627 86
778 662
76 861
888 745
989 928
569 152
93 119
514 344
497 345
481 386
810 349
469 157
479 9
655 766
87 539
429 101
113 917
972 177
128 262
933 215
65 623
52 935
175 316
269 15
761 412
104 60
521 898
609 421
724 348
680 960
309 542
954 836
69 337
69 4
28 737
182 830
285 556
668 352
298 524
392 337
607 845
831 707
382 623
189 975
149 249
509 567
239 597
616 347
480 935
631 713
51 273
834 874
754 13
406 716
775 184
234 55
104 391
730 401
74 498
592 814
693 612
838 177
774 830
25 737
101 9
952 370
102 683
942 253
171 811
452 74
58 944
298 693
979 128
31 927
965 413
576 71
721 396
101 48
870 489
386 421
213 538
826 817
555 756
272 684
105 479
382 688
358 304
461 347
508 593
237 807
558 22
952 287
245 622
923 401
813 52
638 812
664 940
2 55
976 66
883 66
618 101
438 465
553 945
676 30
561 821
415 229
918 850
805 71
868 446
19 183
680 616
668 833
190 588
866 52
788 169
903 858
744 446
789 426
435 887
115 619
960 56
484 814
315 503
382 415
614 16
414 503
828 340
327 69
839 449
344 10
603 606
457 241
109 89
291 471
991 550
101 567
242 559
501 857
701 819
143 257
69 74
626 759
49 450
108 82
291 724
245 984
424 510
505 281
195 87
648 207
615 137
921 397
462 153
148 377
187 475
375 935
63 976
191 655
23 146
966 808
857 51
843 776
547 691
71 805
426 68
177 987
465 285
219 484
415 722
755 179
808 224
872 898
126 178
172 713
135 254
723 416
156 281
764 681
189 497
936 947
446 756
827 354
385 647
693 275
324 798
261 243
110 257
624 842
247 202
475 361
687 711
161 346
565 42
139 327
675 845
41 218
237 460
177 738
917 623
675 932
709 912
410 144
578 257
711 749
652 75
221 336
592 724
508 910
936 366
154 651
461 43
46 196
783 66
989 896
201 523
278 399
69 446
380 792
931 957
229 538
825 14
595 924
157 847
100 909
63 611
533 394
493 65
715 128
530 931
904 691
434 358
745 514
134 348
600 797
295 454
877 360
49 926
401 697
459 211
622 292
219 612
701 700
71 967
323 781
547 889
278 245
733 107
758 329
987 876
997 562
292 4
854 109
818 240
734 46
435 259
381 750
170 900
62 157
650 820
194 332
34 419
794 686
522 629
321 412
469 517
633 145
893 202
202 686
607 635
524 349
380 830
155 14
452 116
782 314
519 722
691 109
239 76
530 789
545 640
748 27
259 286
503 943
282 717
591 922
574 163
290 801
554 8
5 62
426 788
42 394
60 393
743 908
198 63
701 614
415 585
88 562
382 235
68 179
674 423
58 735
362 200
219 364
542 46
644 569
109 652
874 783
808 422
48 720
891 442
734 943
435 103
642 783
763 872
479 374
290 116
458 252
67 915
150 597
936 68
887 501
388 324
265 712
66 398
801 735
490 790
57 991
331 866
444 607
464 410
999 498
242 314
555 22
916 304
562 208
814 950
362 403
557 191
439 384
368 284
115 953
958 468
581 889
746 336
316 508
771 311
547 296
934 601
829 707
330 689
778 709
20 974
269 139
18 500
929 638
510 719
385 270
678 133
947 473
135 572
531 701
958 972
411 422
463 341
885 474
698 937
379 365
16 915
466 259
570 189
458 928
937 790
398 224
668 281
621 679
666 512
728 520
997 827
139 928
230 879
651 124
600 847
991 315
664 541
749 462
221 684
624 558
647 160
628 333
329 769
126 299
435 37
65 343
986 708
267 615
280 174
448 896
200 53
829 849
624 411
551 99
199 324
13 643
849 151
315 587
561 97
185 101
78 387
788 842
737 950
358 580
556 286
913 824
448 234
259 248
116 782
653 618
572 205
727 89
254 129
798 857
244 34
277 624
816 73
695 906
26 335
20 54
217 266
205 34
892 129
518 492
640 417
800 648
269 614
51 416
246 977
622 301
494 389
159 941
104 654
888 992
280 935
749 327
159 794
659 336
676 731
566 841
616 135
582 774
726 215
773 621
115 714
762 92
970 482
446 581
997 283
356 233
261 634
692 761
512 844
552 331
226 242
374 229
241 87
667 727
772 315
745 625
290 759
282 736
689 210
645 926
712 308
593 168
143 9
629 88
710 250
74 804
769 34
662 194
915 486
450 788
749 738
622 22
391 9
690 343
926 825
449 523
973 859
347 782
295 748
474 27
531 831
575 558
521 814
246 855
917 878
383 272
162 987
293 305
288 545
111 578
946 787
442 993
25 578
376 994
607 181
226 62
979 967
734 166
738 999
686 546
988 435
774 994
568 141
685 126
545 331
732 290
369 772
553 670
810 638
873 815
246 345
313 66
386 41
968 674
982 212
74 385
489 946
8 445
66 104
811 99
457 61
120 308
117 379
557 31
136 344
459 384
488 613
932 871
262 871
988 244
313 138
251 552
270 929
731 833
766 959
240 858
492 913
311 772
687 720
690 568
203 50
338 134
162 460
835 345
382 89
410 283
740 242
617 23
744 778
49 746
30 666
953 31
361 342
427 174
138 767
196 278
776 438
590 222
325 455
511 546
905 53
474 946
953 367
714 458
508 977
256 972
248 580
426 552
3 935
358 96
568 97
627 141
64 167
159 485
776 935
703 655
748 83
282 383
522 482
66 299
198 979
116 986
616 292
71 820
807 606
317 583
165 811
657 100
619 697
532 498
478 971
232 152
79 73
546 358
747 465
571 654
653 702
941 209
490 687
868 424
357 806
480 485
507 884
595 601
482 587
881 153
827 402
988 995
396 811
200 763
981 756
293 994
735 617
510 116
205 701
83 375
981 563
454 574
575 918
959 276
44 21
851 901
978 580
415 866
608 286
283 435
605 594
837 51
630 708
495 189
207 118
553 421
692 798
869 440
365 710
456 617
264 817
533 747
174 330
86 70
284 826
570 925
771 593
809 522
692 924
517 790
368 160
451 751
885 336
394 21
188 190
831 997
935 572
340 523
587 487
161 7
810 17
417 429
837 783
825 820
749 461
242 55
13 561
271 618
187 121
528 277
578 918
32 299
421 569
859 345
847 370
775 261
533 718
112 129
487 191
24 237
133 304
563 724
380 992
257 309
160 328
121 995
726 444
244 375
991 559
843 635
35 993
939 461
540 359
372 602
590 296
62 343
919 630
386 216
697 786
422 71
958 671
710 55
988 554
399 537
577 528
168 489
696 295
428 132
770 59
173 426
417 159
842 665
109 551
508 120
943 382
294 666
819 72
957 552
468 93
144 81
393 374
688 331
412 899
512 439
416 120
658 380
209 291
672 573
876 698
373 21
600 116
468 856
574 5
340 305
406 235
356 762
688 376
837 784
713 346
995 898
381 442
93 94
549 377
56 242
134 612
424 102
616 381
70 738
75 202
956 171
693 143
990 130
856 815
471 162
102 503
248 396
353 265
914 612
888 961
717 474
104 52
907 576
645 115
964 862
698 156
283 195
518 946
128 365
135 342
600 371
139 678
330 712
892 349
443 18
284 122
405 884
10 86
291 937
931 736
968 83
741 851
313 179
576 481
901 116
194 181
907 676
515 455
480 2
533 214
390 227
109 490
474 616
896 282
640 750
99 560
959 418
450 299
941 149
168 889
31 922
382 835
987 193
906 344
586 35
98 340
696 391
162 178
606 117
986 976
963 569
924 482
814 25
484 986
662 242
673 38
101 809
411 34
835 694
221 656
151 173
852 309
953 758
521 599
452 122
56 674
929 746
684 768
96 62
245 904
711 402
482 465
673 765
726 145
785 3
539 79
224 21
521 532
266 271
788 265
569 242
546 406
595 999
347 761
793 15
603 213
529 339
493 97
718 184
288 715
734 973
421 480
698 966
409 765
826 100
285 648
534 680
785 726
248 322
778 423
924 936
414 711
746 977
19 229
25 431
464 347
494 140
820 511
573 451
662 65
807 27
52 78
374 479
944 772
909 530
432 16
275 658
893 916
953 465
222 149
313 52
422 580
522 69
907 987
26 76
721 506
147 830
782 146
975 387
850 16
659 113
279 699
270 468
931 466
809 696
89 34
200 177
3 473
700 747
424 856
730 314
365 534
755 206
560 782
229 401
1 188
121 771
297 301
439 195
313 457
184 336
696 967
585 63
83 416
290 749
580 999
695 998
856 998
710 168
878 644
211 966
664 634
647 919
954 880
160 3
793 281
862 450
629 211
711 368
408 706
275 21
375 479
258 946
494 570
925 173
520 886
915 409
383 268
653 208
609 411
92 395
156 367
585 59
755 559
645 928
82 658
958 974
209 896
110 612
812 304
778 687
501 528
151 148
620 776
953 399
785 184
530 290
688 96
30 927
535 259
449 455
167 603
918 228
593 686
114 61
843 58
672 768
539 509
581 381
703 388
618 966
451 406
539 468
888 47
808 845
200 31
831 906
183 595
999 519
340 388
141 356
577 931
599 593
888 498
374 669
654 332
55 265
477 615
210 624
12 137
40 378
361 537
262 369
2 904
47 107
440 847
721 426
414 282
78 665
57 806
622 560
731 945
373 165
685 971
372 96
239 190
363 409
466 129
867 355
984 761
687 994
946 907
336 292
798 692
506 413
212 423
83 40
666 53
455 348
950 307
558 712
834 738
386 854
292 73
496 6
502 455
254 613
910 828
88 261
1 475
588 466
691 221
310 318
701 640
473 893
360 947
190 1
361 523
691 66
282 136
785 975
6 928
348 308
828 732
89 964
445 793
936 821
701 684
509 408
99 550
863 322
569 406
925 373
159 22
273 958
384 745
900 684
469 923
23 432
941 155
662 833
908 824
473 490
402 537
622 739
507 908
346 162
535 981
640 915
986 449
17 389
182 532
957 440
927 704
112 916
703 768
840 563
582 986
63 405
635 171
446 99
957 359
85 140
675 50
360 16
773 576
644 451
215 311
575 787
160 788
955 455
691 520
97 921
94 395
491 228
226 454
997 459
899 675
718 644
739 183
147 609
558 832
428 390
934 502
491 547
529 260
656 287
749 418
876 830
812 209
455 323
134 285
129 193
435 571
804 520
481 502
416 219
802 216
687 431
906 464
555 166
768 687
260 509
990 811
119 591
634 115
871 832
564 459
917 108
504 391
219 359
181 720
906 415
187 761
951 360
942 229
658 361
20 205
461 470
552 333
931 785
491 319
504 265
993 835
427 921
695 182
407 495
102 899
803 668
263 848
163 92
798 906
232 617
300 963
695 995
240 947
174 299
734 580
972 632
144 820
691 500
757 693
338 343
831 566
261 622
281 835
615 18
695 35
792 298
917 481
22 812
769 148
895 574
885 55
503 70
426 449
87 499
410 594
888 706
927 847
432 794
283 159
423 974
623 402
442 247
927 53
517 396
935 611
540 588
405 648
850 580
305 540
708 409
674 460
775 317
902 628
319 744
955 427
5 483
252 829
224 92
432 574
282 615
975 465
707 886
667 349
751 28
136 662
670 156
678 823
988 85
997 111
74 689
696 674
165 150
764 842
574 60
995 309
650 472
620 672
475 912
126 28
997 296
862 181
11 415
905 936
419 924
521 262
674 155
702 965
974 330
490 657
198 392
957 916
403 178
777 249
523 581
455 720
232 712
173 975
880 137
365 542
672 577
362 349
925 684
244 534
89 541
124 461
966 992
109 957
261 656
680 32
917 945
756 499
268 139
582 525
930 283
478 100
145 820
364 717
545 959
747 529
11 560
36 780
417 896
379 908
250 929
63 219
82 396
744 72
30 222
844 683
439 618
115 256
813 184
132 862
821 583
591 537
236 324
792 722
588 139
230 907
623 363
545 783
43 907
268 761
532 63
379 485
8 281
814 620
687 694
106 555
156 532
162 550
514 295
375 444
363 755
409 147
36 338
452 671
909 229
710 608
821 440
816 826
44 42
790 901
835 96
142 298
170 659
588 323
715 31
988 271
813 442
749 628
731 366
133 708
607 381
40 859
23 726
613 271
906 112
605 499
363 664
217 895
268 837
356 734
550 741
6 801
862 703
128 198
224 866
484 256
518 793
15 594
747 758
733 966
948 424
261 758
440 105
664 891
426 83
236 780
733 209
191 561
412 62
685 919
681 101
135 374
423 153
792 151
347 28
742 157
103 593
252 592
824 698
326 341
520 717
124 261
161 919
63 544
561 64
878 982
970 744
681 931
850 365
921 409
329 578
30 321
55 586
308 825
715 338
522 498
74 880
560 411
165 599
298 8
157 221
810 53
647 88
585 856
562 570
435 880
683 18
684 201
750 413
996 718
185 759
37 106
691 757
198 566
794 916
642 252
271 858
380 483
987 97
961 389
124 167
784 83
895 842
524 49
213 982
969 989
528 309
740 36
881 23
940 748
866 42
468 541
356 473
828 709
419 518
701 798
597 873
665 428
386 590
20 423
441 734
53 467
53 278
337 978
494 435
565 360
991 946
678 742
234 218
724 257
240 666
692 630
584 332
973 665
248 306
218 863
405 535
857 818
258 736
669 39
986 846
631 615
375 224
685 151
46 439
34 927
831 421
245 403
507 472
959 459
822 692
418 481
811 858
967 893
454 384
775 462
294 465
836 953
130 670
345 223
831 706
998 272
761 768
962 185
738 436
42 893
430 721
702 760
108 662
267 633
151 540
107 995
646 833
201 858
283 184
700 228
594 578
286 547
422 754
1 136
659 223
1 387
373 298
178 651
664 496
518 924
327 95
262 9
114 489
958 535
326 744
652 685
304 183
335 738
969 452
463 92
553 571
339 329
139 972
668 307
568 562
967 189
168 869
903 488
822 232
803 40
666 5
493 989
441 993
21 23
812 281
757 369
54 277
387 697
538 419
756 48
603 77
769 689
645 655
129 171
272 531
419 627
157 773
934 237
51 283
908 47
492 792
17 634
991 419
434 821
163 134
291 326
866 755
58 620
578 9
540 742
762 907
144 774
713 697
575 874
825 969
132 628
120 819
478 564
923 185
15 844
898 683
474 43
68 342
223 428
617 981
931 466
947 194
73 217
672 496
152 472
1 667
293 397
510 700
599 652
464 291
17 965
417 857
93 592
491 389
459 78
311 445
154 266
222 505
373 538
531 293
318 103
193 808
793 59
56 671
884 858
521 595
367 849
141 442
810 375
415 194
925 769
862 568
858 966
78 92
566 367
809 861
6 688
163 693
902 342
645 260
391 727
462 115
762 713
770 809
157 99
544 785
886 390
392 260
646 701
487 206
943 592
396 678
811 132
661 659
177 700
456 683
183 443
530 295
135 503
156 609
585 688
330 653
476 851
152 246
173 106
716 155
162 923
347 937
179 257
386 983
567 532
412 124
532 42
378 709
771 55
905 686
878 195
930 579
413 603
545 470
909 730
490 170
501 597
734 877
281 787
682 460
373 859
59 269
388 179
498 886
785 625
731 354
502 870
571 89
779 751
936 325
214 957
919 729
170 592
381 281
940 261
162 589
794 453
251 224
876 896
8 858
477 383
321 165
316 922
831 143
266 880
389 6
633 269
943 761
263 391
602 688
749 249
642 397
420 775
481 856
556 525
392 808
21 615
282 649
522 500
632 500
587 737
380 56
869 13
662 971
553 294
554 345
56 118
996 78
62 970
76 339
836 815
314 812
959 766
716 190
40 962
278 479
478 541
217 462
209 85
343 397
854 379
77 913
139 463
423 297
161 554
465 554
513 193
684 891
260 850
224 752
680 440
354 742
358 718
653 662
426 119
338 50
701 923
738 973
71 914
883 849
330 434
803 293
157 982
322 315
542 28
511 855
99 888
798 305
421 271
710 57
743 286
933 744
545 112
625 467
357 925
486 65
6 413
805 711
313 733
679 411
958 874
252 259
167 568
897 963
438 972
877 494
1 193
947 58
535 881
53 355
250 300
85 222
671 410
328 216
417 313
779 225
341 441
346 585
96 86
70 969
808 878
623 765
121 252
138 700
871 128
394 772
16 498
144 268
217 258
907 403
782 748
419 745
78 922
369 582
640 448
183 99
941 678
967 956
869 986
34 643
708 249
424 494
349 425
396 64
318 881
262 910
584 652
808 327
242 998
246 668
311 833
992 754
134 879
138 61
55 541
706 697
323 642
528 414
597 311
414 963
203 957
17 418
906 995
419 726
836 700
63 884
122 154
653 887
596 975
52 188
281 984
36 913
923 691
560 715
816 277
525 349
557 533
53 7
415 88
792 131
365 56
361 291
200 724
842 567
546 889
175 374
738 744
978 359
902 928
719 632
952 735
392 713
372 70
800 147
171 508
603 837
925 714
922 978
4 716
775 89
841 474
713 260
96 169
225 572
663 819
723 344
540 76
175 295
247 373
51 115
688 157
797 602
122 124
724 441
960 217
577 831
750 775
657 150
454 134
518 722
257 46
295 216
731 727
927 580
566 49
754 49
575 691
688 68
674 278
203 471
545 959
608 991
79 887
133 263
769 531
974 517
325 643
789 560
339 648
667 401
336 269
738 25
512 98
229 368
767 979
771 990
381 53
674 439
549 573
356 92
995 3
759 654
445 688
52 474
275 927
731 116
417 520
996 621
821 314
1 246
804 866
314 394
586 775
577 598
953 496
375 541
801 792
391 994
281 88
858 156
918 982
850 673
410 557
731 380
646 277
966 713
179 340
280 588
258 908
832 992
371 901
976 250
843 982
140 431
113 488
683 221
698 419
13 656
964 394
939 770
683 571
6 752
467 950
102 86
815 755
341 372
884 317
979 414
394 829
690 378
291 383
318 313
3 758
765 219
597 465
174 910
703 52
626 185
82 590
719 531
402 739
63 765
284 69
577 114
49 563
70 386
965 530
419 616
288 679
701 812
300 770
570 958
965 30
727 112
296 417
605 152
956 727
993 517
581 506
996 609
33 854
21 390
165 71
730 973
729 561
887 463
313 231
161 678
288 44
128 97
430 476
700 834
32 990
783 574
486 672
935 580
175 794
798 428
676 293
824 95
803 546
793 950
990 690
836 720
318 279
12 565
733 251
678 236
619 346
868 896
768 777
535 53
76 885
199 754
360 837
971 767
801 699
40 659
514 605
959 352
505 357
338 619
456 621
15 399
687 767
893 345
488 740
475 835
696 776
724 420
494 974
545 598
585 461
208 942
374 738
921 841
783 674
615 883
525 876
13 513
209 150
950 924
910 659
150 679
436 531
351 355
369 363
270 361
968 454
711 676
487 535
155 195
402 277
607 731
595 79
125 174
202 522
827 194
891 867
427 210
85 38
929 933
245 199
618 436
219 78
501 817
520 340
529 467
998 573
499 163
676 138
900 614
561 569
835 356
790 256
655 441
233 880
232 762
263 879
254 218
322 97
554 797
267 968
620 933
146 89
924 963
988 456
566 645
117 403
115 88
278 848
28 335
591 142
693 330
851 268
373 324
279 628
51 578
602 279
830 416
141 242
555 664
37 57
781 508
415 939
407 846
163 446
462 806
124 797
701 500
743 367
448 982
458 498
878 356
95 383
313 962
743 846
309 767
534 202
484 889
347 764
633 723
812 597
247 115
959 111
109 19
500 217
373 409
992 26
301 776
93 305
306 737
812 778
250 647
614 972
663 10
144 574
887 173
903 993
364 596
470 622
763 314
590 122
24 930
534 71
554 772
282 250
465 913
650 803
791 903
757 325
26 347
217 659
211 372
472 939
535 534
672 999
896 364
867 476
625 417
669 540
589 366
539 665
560 454
310 695
822 231
43 36
687 383
913 94
827 423
695 297
772 454
269 622
391 340
986 999
567 124
212 587
846 709
528 18
978 597
552 364
897 593
169 707
498 915
66 533
679 451
951 60
600 136
827 408
385 384
415 321
96 663
458 731
427 17
290 56
133 451
232 226
419 134
983 360
231 727
121 961
885 845
208 380
317 609
684 137
57 217
569 230
114 351
301 359
679 276
99 157
239 175
829 733
846 901
24 524
290 581
775 670
294 554
642 441
873 276
998 370
737 264
712 319
584 175
945 58
986 741
455 538
658 852
486 823
669 700
502 228
270 307
388 907
876 202
184 901
280 321
368 595
166 28
754 987
154 533
863 500
140 821
272 857
747 939
266 634
210 19
849 79
682 83
886 820
412 874
624 196
848 357
492 956
944 556
580 600
905 148
960 152
435 746
509 10
328 701
697 71
738 900
957 912
508 429
863 827
97 878
479 929
615 418
824 529
622 724
476 292
279 807
209 922
113 172
92 902
130 608
450 750
999 652
706 954
414 743
132 965
117 292
214 465
974 817
620 491
26 606
873 317
304 198
583 573
679 55
719 951
943 358
139 834
74 283
750 284
977 950
532 285
382 955
386 632
470 167
596 157
323 38
679 210
57 732
63 807
473 693
655 541
507 837
58 211
523 399
927 35
409 871
225 485
395 501
435 211
984 367
923 816
976 941
307 942
873 838
960 369
817 684
563 202
936 971
686 79
780 555
653 307
2 219
903 813
143 298
36 65
151 31
237 338
525 833
533 965
36 299
653 662
149 977
539 143
848 390
318 68
103 565
298 668
832 974
663 673
448 874
692 841
531 910
818 87
226 735
118 971
323 257
388 241
648 948
210 833
915 614
129 542
508 760
939 579
100 551
230 332
514 385
962 47
418 218
696 683
747 88
332 664
272 428
884 159
129 482
553 378
59 330
989 839
909 752
244 664
386 505
857 535
762 22
997 852
567 800
397 802
581 198
221 563
144 65
485 163
692 576
248 722
632 830
122 32
762 57
437 795
735 880
840 888
453 454
58 42
474 713
926 902
916 448
871 556
436 959
9 803
553 751
99 992
209 838
875 143
754 633
154 431
464 467
732 888
831 83
517 17
226 845
66 278
131 366
669 20
223 964
645 347
94 572
628 357
442 774
108 768
943 17
205 845
450 447
18 681
44 666
445 460
41 407
835 2
973 138
53 686
964 344
945 240
876 507
310 937
875 351
293 501
957 787
679 688
495 697
82 74
596 398
836 999
674 122
767 738
573 569
766 491
762 121
15 574
246 581
329 558
328 840
784 881
405 206
463 998
459 384
270 741
868 38
275 203
782 892
594 435
936 299
654 56
507 96
102 522
420 524
978 442
613 299
809 297
468 384
459 494
263 55
833 577
828 279
952 332
454 902
93 829
410 16
20 27
337 141
196 966
697 867
341 292
162 207
360 46
961 597
416 327
762 507
576 229
50 36
614 60
107 987
833 11
259 344
801 64
348 408
17 873
205 283
885 393
505 974
112 48
326 463
503 224
953 296
911 885
436 849
895 217
224 77
383 630
327 308
772 971
159 957
62 99
22 429
616 885
106 589
227 172
375 718
237 30
626 157
272 872
924 375
333 982
111 713
907 826
141 11
115 495
236 875
941 166
530 294
700 137
290 388
512 150
487 707
179 47
721 943
87 135
502 89
661 7
218 813
409 51
146 353
740 606
382 963
625 797
237 850
965 427
461 32
265 680
179 957
569 95
592 711
18 464
85 26
832 971
584 387
69 767
79 393
225 922
884 933
982 305
378 361
739 362
328 392
76 480
19 493
456 223
288 510
43 513
826 690
60 488
857 288
281 525
100 74
378 49
880 178
849 28
79 503
936 213
370 239
62 570
497 235
504 979
132 977
474 760
251 686
964 919
919 716
143 561
419 87
569 746
490 762
511 318
868 685
389 836
916 279
546 22
347 758
972 784
465 292
174 275
75 184
553 2
556 27
851 457
19 339
690 403
381 307
657 978
898 135
939 624
810 250
34 862
293 339
529 131
198 877
709 599
892 592
166 560
849 810
585 396
656 317
941 936
657 694
285 568
333 963
338 184
651 769
24 332
977 900
455 427
66 77
3 88
886 23
387 872
215 242
319 837
672 926
97 795
373 464
545 623
681 857
167 137
339 723
909 325
196 805
426 517
313 531
632 665
678 245
433 313
925 564
219 851
863 98
684 203
122 455
640 48
613 576
397 748
358 131
147 976
694 58
905 194
673 713
78 619
210 49
173 470
732 763
295 38
675 680
583 415
492 137
659 616
811 963
247 879
52 525
70 557
892 405
843 540
300 326
734 991
817 200
515 138
140 959
932 392
649 561
297 941
39 72
575 808
8 178
221 307
990 60
370 924
214 961
141 139
585 533
852 253
816 479
193 584
97 702
248 731
624 795
727 544
787 360
592 175
779 396
874 846
82 720
899 545
512 837
581 489
212 916
672 279
454 364
61 722
4 244
777 978
73 169
693 139
632 21
331 514
42 633
33 541
761 348
196 77
71 589
140 120
733 252
566 813
301 394
856 101
555 706
608 512
868 6
552 785
800 501
812 151
165 797
958 699
491 155
986 575
142 845
553 519
580 515
672 369
711 958
594 369
542 689
850 775
157 308
287 541
271 32
387 561
653 449
946 268
453 523
891 676
97 267
182 836
863 540
438 296
995 72
585 852
810 496
925 148
672 501
317 906
349 119
869 659
620 262
658 35
828 896
301 802
770 666
786 206
990 378
532 51
284 809
769 46
570 300
506 867
423 478
2 338
843 452
883 576
640 533
886 952
189 523
17 89
996 619
818 16
267 937
13 965
871 354
305 760
877 240
931 211
202 239
986 449
283 92
554 707
412 709
66 187
353 199
72 982
517 73
56 402
436 10
279 426
318 523
166 154
915 391
929 38
933 558
760 498
671 657
506 33
606 286
133 325
629 366
787 193
500 645
528 5
730 651
911 48
245 362
358 888
712 773
179 743
877 17
776 710
849 815
182 333
645 900
483 67
643 793
589 442
627 900
279 495
466 109
820 555
383 327
598 716
250 267
117 369
988 332
760 998
959 981
611 948
363 356
449 806
461 706
290 356
362 50
277 729
825 640
659 945
73 996
206 407
318 401
242 153
101 42
169 774
14 156
823 747
139 309
718 728
465 509
517 383
956 340
236 548
791 748
172 899
148 129
852 366
345 574
807 199
76 242
764 509
921 3
974 130
665 113
278 236
517 822
157 626
603 517
86 202
136 385
555 552
879 617
969 790
444 425
541 501
598 282
458 103
379 891
845 792
66 422
162 350
240 965
402 993
371 901
738 902
381 760
290 848
86 341
73 462
381 234
888 242
813 251
967 468
619 554
594 996
904 346
417 962
863 793
467 279
208 675
558 300
850 452
988 518
556 518
391 171
501 517
57 998
484 591
485 361
914 440
114 851
832 804
833 544
483 678
517 97
423 433
515 699
154 957
624 69
40 606
148 674
524 348
30 14
576 929
106 265
124 165
367 318
902 892
538 155
821 116
372 355
313 245
282 529
557 174
859 221
11 863
862 511
130 427
673 353
199 664
744 385
643 847
271 606
658 313
42 163
777 353
23 30
504 827
76 984
211 316
662 333
475 676
684 679
866 474
467 390
775 342
755 251
950 37
146 405
4 984
858 982
523 347
415 812
460 3
171 282
908 25
525 224
340 310
951 13
962 769
190 605
663 721
480 139
620 785
18 208
738 67
76 814
740 310
97 152
533 675
550 925
634 679
484 425
142 230
205 538
450 15
85 490
933 657
7 757
414 422
501 828
784 223
988 576
557 673
183 762
358 318
74 875
434 150
922 855
308 584
154 812
740 384
237 811
559 407
66 857
562 926
586 305
244 106
903 185
73 493
141 984
697 722
268 494
280 688
211 699
208 82
788 347
821 335
101 222
973 911
859 191
199 31
108 572
465 208
881 41
313 203
657 878
781 979
969 927
167 214
849 460
757 522
839 591
138 651
646 351
240 588
292 494
109 414
307 346
268 406
760 246
177 58
271 349
114 142
496 423
471 95
771 403
388 190
389 490
477 566
580 549
568 17
175 444
115 922
424 539
125 987
116 620
537 195
971 461
354 216
584 57
732 293
38 803
580 420
317 457
452 315
23 698
183 111
575 567
805 459
970 605
198 773
271 699
188 629
65 813
83 695
928 168
893 138
313 379
761 418
579 944
360 794
558 824
557 582
268 143
366 503
323 160
384 704
708 585
963 451
574 362
362 34
803 606
106 932
256 863
41 529
960 39
671 812
194 609
507 820
86 922
326 940
161 432
214 436
68 191
184 331
185 339
455 264
452 699
88 396
308 837
268 499
537 668
533 645
335 751
956 845
7 988
991 645
35 874
931 156
532 304
278 830
635 645
622 211
479 571
235 307
718 845
266 21
667 961
585 733
512 78
354 964
371 399
663 558
788 384
508 93
234 490
730 398
988 672
19 667
713 375
520 261
739 173
241 923
166 507
448 214
545 323
872 378
387 351
914 496
496 818
456 257
436 282
974 605
151 118
886 982
801 172
443 870
600 807
88 600
815 847
153 118
769 129
866 223
167 697
783 507
519 165
316 497
814 564
310 88
222 630
177 5
219 6
434 549
354 468
620 217
730 510
130 566
153 491
761 571
774 112
720 416
695 36
583 111
858 969
878 354
614 514
155 211
348 280
983 887
156 471
195 230
67 433
597 17
96 308
535 719
139 644
104 369
448 163
250 818
587 902
268 611
963 266
548 494
519 185
327 931
548 933
965 538
663 136
661 940
3 552
994 232
585 193
208 120
854 448
459 561
266 453
43 798
954 466
35 729
758 844
5 701
847 537
877 151
199 124
488 258
370 108
81 244
384 311
550 355
777 327
10 499
37 301
591 9
273 857
401 387
998 196
378 95
368 872
479 515
359 535
462 745
832 225
287 991
762 761
336 683
459 339
243 757
732 833
659 253
159 662
862 955
60 394
593 501
940 926
374 346
486 113
826 547
642 897
190 256
502 970
482 227
461 405
33 935
792 394
778 173
759 271
580 747
915 549
109 555
831 408
266 297
329 809
651 114
157 131
478 449
207 975
510 934
2 24
479 118
873 917
648 284
418 743
191 515
771 592
311 698
878 988
273 790
79 777
133 449
449 658
335 778
27 7
724 397
233 97
358 265
113 554
957 950
538 428
19 583
558 689
898 10
745 61
478 588
651 478
703 483
580 51
844 605
682 2
61 133
9 276
915 128
981 548
125 208
388 656
563 360
208 402
467 919
340 806
503 456
36 265
646 667
392 702
479 554
50 239
415 647
47 682
718 511
368 861
253 810
384 526
862 517
632 557
730 613
108 522
288 93
72 465
839 807
742 88
881 537
421 184
901 241
150 496
959 917
57 726
931 622
466 322
459 56
711 134
513 87
110 944
634 967
230 483
652 163
229 888
622 828
811 56
69 435
617 630
256 554
474 701
420 277
685 837
169 684
739 276
702 278
75 462
311 316
350 592
591 831
743 891
934 523
293 997
212 849
456 473
736 181
3 736
314 168
573 129
519 59
49 46
434 134
956 359
266 493
2 729
163 647
553 288
47 976
265 324
780 836
272 511
778 786
982 862
872 78
140 160
268 11
808 343
467 71
998 369
252 815
881 629
356 973
228 970
582 624
805 699
975 967
714 672
228 282
462 762
605 343
586 73
135 263
609 691
550 629
144 900
102 394
990 737
187 115
912 538
322 360
868 719
330 628
335 408
979 117
562 96
389 715
928 744
394 755
8 743
857 397
606 761
519 565
36 389
524 616
452 598
359 315
599 680
498 259
447 374
806 435
440 728
230 665
448 424
257 183
461 737
662 57
522 866
723 700
944 138
429 674
291 426
240 16
979 751
360 574
904 482
585 199
655 420
971 443
756 929
760 772
648 789
480 181
672 74
960 534
638 811
879 403
472 347
869 425
440 971
451 756
777 459
907 892
921 410
251 735
560 125
522 161
481 128
679 450
880 927
686 197
447 960
179 922
998 424
798 78
518 445
762 915
612 263
984 801
738 163
733 285
15 77
792 63
299 780
269 644
104 519
221 953
595 666
683 418
724 187
986 44
49 129
593 247
575 193
197 874
147 510
508 510
899 171
932 394
682 388
546 283
845 841
713 115
672 575
27 179
17 235
830 798
364 689
483 112
657 412
43 718
620 375
323 160
780 299
146 157
782 298
825 357
82 779
314 885
878 327
505 420
541 152
915 111
96 726
572 823
338 913
418 64
248 336
670 782
73 754
711 937
979 673
693 923
94 886
552 258
75 150
609 217
662 194
737 377
810 880
779 882
463 643
939 262
337 851
483 16
573 493
314 992
973 494
391 408
962 808
990 874
953 109
609 808
68 621
98 791
530 288
485 295
597 132
922 140
170 225
946 1
271 667
247 910
32 992
321 783
462 448
147 576
919 766
795 576
430 155
93 877
695 500
118 613
673 46
750 800
977 736
642 515
685 429
42 851
702 955
763 305
795 933
642 428
662 370
474 119
77 745
44 533
34 344
198 674
429 502
504 62
234 314
795 877
769 155
521 189
212 555
98 251
203 485
504 556
259 256
600 463
872 49
259 858
857 875
937 236
757 193
384 510
732 100
172 665
491 647
166 835
374 833
170 786
976 681
489 434
323 371
801 566
575 741
685 743
789 206
608 954
338 76
414 281
888 472
884 17
531 330
291 254
142 966
430 568
383 943
794 553
494 715
594 605
169 297
784 818
599 567
380 245
841 627
572 678
997 620
470 450
489 348
193 886
393 758
857 44
453 128
429 846
409 391
696 550
882 307
249 35
434 259
772 412
848 313
681 824
140 415
387 445
17 578
244 109
751 852
996 649
262 454
594 60
685 633
699 480
167 957
355 366
423 182
812 194
722 410
824 593
964 640
398 940
501 950
201 9
535 509
936 595
172 805
361 833
26 618
559 670
458 599
665 986
751 100
818 42
68 552
247 304
167 737
520 947
995 597
423 672
162 96
295 151
931 479
990 984
175 200
961 439
913 810
408 248
665 693
463 55
280 588
218 613
876 443
583 987
653 711
442 948
689 261
356 39
589 356
681 707
926 874
181 986
331 564
862 268
729 448
638 861
908 30
419 362
839 38
539 27
59 488
212 553
492 823
534 687
697 905
333 822
9 492
364 836
977 926
602 624
476 306
546 798
612 991
603 133
591 874
247 128
22 421
207 442
179 744
975 669
857 967
254 468
752 964
841 175
896 990
993 279
834 259
605 664
967 833
719 579
245 424
843 98
283 343
830 907
526 125
794 708
694 205
275 426
645 323
265 605
124 246
422 900
154 437
55 241
78 906
611 621
986 162
618 297
432 101
775 300
921 349
807 224
634 241
593 430
987 172
550 500
298 399
299 540
120 494
36 542
554 138
380 657
931 698
834 638
783 808
438 93
659 769
965 276
700 788
526 847
372 431
438 62
814 528
481 278
797 697
125 114
445 75
217 979
369 689
937 69
472 750
37 359
899 368
323 483
358 69
665 503
740 941
175 67
592 184
469 284
738 234
996 508
205 460
597 659
136 182
935 471
382 199
823 670
665 372
916 282
746 143
61 392
858 810
252 759
451 244
603 873
973 316
229 486
332 43
805 828
851 142
817 372
909 942
936 37
182 774
502 42
449 7
653 399
337 706
837 224
867 838
788 690
218 278
727 341
298 76
822 20
946 845
486 666
763 769
710 778
212 990
640 915
363 62
722 337
197 346
9 149
361 252
470 720
622 651
590 973
377 360
733 631
124 457
266 292
987 243
288 565
181 4
114 275
316 945
778 488
286 576
842 435
177 453
922 825
754 424
372 390
852 210
405 489
246 676
183 491
292 772
506 628
134 296
491 392
681 370
754 47
213 440
232 114
218 223
692 509
126 640
522 658
135 451
765 283
977 499
824 306
640 47
896 906
389 214
557 249
256 678
134 944
329 653
207 240
167 842
134 785
511 712
397 448
477 504
838 718
52 805
882 757
691 249
551 502
131 557
354 161
344 611
627 861
950 166
729 747
13 709
779 638
608 83
809 134
859 699
996 706
943 466
340 645
960 397
557 877
181 114
372 306
825 324
667 572
418 34
885 795
5 884
730 12
290 271
642 319
957 121
31 113
304 495
278 135
797 598
240 319
398 537
75 897
216 771
222 335
141 669
446 425
913 106
362 195
496 984
213 163
486 698
261 910
528 522
120 815
167 329
309 438
837 472
417 910
634 975
417 475
678 559
594 9
531 747
958 222
73 525
542 138
413 292
751 619
562 917
69 808
992 138
839 162
930 522
115 887
489 915
747 294
66 966
709 49
185 911
682 95
801 252
275 683
530 196
767 807
824 771
545 707
471 542
68 337
244 432
375 786
215 421
663 541
258 567
583 820
857 794
802 808
839 505
350 884
659 331
179 782
150 121
561 551
759 635
338 941
88 787
182 951
872 295
521 800
916 997
984 699
473 136
328 413
810 484
848 409
655 197
509 635
190 365
227 211
271 53
723 601
764 448
556 494
444 724
999 412
157 229
783 983
494 854
21 304
921 770
504 620
310 690
565 361
927 6
64 679
252 627
425 740
455 58
277 339
282 107
559 846
102 135
313 629
423 198
905 267
470 852
128 576
601 731
331 772
491 83
306 586
901 498
674 940
385 522
261 140
426 547
292 212
175 104
523 807
863 471
38 608
89 608
547 708
752 820
422 52
511 720
824 635
295 28
245 393
22 24
93 47
402 889
389 236
559 513
199 104
901 389
351 607
829 651
896 408
461 3
398 78
826 613
133 230
462 179
130 322
275 313
817 214
183 298
63 433
264 525
752 23
553 112
308 436
421 411
829 699
307 128
652 728
507 761
460 43
89 243
663 694
425 928
936 621
962 892
959 35
971 911
51 161
792 136
98 663
313 83
942 76
761 125
422 953
797 683
947 941
939 933
589 759
5 19
30 898
126 734
412 602
789 884
590 234
599 962
144 301
934 928
893 824
81 658
317 436
951 385
965 465
144 195
811 782
588 172
608 310
844 82
27 678
793 346
212 381
872 525
818 61
695 138
718 44
246 589
168 451
10 791
193 159
974 933
449 70
443 461
377 812
570 790
403 887
327 199
569 824
976 811
388 523
213 348
830 816
667 934
81 867
476 493
57 768
298 793
152 564
556 809
385 280
839 710
623 55
216 58
678 82
273 992
802 866
826 821
591 566
458 647
769 461
734 837
862 414
554 416
728 262
510 585
718 482
538 907
990 997
205 273
68 301
826 979
518 73
699 237
748 681
801 418
424 23
358 263
49 205
146 841
871 267
597 430
481 207
267 996
972 653
761 663
232 763
745 481
746 908
823 229
471 66
116 831
676 801
236 151
953 273
343 721
638 812
676 754
73 996
600 258
932 836
618 37
443 293
719 361
70 684
596 810
627 882
884 442
857 240
292 43
689 970
495 948
100 802
26 95
216 688
632 113
523 211
79 946
15 211
159 784
233 563
265 472
447 900
916 701
954 565
972 94
599 823
12 152
526 598
915 547
876 154
963 217
736 283
382 197
209 377
125 154
157 556
763 416
631 262
288 888
908 579
210 559
462 821
466 665
709 375
673 122
207 223
484 700
351 70
664 233
78 412
53 375
613 231
5 833
638 455
685 833
388 593
67 706
952 250
49 627
278 343
113 968
319 619
970 387
439 385
338 738
235 732
403 152
434 184
486 964
38 766
862 126
809 83
56 333
170 963
797 570
559 916
976 461
133 593
921 851
433 239
476 798
185 897
298 674
485 399
410 196
612 659
792 926
318 713
795 131
534 301
529 345
305 715
394 471
455 878
923 195
273 582
895 154
646 138
761 625
304 676
31 125
924 854
544 863
700 315
124 339
315 795
396 755
969 317
378 787
381 963
485 812
697 425
419 290
505 278
776 196
793 758
918 612
840 834
854 47
996 229
793 591
566 509
243 19
988 876
818 435
475 33
726 513
338 786
318 716
598 74
612 966
772 806
563 279
34 564
297 130
870 76
761 139
436 379
37 962
879 563
663 791
707 790
999 417
919 235
338 689
567 553
18 39
675 366
881 673
967 955
748 680
426 372
9 875
502 286
617 989
89 754
871 560
717 748
847 282
529 12
634 943
97 876
825 872
412 52
680 251
573 291
789 219
973 695
798 839
239 27
427 150
322 524
454 682
812 820
706 342
628 329
346 797
47 765
370 619
508 251
452 331
999 111
185 658
829 105
363 653
869 103
35 269
55 365
248 700
955 863
849 428
616 279
146 130
105 189
473 183
330 541
669 606
369 824
468 783
880 191
581 979
482 933
541 217
676 733
189 625
462 925
570 969
848 809
308 987
707 892
138 393
244 597
934 31
907 124
524 422
583 719
449 32
175 281
423 288
559 991
658 835
720 741
885 965
14 750
194 699
900 88
956 187
739 761
122 591
337 83
815 94
490 936
399 37
661 687
459 666
396 120
248 863
40 486
805 778
161 773
278 150
770 642
820 849
623 993
222 905
822 879
700 455
268 246
480 483
494 673
206 923
973 867
549 286
771 699
590 430
3 195
933 101
560 881
687 206
644 141
811 392
61 740
859 215
467 557
733 995
852 306
52 309
147 369
717 975
759 883
703 35
160 140
442 743
896 997
371 751
327 95
999 35
119 905
151 155
393 99
872 875
561 526
76 648
663 223
775 513
530 881
875 907
792 62
242 731
816 78
537 395
44 260
496 405
752 973
611 590
512 873
379 480
531 219
999 249
688 810
480 577
866 419
457 858
775 435
104 348
735 431
757 696
642 142
189 797
730 505
358 785
962 671
682 209
797 686
739 236
244 94
161 992
471 7
966 921
54 805
734 408
287 644
120 517
292 58
292 139
684 983
325 828
9 644
169 141
294 434
327 372
694 854
823 619
574 447
38 849
994 212
453 880
976 229
378 381
874 140
396 962
325 873
586 643
772 989
455 573
301 154
260 144
814 669
539 382
779 185
56 681
728 14
161 260
955 321
872 55
248 714
287 427
963 498
349 702
419 981
583 736
916 820
240 326
398 387
8 338
973 586
630 2
690 249
671 195
906 895
968 487
838 477
304 812
491 470
409 368
74 394
721 930
899 939
172 147
757 887
721 304
907 185
520 649
168 599
409 986
896 818
445 297
945 183
785 751
939 771
46 555
631 653
282 392
108 345
584 458
219 804
14 862
291 873
524 456
79 965
227 59
445 108
633 611
589 625
215 916
267 33
730 741
915 315
638 390
44 92
857 532
112 86
997 461
432 802
426 358
436 547
676 35
420 797
376 584
433 870
628 309
367 836
448 631
175 335
416 157
696 592
651 767
78 993
545 78
974 87
504 512
32 406
159 315
174 300
991 700
111 528
113 93
160 618
293 947
608 30
203 620
570 870
316 791
35 694
878 649
500 129
903 576
9 507
551 27
416 30
457 656
142 495
215 435
790 2
28 481
114 862
190 67
61 556
518 954
518 716
998 979
668 607
445 494
613 47
838 762
659 432
893 345
345 557
969 762
435 257
125 689
299 145
694 208
459 769
782 731
419 216
791 817
139 444
538 834
309 371
845 77
832 266
673 861
981 188
12 230
270 563
657 814
311 253
811 706
71 230
151 577
732 876
508 601
275 948
145 706
227 978
87 79
766 318
568 93
776 431
997 110
496 360
209 831
140 187
245 647
739 65
765 687
767 779
709 245
682 640
722 834
369 163
617 338
14 910
40 670
381 297
751 433
322 254
679 1
321 589
688 770
62 548
446 500
582 913
243 264
155 294
307 876
47 877
507 490
605 996
374 137
800 118
159 669
648 104
647 97
142 474
361 899
961 490
861 614
447 206
787 497
995 506
906 668
373 359
727 351
327 143
882 551
624 361
942 233
341 749
197 838
665 209
148 443
251 511
221 139
765 962
807 35
676 1
466 293
73 619
456 342
184 189
493 794
899 306
906 136
651 471
950 423
102 599
736 377
573 875
995 535
149 500
257 693
65 659
875 144
166 593
71 557
351 394
700 99
322 584
802 548
882 829
821 296
686 881
380 491
250 781
573 254
587 142
803 270
978 810
842 52
981 835
258 790
805 193
167 843
710 565
166 402
475 222
765 160
789 509
3 530
950 723
21 385
519 460
66 567
120 203
836 862
473 652
451 391
577 805
734 854
355 763
206 738
656 698
839 335
760 708
327 260
30 260
590 685
494 297
887 902
909 924
12 960
108 392
167 844
349 909
135 292
590 396
460 694
785 85
96 588
996 49
977 486
915 800
575 51
50 669
848 605
873 663
484 457
214 424
7 50
847 291
294 893
808 24
984 219
973 579
802 544
397 446
179 770
640 528
570 627
842 934
292 787
344 145
323 503
138 128
691 214
874 655
911 110
253 528
339 843
507 960
308 279
212 609
484 530
921 71
382 592
330 397
976 782
456 692
494 724
523 538
929 281
15 816
218 591
356 99
624 95
318 98
398 168
997 738
752 13
429 943
183 301
648 797
42 575
234 230
704 292
150 964
212 991
632 360
674 868
13 461
562 850
307 881
108 923
767 849
142 523
923 518
368 993
588 868
482 235
447 719
461 766
873 849
633 412
979 622
38 199
656 811
349 357
808 690
363 18
2 4
264 762
685 900
452 460
41 282
62 344
253 144
802 117
866 556
640 368
785 726
984 990
476 273
953 656
818 148
167 559
501 616
657 210
929 739
426 266
669 648
650 859
960 816
893 590
582 153
19 150
524 37
615 983
410 162
562 873
905 578
978 607
506 466
429 270
852 272
228 659
466 913
324 764
632 836
83 808
782 399
760 130
532 771
83 56
266 884
151 760
387 138
678 930
659 941
278 52
89 814
366 687
955 503
670 314
991 815
634 282
252 295
306 37
495 230
327 823
391 661
168 466
179 165
745 995
85 564
542 70
698 166
978 200
964 351
256 632
437 625
640 56
106 883
