500 5000
327 457
188 218
407 172
18 415
192 84
117 357
80 2
400 491
67 323
428 378
383 277
109 314
187 347
146 402
227 387
258 439
318 335
158 136
7 174
415 3
422 165
31 365
394 13
162 190
187 19
405 323
26 473
452 213
306 162
108 207
494 254
87 131
80 10
471 241
28 71
197 319
205 401
67 12
407 325
176 143
446 48
482 327
302 372
423 393
347 277
88 477
107 153
372 17
258 403
97 482
245 422
216 72
342 120
361 80
227 269
404 224
189 142
423 167
342 38
220 118
86 251
63 406
147 304
303 338
91 326
255 463
379 64
352 242
353 115
33 474
369 221
340 271
479 498
367 203
151 77
478 47
91 341
27 72
65 7
477 70
272 53
113 104
253 375
121 277
317 105
384 414
257 138
379 434
441 167
476 487
177 411
56 417
453 462
353 175
490 107
54 192
321 22
19 480
136 317
104 361
107 471
428 312
189 19
177 59
222 470
357 350
471 307
220 396
288 226
201 1
190 491
491 458
13 96
341 21
399 162
443 181
82 19
166 396
134 408
293 195
227 82
66 281
494 6
333 192
201 137
376 489
304 359
146 282
381 68
91 41
359 456
419 430
127 255
278 13
207 162
85 233
383 411
144 424
381 363
19 213
124 200
200 198
416 492
140 157
248 156
301 173
436 329
109 36
185 111
161 400
158 215
8 195
143 25
309 471
141 46
74 138
244 274
446 5
448 445
266 275
231 278
451 241
493 185
420 395
189 446
425 413
147 246
350 443
483 153
34 270
421 463
54 116
6 451
299 210
297 86
75 64
165 278
434 116
230 6
395 175
94 47
436 224
475 44
500 274
438 218
471 57
46 139
419 299
145 484
462 197
202 328
486 455
447 427
160 60
61 322
108 11
418 365
433 465
118 179
140 488
497 108
221 115
479 141
426 111
154 284
50 469
304 162
21 386
265 389
490 487
267 473
498 81
394 77
175 279
155 30
91 389
243 68
134 153
325 46
161 408
316 227
469 188
158 356
263 259
26 60
465 130
7 341
336 223
320 489
140 271
343 57
237 248
481 109
12 499
328 312
313 85
172 118
230 60
490 259
128 251
466 497
107 341
147 124
460 86
16 101
483 94
345 461
295 111
306 331
333 65
175 141
171 240
54 151
132 218
364 261
131 6
42 415
426 396
159 329
73 285
57 107
76 285
430 57
43 488
107 335
331 382
391 313
317 275
49 489
157 146
57 69
390 171
38 262
341 118
388 9
211 442
44 133
77 205
167 396
260 112
417 140
175 150
473 27
269 217
500 447
181 160
316 364
225 342
23 488
158 259
206 143
369 462
152 379
103 42
109 355
432 350
486 341
404 58
385 336
388 353
73 311
59 364
190 471
400 460
94 339
360 487
294 481
447 307
423 192
267 15
451 352
84 166
384 414
57 217
207 45
27 304
4 80
388 16
354 117
151 312
353 388
62 449
471 52
182 110
92 235
471 152
335 381
431 103
170 335
23 349
117 4
177 211
102 219
468 300
21 162
89 288
120 442
278 374
138 420
39 173
75 416
216 26
239 168
178 365
352 272
134 296
165 27
8 372
157 8
77 445
199 201
314 174
127 192
85 373
221 421
470 260
40 227
488 252
238 214
124 388
190 440
289 137
462 435
20 17
446 418
102 186
33 104
487 485
90 449
278 298
285 126
254 330
336 11
339 258
8 451
22 233
88 480
369 33
452 16
470 70
157 239
297 144
425 437
292 130
173 146
251 118
459 76
160 3
25 38
264 284
21 351
219 423
470 348
89 455
483 97
138 77
463 377
131 445
452 41
400 479
256 299
344 40
433 315
212 59
388 122
400 347
349 121
16 375
440 156
110 419
127 208
363 88
18 129
407 263
219 492
44 298
204 80
2 388
269 391
493 279
422 272
291 42
164 207
273 3
319 136
463 253
396 147
438 43
160 143
141 82
429 102
212 47
291 281
345 495
357 88
343 30
69 44
84 46
238 55
373 314
141 336
321 330
62 183
214 76
171 419
187 232
117 418
182 113
314 9
132 272
423 425
127 412
491 149
139 6
371 314
225 309
427 495
31 333
33 88
104 217
357 380
71 55
457 494
225 348
482 65
264 443
254 160
465 222
63 421
422 222
267 171
492 154
110 402
314 491
282 370
471 494
165 268
229 434
112 116
167 460
485 30
316 9
6 319
304 379
108 6
70 234
159 284
131 172
104 269
66 110
379 40
8 289
63 173
238 370
150 345
325 158
465 173
237 281
166 399
45 35
436 13
329 163
413 79
121 151
43 124
322 276
193 347
163 220
162 380
82 102
471 440
74 41
276 121
382 151
20 131
183 2
302 330
155 172
195 417
199 271
274 150
491 153
461 276
407 294
364 453
348 450
306 399
47 405
260 313
248 287
255 253
167 253
178 1
340 237
267 466
125 177
324 385
424 179
285 313
468 484
212 147
104 314
418 24
399 206
168 380
239 170
87 3
4 491
216 421
387 379
495 362
450 441
243 215
310 144
31 414
136 153
234 36
220 103
4 285
311 97
398 359
333 90
263 277
320 144
136 197
305 441
250 257
222 185
316 344
466 309
416 129
210 310
309 72
25 188
486 158
255 54
446 423
175 494
196 402
342 36
104 335
227 114
359 91
205 423
447 385
153 192
415 168
65 86
290 486
273 210
385 163
287 185
206 276
326 395
418 86
82 122
483 446
388 458
398 262
84 177
347 225
258 300
455 419
205 260
325 455
444 98
28 282
251 239
179 345
402 245
498 209
325 242
300 332
444 90
482 287
467 82
139 59
276 33
152 261
291 420
146 370
495 70
190 378
211 378
272 167
280 231
331 80
33 427
296 236
454 323
281 413
410 359
248 200
303 331
111 198
395 237
162 464
16 76
135 243
483 416
498 292
6 46
70 238
155 259
314 315
44 284
491 244
453 152
41 235
499 406
32 235
38 236
457 215
165 341
225 134
296 22
81 347
390 351
354 311
124 240
375 203
401 28
65 116
84 153
63 296
124 133
66 463
26 98
450 178
428 289
37 430
164 448
348 468
106 75
152 428
14 191
371 379
45 382
211 258
239 210
193 327
270 198
194 10
45 84
42 257
395 116
178 244
480 137
267 176
164 353
420 144
155 88
369 100
401 143
196 361
71 291
24 85
361 251
115 325
297 349
468 96
252 289
42 310
388 83
252 461
438 356
137 139
125 490
77 200
383 379
313 277
482 447
483 137
421 181
358 123
168 396
373 456
217 173
49 331
17 164
316 202
66 455
343 94
114 115
344 61
80 126
109 19
22 155
211 96
38 379
170 12
489 116
76 69
409 245
144 200
137 149
386 244
355 295
68 312
133 261
158 375
340 423
389 98
257 207
452 116
401 475
128 261
111 254
2 317
12 375
27 206
310 390
327 53
141 488
93 61
302 349
450 109
148 316
248 114
169 283
89 168
296 331
296 369
32 406
19 326
6 207
189 334
238 127
346 136
360 186
301 269
297 455
221 79
50 47
343 168
488 182
219 297
309 316
493 228
499 56
134 31
239 427
379 264
379 487
321 278
48 204
254 61
437 203
450 109
196 401
282 251
396 58
5 329
390 302
136 426
208 76
460 449
427 381
136 334
136 415
272 110
305 435
112 220
260 408
222 372
64 130
500 319
252 181
56 130
325 129
324 444
303 153
320 139
82 459
257 46
397 244
397 272
99 204
24 227
54 203
297 83
468 489
189 453
436 480
387 419
496 372
254 493
180 364
143 205
280 51
61 131
193 191
493 252
194 337
162 257
285 109
38 234
51 472
299 464
471 431
387 417
317 381
109 446
147 441
32 295
1 481
429 446
114 331
39 315
454 434
221 342
138 264
254 165
56 37
335 56
403 202
352 198
103 470
330 102
497 432
196 406
253 383
229 78
123 355
416 36
112 297
189 50
13 392
124 225
293 417
64 165
187 8
485 342
466 460
184 421
236 5
54 41
145 88
84 7
204 306
383 35
194 264
312 306
258 375
5 341
169 116
236 352
299 222
118 407
392 327
321 483
131 284
151 431
179 409
22 117
370 13
61 109
87 461
438 211
356 22
424 301
199 140
360 336
469 203
102 371
38 405
193 276
127 300
277 21
221 389
187 72
181 481
210 410
345 99
331 486
314 283
398 182
22 214
240 194
464 141
296 147
389 166
470 410
345 224
161 398
175 478
332 343
261 191
163 179
400 197
203 170
422 220
263 469
297 184
28 260
379 418
444 268
274 318
490 302
34 344
9 141
28 369
465 186
498 280
314 470
56 390
228 355
97 473
255 75
175 360
492 118
155 172
316 2
80 498
71 219
313 189
355 68
25 216
151 244
151 123
154 302
482 46
68 487
199 263
442 452
296 246
385 471
371 321
53 121
148 233
483 283
337 461
6 105
328 50
389 212
202 430
262 194
423 317
326 200
405 144
16 361
395 401
413 283
441 268
432 27
422 109
226 12
189 453
483 48
116 115
111 21
177 500
410 212
14 167
219 120
238 313
450 331
415 85
264 301
144 36
282 137
410 72
305 375
143 222
418 442
151 121
162 143
79 101
171 66
498 320
223 490
246 274
244 83
479 423
417 133
242 65
212 202
433 342
352 64
45 448
91 180
178 409
291 160
163 277
146 108
307 256
11 210
39 13
92 165
343 326
330 223
380 313
223 219
499 107
466 374
105 248
88 295
340 22
53 184
409 89
220 199
230 64
364 159
418 330
55 264
39 313
256 464
51 99
76 434
134 458
196 327
26 309
394 404
192 186
285 71
414 20
354 193
82 218
280 7
374 285
302 480
256 228
48 162
128 470
156 260
203 307
202 292
319 260
325 17
497 461
391 371
18 404
438 498
132 216
257 299
270 442
31 236
39 398
182 243
424 413
423 437
413 197
204 69
473 438
311 408
187 453
272 385
38 185
482 220
202 395
147 445
109 33
223 312
118 285
426 496
205 209
222 137
102 150
43 258
23 37
447 478
9 341
64 149
245 403
24 49
43 79
381 215
432 36
365 152
33 488
227 28
394 288
382 330
280 306
298 144
117 345
277 51
373 411
228 198
19 232
101 24
120 218
227 215
116 496
281 174
363 432
251 157
438 408
338 235
145 136
492 190
160 204
244 123
197 75
116 24
154 87
489 33
214 222
128 475
313 420
471 478
241 409
330 270
422 127
288 483
97 283
393 495
104 128
122 405
159 367
343 113
422 400
373 91
258 259
156 87
160 227
141 201
57 349
157 244
430 219
110 444
162 457
451 424
315 127
217 87
374 316
155 167
443 47
81 222
296 429
314 334
56 402
418 87
224 138
440 231
11 291
209 204
235 282
255 208
410 333
49 201
298 283
21 60
381 91
214 2
459 295
82 344
235 411
263 190
282 158
72 309
289 36
254 347
270 167
34 84
274 80
406 353
482 91
390 438
109 59
225 30
454 241
194 23
65 30
135 25
69 264
128 402
354 140
237 426
50 34
372 214
403 67
427 385
197 178
10 46
34 42
353 283
49 321
58 404
415 457
395 85
489 22
49 230
158 489
149 318
143 198
261 369
461 54
388 203
432 306
485 457
63 273
151 246
411 396
142 476
341 419
58 315
435 6
278 222
289 13
215 246
156 239
46 319
96 21
152 408
184 372
393 17
311 292
148 206
428 164
500 171
276 446
429 298
251 317
500 37
296 268
465 92
10 241
240 97
251 254
10 390
62 246
24 87
393 231
56 77
100 194
231 50
493 100
446 150
48 420
53 212
445 268
213 370
323 37
74 2
451 33
312 285
189 51
357 419
122 294
491 275
176 398
289 472
138 163
376 490
159 402
60 410
448 141
341 362
239 118
459 188
431 183
280 197
410 376
356 80
342 229
133 183
427 114
312 382
231 1
87 176
243 351
57 178
158 289
327 52
427 172
61 425
264 339
428 466
128 4
433 64
108 329
226 190
186 112
187 149
202 21
11 66
413 443
64 147
66 162
217 198
79 316
187 142
465 181
106 168
272 75
448 177
385 233
418 384
4 123
482 186
116 211
449 453
145 123
281 338
305 251
190 58
178 92
165 315
423 470
257 265
209 116
240 322
117 393
494 236
451 336
263 205
98 458
197 391
415 165
221 326
429 475
271 344
202 276
244 265
328 71
44 233
418 90
135 81
24 306
452 326
91 471
418 121
406 298
343 251
120 268
363 362
229 212
201 414
449 256
426 159
303 43
45 279
253 45
343 163
24 237
443 275
413 310
25 170
410 437
294 85
1 83
479 60
69 309
103 34
375 477
77 488
186 33
321 93
97 129
318 12
181 332
232 473
287 175
387 9
111 464
251 480
423 393
409 344
253 167
234 72
386 48
439 126
267 187
237 93
266 431
257 461
402 234
478 260
174 52
270 397
83 114
63 431
464 12
159 444
182 39
170 438
323 251
362 334
352 177
431 88
454 214
24 146
364 267
242 416
427 219
403 307
370 218
402 344
448 285
281 288
351 218
478 294
451 296
186 23
109 425
417 439
396 323
187 261
147 492
349 314
499 331
236 168
28 19
312 228
469 74
389 290
470 43
27 280
160 485
37 386
400 260
167 403
398 130
184 242
342 437
217 181
190 457
437 355
344 451
2 235
383 62
84 82
176 64
357 138
32 208
121 21
474 495
46 151
398 329
143 456
255 346
164 152
48 41
174 289
327 243
321 98
314 175
481 284
264 80
156 413
470 76
60 387
200 120
458 184
226 359
179 127
38 267
434 197
65 9
177 161
434 221
415 493
390 187
114 175
121 244
358 198
87 51
422 8
126 341
345 3
367 67
12 251
359 316
66 120
20 214
315 133
377 405
418 20
378 449
120 234
463 439
378 9
330 411
339 412
163 260
261 467
408 309
194 328
177 35
84 345
102 319
21 63
159 277
176 290
491 357
236 214
263 173
80 178
325 475
43 363
140 173
313 283
114 290
413 93
477 470
424 148
103 68
289 120
40 179
219 145
276 388
64 335
17 151
276 424
333 108
62 396
16 34
20 82
389 452
385 20
499 484
42 460
490 214
485 172
305 182
94 203
226 25
202 89
476 3
494 357
297 484
60 212
168 497
120 313
8 358
426 83
310 210
74 263
175 356
303 358
298 19
493 241
453 167
453 60
478 167
258 130
33 355
104 409
64 44
192 341
452 227
162 402
336 495
371 370
5 288
350 117
359 423
251 258
344 35
188 435
207 39
273 301
288 463
264 319
211 436
172 50
432 377
38 213
218 304
318 332
354 461
279 381
309 391
451 126
300 361
234 325
440 262
385 470
140 181
261 215
15 393
176 266
342 53
203 384
81 413
49 258
339 204
343 440
181 200
171 497
375 143
27 221
27 186
220 324
313 288
301 125
335 250
107 427
241 297
312 338
268 303
160 36
274 354
139 246
271 193
356 131
473 183
388 162
79 275
432 131
89 86
93 198
199 178
320 436
377 199
496 22
238 488
85 217
46 218
168 300
23 121
427 319
13 216
233 295
182 98
464 25
181 214
155 385
231 324
139 484
434 402
78 447
499 83
468 168
327 170
48 322
18 386
495 48
207 241
184 466
265 106
324 399
246 192
478 266
137 392
157 28
334 461
236 73
383 346
455 384
73 179
377 406
329 398
238 225
464 39
411 15
131 97
403 411
209 11
420 390
8 93
163 184
477 202
161 458
348 157
291 130
189 401
209 208
500 4
355 384
387 377
328 356
373 184
176 187
217 207
275 118
252 103
184 105
478 142
285 61
23 342
453 134
66 400
447 7
330 399
212 394
334 199
112 337
84 295
307 456
442 146
371 107
188 405
153 434
453 32
326 416
442 111
372 367
444 283
422 304
110 424
237 470
399 181
52 300
112 335
296 61
32 153
73 184
307 347
379 414
36 246
168 138
178 452
225 303
94 480
220 370
43 388
381 172
282 173
55 480
279 7
393 400
311 454
120 248
340 295
488 243
318 347
275 494
403 165
332 451
101 446
299 290
114 326
100 162
300 188
46 442
51 110
123 253
364 183
333 191
231 233
255 89
111 482
428 164
72 73
339 360
197 301
260 190
179 166
69 68
334 242
365 213
143 30
221 213
141 445
92 369
480 497
293 466
131 37
134 218
52 425
498 164
494 85
274 419
409 27
362 87
215 213
146 73
28 147
160 347
32 495
195 42
425 436
390 130
186 194
7 234
300 68
382 456
419 255
76 486
198 479
289 290
174 132
23 3
303 467
314 316
272 481
80 102
500 386
211 55
450 374
431 327
271 401
132 246
82 424
5 473
253 141
34 25
131 274
288 383
157 401
287 242
93 380
369 165
487 493
248 437
331 499
171 487
215 67
433 61
234 70
191 354
258 198
380 31
358 413
234 316
32 409
209 499
77 63
234 322
344 105
74 178
177 161
256 211
219 175
343 97
487 498
23 443
46 88
473 86
161 411
313 60
248 150
79 230
197 215
262 63
469 252
165 134
335 193
94 379
172 130
323 45
419 125
319 390
126 494
255 403
177 397
381 18
157 252
460 390
435 154
48 289
294 367
452 39
203 169
222 110
407 394
67 341
2 191
390 182
118 140
477 151
414 201
218 276
432 161
320 373
333 256
498 337
199 234
7 335
239 134
199 184
205 89
245 306
73 271
162 406
496 113
16 350
166 113
462 403
462 353
112 274
13 257
275 114
74 346
292 417
133 35
313 99
460 38
311 220
111 118
459 143
282 237
313 127
135 349
461 417
378 24
82 460
376 206
87 155
455 267
382 238
148 401
217 333
434 254
99 434
31 37
51 81
75 332
226 390
164 104
307 244
363 254
337 25
15 282
205 279
401 230
114 355
356 254
136 192
279 19
67 54
164 472
188 212
15 444
228 351
273 441
291 259
76 6
444 411
191 455
298 161
399 14
265 478
320 496
208 165
270 287
22 386
80 201
112 116
26 449
55 52
58 491
45 210
157 320
354 118
343 135
37 127
380 304
10 474
350 143
442 76
309 155
472 197
419 150
454 420
287 55
36 284
84 156
480 253
165 304
378 374
364 250
82 432
57 94
260 107
82 49
33 404
106 214
401 228
457 150
470 396
157 410
227 256
132 40
181 417
413 387
474 65
52 14
486 66
234 158
115 453
428 459
399 104
346 84
413 402
5 370
31 76
7 411
229 148
43 62
291 427
152 176
206 229
250 486
194 343
498 390
10 26
403 264
220 340
108 374
279 166
409 145
59 84
194 386
219 54
149 228
424 30
157 31
451 303
134 401
34 242
296 479
72 387
493 183
484 140
473 203
294 66
197 419
402 289
167 486
101 86
305 320
401 291
284 166
464 47
386 86
194 67
391 345
98 120
313 186
319 441
58 293
140 175
103 400
174 475
289 124
171 60
462 50
177 203
295 54
92 464
487 82
274 38
131 114
209 485
495 213
346 160
137 460
392 126
94 35
83 192
135 172
39 393
48 307
250 55
273 224
159 98
177 143
276 110
76 113
47 19
36 398
64 96
32 58
463 84
499 166
262 157
253 194
189 453
255 202
139 328
355 209
77 335
193 387
416 269
55 493
456 212
90 413
427 198
9 26
23 341
37 42
24 23
98 374
290 201
284 401
353 142
275 201
326 235
399 275
22 86
326 161
56 179
8 157
139 197
334 387
387 309
110 167
265 428
162 252
278 422
109 492
285 23
349 18
320 41
415 64
246 306
391 324
46 497
88 146
183 205
2 188
148 10
271 238
169 190
142 453
450 471
476 370
336 71
14 203
277 255
346 34
78 258
101 485
466 108
298 303
265 195
437 468
139 210
322 289
279 150
41 360
61 9
54 121
182 188
211 265
439 163
220 93
387 432
450 199
457 264
499 209
287 394
61 339
228 413
85 318
481 265
338 248
482 252
474 201
321 403
87 50
447 458
446 334
225 464
244 315
230 76
354 122
224 471
351 221
120 331
224 196
458 135
295 102
320 188
266 109
81 387
14 300
389 393
443 180
364 427
35 137
260 186
367 419
103 105
157 460
367 268
18 436
260 433
17 34
467 209
449 416
332 266
348 87
315 370
388 492
306 54
478 354
15 236
65 207
131 98
232 248
354 264
453 255
52 201
75 443
329 195
121 14
476 221
444 30
381 233
442 125
135 71
269 218
198 404
475 88
63 94
421 295
19 13
15 338
201 253
470 141
480 264
302 96
256 285
481 234
23 204
131 458
287 342
54 149
479 295
187 260
43 271
246 383
456 470
467 225
427 8
462 414
389 232
31 415
135 282
137 293
226 58
424 405
277 135
57 122
26 201
315 124
175 79
427 268
142 84
375 419
439 312
182 103
44 21
347 195
225 407
220 378
357 8
341 331
436 304
411 133
209 85
437 2
131 138
8 125
312 323
55 41
268 454
269 458
74 46
295 24
36 423
79 411
465 210
164 264
386 26
93 321
411 63
50 109
130 218
61 117
357 234
148 182
456 314
494 79
26 288
182 159
206 330
162 449
123 88
187 97
136 399
472 488
134 226
299 143
11 62
292 9
6 120
149 321
357 239
224 444
365 498
429 386
392 317
440 427
498 22
342 84
364 3
388 192
329 264
190 461
176 448
48 338
496 230
103 132
80 96
325 429
32 192
133 158
351 150
103 81
452 25
426 30
162 109
311 444
407 100
301 394
120 336
9 63
237 440
116 65
101 359
110 97
351 341
74 263
336 251
87 243
163 485
477 396
8 238
457 41
241 256
188 289
338 265
411 183
329 277
455 86
493 384
263 389
450 378
183 135
473 197
429 32
464 136
454 423
409 130
102 239
488 224
105 351
105 258
35 87
210 147
16 92
65 12
455 143
14 355
496 285
492 32
420 229
100 328
262 394
205 492
18 80
405 363
65 381
184 482
270 347
409 254
187 87
187 390
333 176
262 1
415 268
377 344
101 266
445 405
32 234
332 443
116 56
427 386
194 396
418 112
75 257
111 92
65 385
178 90
256 97
333 116
404 225
140 283
145 42
150 364
162 70
124 101
354 236
73 291
300 108
127 78
215 413
245 403
234 489
477 400
413 154
72 378
237 188
164 417
172 468
217 323
423 30
488 21
417 211
420 203
104 26
329 453
316 135
99 238
68 36
500 313
330 155
214 307
171 408
240 194
371 441
171 374
234 331
32 411
188 467
91 113
320 295
58 271
454 338
440 65
52 496
57 72
440 312
324 65
355 59
446 379
98 333
433 253
365 267
486 31
48 396
19 17
482 65
301 209
325 164
190 12
144 151
207 45
146 438
340 302
164 264
122 93
400 333
396 494
426 178
191 384
251 288
77 240
2 45
6 323
103 84
188 20
45 284
277 14
7 460
326 391
451 46
411 33
363 365
20 120
128 443
146 128
55 230
325 432
121 253
52 112
306 494
304 103
385 487
94 412
471 25
396 21
254 21
316 300
428 70
197 385
404 9
442 297
482 136
190 354
129 16
343 55
418 96
9 161
315 155
356 61
403 1
137 32
84 39
330 145
493 207
217 422
50 486
485 30
160 44
117 157
225 87
422 444
487 136
372 326
7 306
442 27
462 28
321 389
403 413
48 364
24 470
121 290
310 64
87 83
317 427
45 385
397 498
242 115
465 56
413 87
278 110
134 454
443 213
49 19
154 271
11 334
388 53
212 478
144 92
236 488
281 261
200 315
45 241
394 449
64 72
211 431
462 56
89 260
208 170
445 10
497 361
131 242
212 193
80 401
192 2
22 358
213 61
334 149
285 87
379 173
133 370
139 7
76 20
370 483
448 477
157 414
4 50
227 52
494 290
341 439
114 346
216 80
335 9
225 486
217 2
104 291
314 404
288 353
84 497
414 130
419 254
51 408
267 327
27 77
97 52
136 364
215 295
492 86
472 91
402 115
389 32
82 120
388 332
347 475
203 337
281 91
362 131
58 68
133 367
181 155
361 145
317 410
399 425
49 496
191 294
297 310
268 251
432 348
187 73
59 274
485 274
454 275
272 420
97 1
318 93
238 278
203 141
426 336
392 384
52 184
208 402
421 160
260 124
120 116
277 469
34 397
156 382
494 169
490 269
357 438
1 428
128 303
375 480
260 103
336 99
57 283
189 453
291 224
194 270
341 489
454 414
450 442
289 302
319 337
220 115
236 166
275 148
344 111
489 363
466 483
257 428
365 210
478 219
239 42
358 81
365 420
307 23
23 242
91 83
219 70
167 470
263 122
463 259
361 85
320 114
146 336
388 222
296 388
489 97
342 272
248 25
92 263
287 51
91 288
197 124
203 2
184 2
110 463
5 224
99 391
3 305
161 345
328 213
304 11
44 345
117 458
424 110
338 79
328 477
283 276
185 406
67 248
104 22
402 62
71 14
427 142
283 301
130 362
465 83
76 15
76 51
339 454
494 347
349 336
178 288
345 426
444 492
69 57
406 122
220 146
92 435
122 353
310 303
81 495
380 121
475 293
442 350
458 92
254 386
215 181
3 261
306 222
295 182
488 42
27 442
302 55
252 159
393 30
82 225
282 235
101 285
364 336
424 282
261 118
125 301
476 299
180 112
316 458
237 379
379 328
455 362
225 167
28 38
3 424
468 86
324 194
53 297
406 215
413 313
152 367
347 278
373 114
151 239
142 397
242 170
476 102
94 60
420 284
237 261
25 137
465 462
88 452
96 272
53 400
79 291
231 6
274 171
196 138
360 163
228 358
416 471
463 20
441 489
352 62
386 418
328 395
200 492
347 331
477 463
241 87
295 102
343 330
338 155
259 351
266 130
281 484
156 362
262 416
177 391
406 47
241 294
107 236
341 124
254 259
485 310
96 67
465 335
271 99
400 194
334 256
178 146
64 325
53 87
268 409
210 86
338 324
104 382
58 16
109 332
458 97
45 16
417 70
476 73
73 498
91 335
448 315
257 211
31 379
222 430
251 88
212 217
392 404
34 273
370 260
329 423
378 36
93 114
102 236
88 100
1 9
325 329
401 123
263 14
242 161
323 81
105 386
312 58
372 175
57 233
274 441
240 101
58 100
17 60
137 303
77 476
67 214
4 354
125 342
433 128
200 360
137 314
236 187
70 453
258 348
172 377
182 305
333 205
457 466
447 290
87 264
342 127
17 436
459 378
173 129
410 62
217 403
93 392
278 385
33 447
330 88
72 363
291 248
63 500
465 296
31 22
94 461
423 456
469 224
116 19
189 329
319 172
186 234
58 489
328 435
369 328
252 277
159 340
339 110
134 24
327 105
138 371
125 67
411 254
251 255
248 43
412 496
100 496
59 16
112 91
443 196
415 129
293 226
163 75
451 13
314 415
451 490
359 266
361 26
110 145
125 232
253 56
188 385
201 455
229 161
417 411
143 80
465 207
401 284
429 295
413 132
107 464
356 173
229 386
262 57
284 174
405 102
174 425
476 315
183 493
411 192
399 120
380 398
457 462
159 322
138 194
241 204
371 225
438 427
89 242
21 346
132 434
436 59
42 172
92 495
416 78
277 214
323 305
466 431
45 229
391 199
8 262
464 103
37 352
50 207
302 171
202 149
489 325
179 488
294 104
477 47
141 461
467 110
482 38
281 132
118 171
142 484
328 222
379 365
347 198
356 219
157 485
290 155
15 418
102 126
352 278
213 161
106 96
261 55
208 326
391 43
353 10
477 284
165 143
498 154
317 233
167 283
1 478
416 449
145 195
166 282
192 325
212 39
100 461
112 483
422 120
208 453
494 447
314 489
349 217
237 66
427 152
238 292
88 423
334 359
411 340
379 433
447 122
121 195
258 457
87 15
23 337
143 224
311 143
190 434
209 341
375 360
346 37
82 88
259 81
296 149
333 13
305 218
56 468
44 46
70 451
298 283
414 304
381 24
291 359
195 339
152 421
262 99
216 163
257 396
361 48
115 170
35 18
229 43
24 276
337 467
166 244
493 134
279 441
328 379
85 436
470 373
390 434
84 271
207 387
13 457
337 386
302 328
83 298
434 33
73 345
25 129
415 407
484 259
103 412
298 416
205 242
168 140
312 271
135 232
65 7
99 91
281 349
495 423
133 162
243 117
79 250
240 475
133 191
218 117
413 303
275 140
238 385
123 344
182 195
330 421
13 491
217 331
485 199
243 108
42 130
331 362
171 463
56 158
422 376
400 432
385 196
293 220
385 64
3 209
463 76
485 408
216 396
187 7
101 436
172 282
68 369
198 317
322 437
355 315
70 115
329 243
24 491
112 338
333 174
45 112
110 5
318 386
255 370
221 407
495 36
191 73
144 8
222 338
192 115
157 240
285 402
210 130
92 140
295 39
470 121
220 82
187 282
233 489
248 206
132 445
75 184
494 66
1 365
80 290
82 495
104 431
195 293
114 376
157 279
238 412
480 84
332 256
243 298
315 26
410 398
426 193
395 485
365 259
42 226
82 149
15 54
385 51
83 290
295 411
423 240
461 40
55 482
153 180
300 361
93 114
261 500
104 136
384 212
245 238
333 49
398 113
261 218
398 160
365 363
244 115
477 296
23 129
190 79
495 132
420 376
208 216
212 92
165 397
403 263
420 33
399 394
500 307
160 353
373 318
413 51
21 46
284 489
126 280
17 27
412 123
112 427
149 187
321 347
41 457
437 9
199 394
244 59
11 104
499 213
323 125
500 128
455 266
340 90
73 404
345 329
85 303
426 31
34 425
146 336
211 54
403 122
126 175
134 345
216 85
88 200
55 426
190 181
419 376
14 4
147 339
472 27
172 148
178 387
169 49
90 25
465 364
471 127
218 138
355 129
295 270
232 56
361 266
338 402
389 134
23 17
254 261
272 180
445 280
488 392
476 471
42 212
94 173
48 279
35 59
309 241
344 458
42 484
198 37
229 160
408 429
386 451
198 37
156 61
497 181
462 11
444 410
345 25
192 13
193 320
27 491
215 356
410 327
183 455
100 36
343 6
386 469
273 48
195 58
146 169
297 468
74 319
19 126
407 79
154 275
153 334
86 320
441 32
45 143
6 124
211 25
221 490
67 348
248 77
265 284
166 433
56 54
260 300
98 117
227 74
169 405
12 35
400 105
336 248
451 45
137 22
479 432
484 238
193 402
445 444
5 321
97 203
466 402
226 104
321 346
228 354
237 402
309 482
201 306
292 408
116 251
427 377
197 56
278 360
248 492
272 136
382 412
352 374
144 68
496 242
425 439
115 226
144 374
68 35
209 312
484 373
107 476
220 293
450 250
87 73
222 455
293 162
495 299
489 229
206 184
109 8
328 389
83 426
314 244
145 393
437 336
237 79
258 481
162 423
241 365
415 89
377 415
437 221
7 306
483 380
248 332
85 160
312 499
176 281
241 400
77 495
487 455
12 58
166 438
232 55
324 449
344 153
479 381
16 140
90 143
423 477
91 172
423 26
389 71
259 231
263 258
148 93
65 248
300 234
105 103
283 326
129 285
446 436
470 177
177 60
195 59
37 92
329 479
64 371
183 181
198 354
210 216
474 497
111 32
372 155
342 343
111 127
86 2
244 479
280 199
318 230
207 94
71 27
383 202
243 172
289 158
289 239
81 252
176 56
42 98
325 265
152 148
444 386
22 288
466 352
122 283
394 266
74 192
167 213
12 154
64 359
324 314
88 338
275 183
207 456
458 360
429 192
91 329
393 83
311 400
193 476
397 181
420 21
30 487
372 44
9 358
178 404
121 138
98 243
5 453
107 359
39 171
374 172
36 393
401 106
390 157
51 356
31 375
496 80
269 155
164 254
439 31
314 444
498 355
140 426
480 437
482 189
455 147
448 222
153 378
201 381
19 182
342 459
408 135
471 248
346 214
111 466
335 452
454 187
26 290
167 223
146 419
27 482
312 303
82 451
227 7
160 245
44 184
411 16
278 188
163 382
178 279
223 434
226 450
333 13
419 1
304 290
37 6
451 457
481 351
408 26
447 491
354 469
357 141
437 155
36 11
391 41
85 93
372 118
284 16
451 127
389 273
48 217
285 403
186 201
44 65
215 216
190 321
473 269
28 200
413 134
78 121
217 452
328 210
446 444
179 224
167 149
393 49
41 159
457 296
89 235
423 382
15 284
76 217
164 289
376 102
101 124
477 146
57 483
60 435
153 269
265 32
207 159
136 87
358 287
49 332
12 109
403 74
199 440
108 243
416 183
423 287
108 89
453 493
301 487
450 174
117 431
490 411
497 94
422 450
172 24
99 190
35 372
265 353
169 245
122 3
437 145
187 432
478 45
237 412
458 370
51 349
58 266
282 400
217 382
25 500
267 86
138 235
47 321
272 463
364 31
122 152
325 144
401 418
156 307
493 54
80 166
166 216
9 4
496 244
139 37
23 257
225 389
169 84
309 8
416 213
125 299
437 192
172 258
57 412
197 130
181 320
318 469
173 472
377 346
65 409
284 229
104 44
303 269
180 465
94 65
457 17
371 447
105 33
397 349
413 103
182 394
318 230
305 219
214 245
131 150
99 252
275 169
92 190
209 455
107 458
285 436
451 21
315 299
80 440
323 190
250 175
294 459
9 130
295 239
459 438
392 213
217 149
339 28
442 138
371 299
472 146
126 146
424 105
151 136
173 336
298 282
22 1
305 232
294 53
376 194
22 387
14 470
333 320
27 403
338 307
351 494
203 280
459 47
407 411
60 4
209 378
246 365
382 364
215 224
317 279
91 370
11 64
93 155
295 93
304 315
436 465
12 371
179 120
369 51
197 359
319 499
255 411
62 280
483 74
178 22
79 1
495 488
3 63
437 171
48 97
350 110
429 197
158 189
469 333
216 433
459 246
220 40
165 68
208 449
289 307
103 202
499 138
298 448
62 304
349 35
261 244
398 67
469 173
379 461
30 34
38 302
489 58
36 169
216 111
487 219
380 152
325 340
78 204
13 263
309 117
328 278
495 314
262 16
446 52
422 439
333 159
219 270
35 439
457 209
19 289
435 478
89 232
238 60
295 327
322 449
424 228
252 54
449 361
164 98
437 423
215 459
294 457
403 256
386 142
362 269
188 45
39 99
109 445
235 409
171 26
38 360
52 169
232 59
118 153
113 301
438 476
471 254
138 113
89 234
211 298
406 423
410 281
183 233
458 93
122 132
138 214
112 362
303 16
323 320
242 256
135 362
183 103
21 388
268 465
482 379
231 398
487 239
134 282
389 275
22 290
123 292
369 272
361 9
67 339
147 134
250 488
186 478
294 500
319 43
238 440
158 57
500 245
312 482
258 112
156 60
215 177
278 191
339 197
25 309
232 343
424 434
475 450
64 251
71 410
485 321
17 33
34 227
211 107
437 353
206 245
269 215
392 186
102 127
415 328
13 258
143 180
2 273
499 60
197 297
129 110
392 418
498 340
372 362
57 302
475 112
75 108
413 255
399 472
378 57
431 350
370 40
351 246
22 67
288 446
454 20
259 293
107 295
295 88
157 274
307 191
423 264
477 320
138 262
165 126
288 96
253 196
92 462
47 453
140 319
310 476
77 135
61 245
457 486
71 112
469 67
456 406
492 31
327 461
180 263
300 15
124 142
319 206
10 123
418 442
405 9
362 64
263 110
178 281
447 258
55 229
275 231
316 415
7 238
429 418
143 106
260 220
103 398
313 492
463 475
189 129
209 316
461 376
352 312
47 240
276 359
305 276
68 340
301 240
434 59
122 140
309 170
196 414
311 145
77 106
497 186
310 215
388 285
376 351
341 8
93 470
317 326
177 495
466 297
377 452
200 109
129 149
207 211
221 159
255 166
406 5
433 373
270 154
34 281
22 273
238 383
494 144
125 164
418 382
268 187
351 329
268 394
265 280
156 154
309 428
171 27
320 187
310 251
98 36
222 107
295 227
81 31
376 481
422 363
18 445
10 298
56 371
181 310
14 221
178 415
320 389
355 443
333 132
406 59
490 159
321 373
60 349
311 3
61 277
448 214
476 96
77 401
425 443
330 46
88 71
466 346
329 400
115 466
333 405
213 340
419 30
263 193
386 477
269 487
232 113
112 349
5 46
63 134
63 250
118 380
301 194
47 304
343 105
23 142
428 212
223 267
219 105
495 464
74 417
358 191
159 312
413 458
8 59
186 158
208 151
64 102
387 11
162 279
268 161
78 326
138 245
76 16
62 393
15 376
162 292
339 250
312 462
468 251
176 207
182 49
284 403
77 184
347 457
236 75
288 239
16 78
365 35
229 282
360 88
364 252
98 222
37 170
478 157
146 255
309 328
28 174
157 494
195 153
243 88
125 265
50 83
310 357
405 20
318 122
68 202
420 18
93 10
277 105
278 131
155 150
382 425
216 328
313 200
413 340
82 212
50 376
372 412
237 432
302 19
471 200
38 398
461 327
339 396
486 451
47 51
85 388
401 359
2 61
456 240
378 472
179 391
83 277
365 408
144 419
268 267
420 434
326 448
284 148
237 141
488 441
444 482
255 468
361 334
234 217
476 433
89 436
259 108
499 63
132 1
171 355
216 415
295 167
165 116
362 257
42 97
185 57
25 181
161 167
126 22
51 336
178 221
455 432
147 84
62 63
450 469
367 290
388 156
480 367
233 481
306 47
378 83
273 438
330 488
173 304
320 135
349 387
155 126
292 241
265 275
187 83
398 186
151 2
428 48
101 149
469 461
473 384
115 131
260 315
239 316
85 497
373 329
55 418
335 105
256 474
478 361
192 174
152 133
7 397
128 405
443 311
335 289
225 160
281 458
377 376
475 214
435 26
90 94
341 63
211 306
107 377
96 444
386 280
160 165
4 107
163 492
64 421
282 169
78 476
184 250
402 191
204 305
189 125
315 41
277 478
83 296
144 159
260 453
391 348
307 405
33 116
472 486
15 288
451 83
59 450
122 77
479 171
137 233
208 327
398 212
454 208
493 295
19 190
162 371
172 265
54 91
106 243
284 459
125 39
425 143
181 322
182 110
220 272
217 169
275 25
83 427
440 174
166 486
101 293
142 428
379 120
70 58
378 91
467 152
418 207
456 209
246 112
318 9
36 396
445 36
400 353
364 460
410 53
186 477
217 100
354 340
205 142
320 334
239 121
496 389
303 154
139 310
219 367
351 470
188 51
288 376
20 290
413 440
319 206
410 175
151 194
138 466
161 82
184 98
485 166
338 254
259 490
178 53
206 344
376 246
489 150
19 205
68 329
367 426
408 190
484 372
402 116
33 19
37 162
323 38
193 159
159 224
23 39
81 177
427 224
343 291
461 81
273 262
47 150
446 225
9 292
39 45
194 121
194 83
406 193
162 161
53 69
204 439
164 99
427 173
98 165
22 55
269 435
283 188
43 19
480 226
373 288
135 16
11 319
81 289
131 450
49 406
147 467
101 295
163 476
70 271
276 243
404 241
66 330
492 390
164 302
306 155
250 497
248 139
168 86
221 111
447 394
374 326
434 266
195 298
402 440
458 103
135 482
297 19
441 185
178 324
416 495
128 382
163 24
63 452
462 477
362 413
189 271
91 380
77 206
168 421
230 352
397 62
122 155
300 407
387 19
80 161
459 48
330 235
149 188
261 270
187 49
285 159
114 295
77 390
65 444
137 161
85 79
26 188
252 161
14 156
63 387
417 105
455 84
187 228
224 166
97 58
452 69
24 11
61 381
470 375
66 117
20 306
62 271
395 130
30 298
428 430
360 182
473 489
85 326
297 28
136 463
263 333
481 113
118 90
353 295
110 42
27 339
132 149
458 294
193 134
103 194
108 328
201 407
54 378
351 432
417 160
412 98
337 380
277 493
126 132
64 226
162 218
254 432
6 465
469 457
326 414
304 188
314 387
309 305
222 387
437 404
339 371
401 457
499 418
14 67
297 223
109 480
245 138
477 109
37 356
90 174
269 273
244 468
431 303
495 397
475 125
92 64
273 371
179 77
372 84
14 335
490 372
104 424
493 245
20 465
44 427
117 79
46 14
51 491
364 64
450 364
298 79
31 346
350 266
61 172
8 453
86 116
110 456
7 159
8 106
319 16
386 278
26 93
121 389
369 447
352 261
82 233
256 274
102 292
154 496
237 177
15 392
401 411
168 18
49 87
216 306
280 242
6 217
142 2
295 278
26 15
459 146
324 91
383 325
382 480
164 278
54 248
433 49
306 43
466 83
314 381
255 118
81 490
391 241
166 458
107 485
301 48
18 109
391 190
78 64
138 262
246 362
228 3
445 172
17 287
171 179
143 408
19 397
346 116
93 350
293 273
45 434
115 209
227 316
285 479
420 138
46 302
173 498
464 449
147 93
159 427
211 337
168 464
275 353
304 56
264 279
273 420
117 401
295 474
84 129
266 369
439 85
192 41
478 407
258 291
496 132
186 327
80 6
346 348
395 59
388 233
114 334
207 50
42 364
451 220
387 128
182 59
298 498
96 312
397 428
389 364
199 76
456 115
256 452
202 331
126 148
49 457
313 112
219 164
232 478
26 427
456 24
108 337
228 5
490 175
390 420
201 246
81 213
17 478
436 349
62 138
485 160
163 161
462 277
5 112
380 192
68 124
72 450
127 47
291 402
262 226
340 23
129 379
198 124
347 470
58 225
30 10
443 293
104 49
133 186
411 195
436 425
166 205
363 378
307 131
36 386
203 172
436 381
389 68
473 21
110 131
294 122
3 307
111 40
351 226
388 254
324 444
395 10
65 446
31 165
120 360
130 120
462 200
270 375
83 492
91 97
14 322
384 36
256 121
345 363
160 227
15 145
23 498
422 140
148 223
255 305
299 85
493 266
326 49
38 97
337 150
1 491
114 301
179 429
455 217
6 75
406 492
157 442
65 23
420 180
172 120
3 216
289 290
120 13
56 256
341 463
258 189
322 294
172 276
382 157
352 70
18 468
311 464
414 334
311 227
135 277
290 9
260 467
440 322
349 270
282 211
317 159
479 109
470 32
155 401
275 469
2 15
345 31
390 4
350 500
498 94
257 417
126 452
155 186
231 317
77 294
35 327
155 197
263 125
132 499
361 71
277 436
212 137
317 5
5 48
393 367
396 98
62 357
405 400
204 305
180 222
401 379
287 114
323 283
175 243
295 186
410 490
128 278
485 466
303 149
14 440
225 379
171 390
322 303
216 378
383 8
268 414
414 40
423 402
31 436
435 401
421 149
389 7
288 335
325 236
406 242
187 101
263 181
336 495
403 48
360 210
9 15
118 319
124 157
153 65
324 253
499 189
378 436
301 37
290 125
176 379
188 190
37 389
74 288
314 170
182 154
341 422
356 66
475 350
333 158
231 168
420 245
150 274
343 71
325 125
201 289
493 220
379 238
334 407
214 349
83 462
469 403
114 190
400 232
194 225
487 215
177 396
243 197
137 251
275 18
194 418
105 250
114 236
290 172
455 1
324 83
150 259
181 403
24 290
143 412
56 27
134 126
440 83
131 50
383 106
193 394
203 108
325 302
447 268
231 430
471 319
374 125
70 348
232 87
341 494
238 16
199 460
374 137
449 8
145 382
330 141
464 456
241 471
253 287
22 21
411 8
310 193
27 393
83 36
428 149
283 130
358 14
400 148
389 144
348 227
103 328
194 480
487 52
373 451
127 353
235 340
294 10
84 477
103 47
256 8
337 77
151 331
443 316
395 109
310 371
51 234
220 199
34 171
419 138
278 91
167 369
394 189
216 84
470 32
215 13
141 103
434 136
307 160
422 257
136 252
445 427
265 23
5 467
358 346
287 323
235 244
311 369
59 384
420 227
242 221
499 77
6 479
336 401
448 187
319 333
488 32
207 426
334 291
185 264
426 220
297 151
394 230
62 80
471 325
58 442
277 146
78 486
31 482
66 493
371 215
73 5
333 367
452 31
398 42
85 455
410 434
58 316
198 105
174 194
84 104
387 81
16 141
380 241
289 378
470 319
257 392
468 451
176 479
465 444
481 295
198 481
288 292
459 393
196 260
339 360
339 5
497 47
347 204
469 76
77 266
170 276
126 43
442 138
245 324
339 240
476 201
430 166
379 58
285 425
395 325
357 122
289 153
94 404
208 149
127 391
373 213
300 402
265 200
481 434
438 125
228 339
430 319
427 260
131 479
152 466
135 329
240 74
414 45
9 60
210 212
164 210
65 317
251 444
282 269
31 127
437 59
332 190
455 310
214 157
270 373
274 216
137 442
48 62
363 280
73 176
147 260
478 460
4 81
334 40
23 242
438 285
267 19
479 279
306 187
406 56
262 435
219 487
78 195
203 169
99 55
52 461
39 204
356 433
320 213
201 382
331 32
64 212
412 106
472 415
211 334
151 240
66 284
291 123
432 461
55 457
321 169
481 12
260 352
357 53
403 301
328 24
28 333
374 144
403 212
110 128
411 492
74 370
314 83
211 351
214 131
370 327
84 202
378 421
135 12
191 122
409 13
293 178
400 244
4 93
15 285
153 205
140 448
453 120
338 416
299 188
121 427
100 54
88 48
430 344
346 375
498 278
309 216
170 163
434 338
241 275
201 349
9 443
416 350
215 429
37 150
261 378
37 194
33 209
14 57
387 165
89 386
125 133
56 239
490 323
294 367
220 14
128 488
59 196
166 476
164 8
463 9
290 374
399 290
333 165
171 47
294 298
130 91
435 425
231 315
470 314
303 266
318 139
331 70
64 235
428 131
