50
1 2 8110
2 3 8007
3 4 1934
1 5 4279
3 6 9050
6 7 5388
1 8 12
1 9 859
3 10 7471
6 11 7210
7 12 5718
5 13 3156
11 14 230
9 15 9273
14 16 1687
15 17 2923
12 18 9542
2 19 7858
8 20 6854
8 21 9657
9 22 7370
8 23 5135
2 24 9036
24 25 5031
21 26 6314
9 27 6440
4 28 9140
13 29 94
15 30 7583
26 31 2647
4 32 501
3 33 8871
14 34 9138
31 35 1172
12 36 232
24 37 5275
20 38 2812
34 39 345
30 40 8456
8 41 5170
11 42 6039
37 43 110
38 44 1740
29 45 3127
31 46 4443
34 47 6637
20 48 4718
48 49 8994
25 50 8145
50
12 22 37 50
9 27 30 37
4 30 33 37
13 29 35 44
16 26 31 45
19 24 38 50
12 32 40 42
2 31 45 48
5 6 35 45
4 24 29 37
5 16 23 32
22 23 34 37
14 19 24 30
5 22 26 33
4 17 27 46
2 14 18 37
3 13 28 49
2 8 21 29
18 31 32 33
8 15 43 49
6 29 44 49
9 39 46 48
3 14 18 40
4 7 10 15
3 5 22 50
4 26 36 46
4 9 21 33
3 40 41 45
15 19 38 49
5 6 24 41
17 33 47 50
3 22 23 28
1 8 9 15
20 29 43 47
11 13 42 49
8 19 34 35
2 4 6 47
6 18 41 42
4 8 46 48
8 15 17 50
10 37 41 48
6 15 38 39
14 26 43 44
10 14 24 34
14 27 31 46
27 29 37 50
4 5 13 49
2 14 22 38
18 25 40 49
8 12 34 36
