500
1 2 7553
2 3 2762
2 4 6441
4 5 9950
1 6 167
6 7 5972
5 8 5403
5 9 6637
9 10 9080
9 11 782
2 12 9654
9 13 8258
13 14 3777
1 15 7925
6 16 7575
15 17 8345
1 18 141
7 19 2725
9 20 6458
9 21 3025
4 22 3467
11 23 3772
7 24 8254
17 25 6806
1 26 1831
17 27 7702
22 28 9006
14 29 9301
6 30 5966
4 31 9712
19 32 2984
27 33 1995
23 34 78
20 35 1001
2 36 1704
20 37 1108
10 38 1843
37 39 5515
26 40 3869
38 41 15
38 42 8362
16 43 3046
29 44 5330
2 45 3896
15 46 3680
1 47 516
40 48 6885
10 49 3932
49 50 2019
18 51 6789
30 52 4546
5 53 2920
29 54 7951
43 55 2083
17 56 6344
54 57 3897
1 58 4049
24 59 7566
18 60 4290
40 61 6764
39 62 3062
58 63 6400
39 64 5822
26 65 3342
22 66 5644
47 67 7833
62 68 3209
36 69 6588
37 70 1343
63 71 6660
63 72 95
16 73 6499
10 74 1932
59 75 8862
16 76 7518
13 77 6831
74 78 9793
17 79 2101
44 80 5875
61 81 1743
32 82 970
31 83 6085
57 84 875
18 85 1711
64 86 3796
38 87 3660
73 88 5523
4 89 941
48 90 2780
14 91 1222
40 92 1639
52 93 7908
18 94 1744
81 95 977
25 96 6229
67 97 1058
51 98 395
93 99 5642
57 100 7546
14 101 996
38 102 4845
46 103 6237
80 104 4419
26 105 8007
69 106 9664
21 107 2295
16 108 124
29 109 6184
10 110 1859
54 111 7702
23 112 4819
90 113 4612
62 114 4898
105 115 7495
40 116 6517
28 117 2168
18 118 8970
11 119 5270
109 120 687
75 121 5281
118 122 9656
114 123 7328
8 124 7757
4 125 6428
51 126 826
72 127 1139
83 128 3533
116 129 7911
89 130 6844
34 131 2156
123 132 4124
72 133 9805
7 134 1211
116 135 3831
28 136 9735
134 137 2732
117 138 9525
34 139 1154
2 140 7051
25 141 4721
116 142 3365
101 143 6025
122 144 9444
96 145 2474
98 146 10
73 147 585
44 148 5440
103 149 2514
132 150 5153
10 151 1953
137 152 1084
123 153 1527
69 154 6309
152 155 5451
108 156 132
25 157 7750
149 158 181
133 159 5686
44 160 5287
47 161 8445
65 162 7581
130 163 4223
32 164 9536
60 165 4855
162 166 9418
93 167 898
20 168 6445
27 169 3442
20 170 5882
96 171 5021
22 172 5850
3 173 3436
25 174 1433
82 175 252
133 176 7254
95 177 5472
14 178 4292
39 179 3133
112 180 1516
107 181 4604
130 182 7625
161 183 9740
53 184 6154
140 185 6030
40 186 6179
71 187 6103
181 188 8157
135 189 3825
53 190 6865
75 191 9546
115 192 7233
50 193 8196
193 194 8783
5 195 6915
180 196 7716
28 197 6258
21 198 139
109 199 6094
148 200 1075
32 201 1098
166 202 4881
175 203 2617
8 204 5931
182 205 1415
21 206 9470
22 207 7313
160 208 1272
7 209 7224
33 210 1215
203 211 178
204 212 5945
16 213 1208
212 214 9762
178 215 8137
119 216 1577
214 217 2550
88 218 8210
192 219 1620
182 220 310
159 221 2813
122 222 1662
94 223 4175
27 224 3212
62 225 5388
144 226 9347
183 227 2504
145 228 3466
66 229 5822
176 230 9580
174 231 8988
123 232 7563
79 233 6626
217 234 8248
102 235 6215
39 236 6541
234 237 2340
106 238 6387
78 239 6694
69 240 9980
72 241 6880
79 242 5115
75 243 3095
216 244 5335
182 245 6005
86 246 5067
43 247 6759
146 248 361
33 249 1902
83 250 1266
231 251 8882
103 252 1312
43 253 218
170 254 5245
150 255 4613
76 256 9001
148 257 4565
141 258 9991
36 259 3374
40 260 7056
64 261 5388
176 262 271
190 263 7322
42 264 9843
166 265 4667
1 266 2097
117 267 6309
104 268 767
210 269 3521
169 270 2922
194 271 4445
260 272 1777
66 273 826
258 274 7656
233 275 8846
140 276 6
137 277 4498
64 278 2454
174 279 3365
34 280 954
110 281 1544
186 282 8787
83 283 8321
119 284 5179
28 285 7912
170 286 172
238 287 9548
244 288 3926
210 289 1263
46 290 540
110 291 6325
150 292 9671
92 293 506
114 294 9330
40 295 6201
138 296 8173
79 297 4310
148 298 5322
179 299 2484
26 300 2483
48 301 2303
135 302 8018
91 303 100
105 304 5143
117 305 980
100 306 8629
225 307 549
36 308 5621
189 309 3073
28 310 1746
235 311 309
87 312 28
3 313 8739
80 314 7942
45 315 6816
200 316 5767
310 317 5047
80 318 7148
72 319 3988
188 320 7396
89 321 6474
82 322 3507
313 323 8286
206 324 6128
28 325 3929
84 326 6519
116 327 9737
43 328 71
297 329 9233
286 330 3253
294 331 693
58 332 2008
203 333 5071
90 334 4122
51 335 9613
152 336 334
48 337 5504
129 338 4276
338 339 6894
77 340 2518
298 341 7233
269 342 7231
128 343 8086
25 344 7823
257 345 9839
238 346 6601
179 347 1249
319 348 3332
258 349 9863
182 350 6925
221 351 2109
128 352 6883
170 353 1974
271 354 6026
166 355 4215
28 356 3913
54 357 7545
353 358 3500
219 359 1131
286 360 1315
339 361 6797
334 362 177
322 363 8742
147 364 5901
347 365 4623
273 366 3860
313 367 4374
48 368 6741
213 369 7228
312 370 1588
137 371 5688
205 372 5448
304 373 3425
63 374 4269
332 375 6200
132 376 4563
88 377 9532
111 378 6509
316 379 275
165 380 9042
254 381 1432
140 382 9295
13 383 8919
130 384 4564
67 385 3299
161 386 9698
323 387 3729
321 388 2500
120 389 394
130 390 2803
5 391 5485
363 392 1199
327 393 6986
291 394 4141
34 395 8904
244 396 6260
319 397 49
177 398 6143
291 399 4033
298 400 7310
259 401 8858
261 402 2229
254 403 1074
93 404 2875
207 405 739
370 406 9916
346 407 8906
267 408 600
208 409 2313
79 410 1074
348 411 3542
37 412 4145
83 413 8938
344 414 2307
254 415 7650
281 416 645
101 417 8673
337 418 9804
263 419 7356
318 420 4799
364 421 1708
213 422 1546
374 423 8688
80 424 3661
363 425 8073
238 426 1291
418 427 2636
228 428 7947
101 429 2339
216 430 7979
306 431 7244
385 432 7832
346 433 2312
259 434 2407
377 435 798
37 436 8719
339 437 166
112 438 8540
98 439 254
24 440 5262
209 441 2808
201 442 2840
126 443 8714
283 444 6130
201 445 9661
120 446 7527
17 447 7022
353 448 5415
209 449 5408
326 450 7942
98 451 4680
20 452 3819
72 453 1520
148 454 9491
160 455 6708
307 456 8955
17 457 4600
296 458 4217
45 459 7632
401 460 7556
344 461 9718
120 462 7431
129 463 8121
405 464 6707
282 465 2120
194 466 6458
80 467 7194
197 468 9636
280 469 8937
82 470 1741
6 471 2547
205 472 4229
227 473 9272
266 474 1647
286 475 9119
147 476 1619
357 477 3665
166 478 2076
180 479 2043
35 480 5514
5 481 6272
125 482 9473
162 483 5237
356 484 777
210 485 8868
451 486 1068
337 487 7338
392 488 2827
408 489 5752
447 490 5401
159 491 7158
417 492 1758
424 493 6731
183 494 6133
354 495 8966
3 496 2414
67 497 9289
441 498 621
265 499 728
316 500 4042
500
201 255 358 474
84 393 397 462
37 89 123 454
134 189 405 457
119 229 246 333
139 210 254 325
33 178 226 395
77 115 367 467
38 105 136 441
128 202 319 371
27 69 273 414
75 160 380 476
140 214 264 360
65 132 210 315
77 302 390 393
163 170 181 331
38 68 229 240
50 71 251 396
155 323 339 476
83 115 428 446
217 263 379 442
13 178 284 324
141 158 183 487
386 406 433 462
66 120 123 140
39 109 272 487
80 320 447 483
22 135 252 476
83 270 383 415
73 237 286 380
113 296 400 486
29 94 194 334
91 230 237 326
298 303 358 368
326 338 453 464
164 189 243 320
150 158 444 445
125 312 338 422
23 42 116 121
25 258 322 371
52 90 312 342
3 158 406 431
142 166 382 419
42 124 185 186
438 441 477 484
128 322 408 418
167 223 304 419
239 314 408 449
96 410 482 487
44 181 396 479
153 301 385 434
57 198 369 452
128 186 259 444
21 27 301 409
53 326 421 453
133 138 364 398
5 139 230 244
94 232 303 497
37 102 198 257
13 117 279 394
291 322 379 475
77 161 292 375
139 184 239 378
237 240 345 455
77 293 468 479
225 369 386 410
205 210 269 439
36 141 219 284
139 235 274 306
2 81 347 448
43 251 435 494
44 192 290 368
131 305 323 370
110 148 225 304
116 201 335 487
48 224 253 329
2 16 114 284
102 233 311 390
197 219 334 358
103 148 176 232
34 169 200 272
16 110 213 215
1 47 301 423
192 316 417 457
35 113 138 162
54 92 293 400
109 127 157 194
114 134 339 472
100 278 465 474
144 202 231 319
21 93 123 424
126 267 288 326
5 360 438 446
213 325 425 473
4 62 427 478
52 119 143 171
166 216 300 494
118 240 354 415
123 179 417 462
12 155 186 292
90 281 309 310
241 284 324 473
14 84 93 445
28 50 359 393
60 158 191 274
278 330 438 493
21 236 279 479
20 82 157 194
141 169 364 435
57 68 332 439
20 175 400 499
192 273 364 395
173 341 463 465
14 279 330 384
40 93 254 429
32 98 225 271
72 135 307 355
160 300 360 387
162 249 310 456
108 242 253 264
18 63 183 455
321 341 407 437
361 399 464 489
102 374 375 480
13 86 290 332
70 193 268 469
94 229 373 441
129 130 251 495
89 167 172 366
111 127 194 368
30 148 370 399
25 87 168 349
201 260 317 461
94 161 216 313
190 207 212 369
14 22 176 358
2 143 327 371
94 302 320 420
65 167 241 382
60 134 248 353
36 96 185 481
124 133 226 404
35 293 367 412
168 322 381 401
2 45 412 457
137 291 292 361
46 292 332 405
60 63 262 363
90 95 300 380
40 113 496 498
154 255 321 481
128 233 356 465
197 300 360 421
314 336 353 500
30 245 360 418
105 285 316 366
52 207 435 448
49 179 202 249
64 166 202 263
52 341 374 380
24 286 361 446
133 199 272 451
214 306 342 369
18 62 123 491
76 80 121 195
271 300 307 398
58 217 283 477
124 249 328 370
2 91 115 373
133 138 323 331
22 32 78 371
30 144 477 483
66 164 216 220
86 196 301 454
52 59 280 382
16 110 147 486
154 335 397 453
102 368 406 455
54 103 232 318
12 174 374 390
8 97 115 370
20 375 443 492
39 104 155 325
6 123 250 400
194 306 327 386
294 356 477 482
19 50 92 491
155 250 355 443
54 90 170 429
73 177 295 493
167 322 346 377
222 368 400 440
37 63 107 276
54 83 344 426
5 7 255 296
10 110 254 371
16 56 95 486
1 56 363 484
66 90 387 462
24 100 145 254
103 174 195 309
198 223 253 385
248 254 318 482
26 235 407 423
290 325 340 428
75 114 128 433
61 277 305 444
62 103 339 340
36 73 83 294
113 218 278 343
212 248 359 452
180 350 471 483
121 297 338 460
91 154 325 479
26 94 289 417
75 175 332 389
197 320 427 448
105 285 348 487
90 209 231 395
30 286 300 329
28 129 299 424
68 353 404 484
116 167 386 409
31 80 176 435
79 249 294 426
105 347 443 477
132 268 327 372
108 113 411 478
10 15 204 428
195 255 352 401
39 178 201 385
74 100 251 274
87 296 323 369
217 315 366 370
258 306 328 410
102 331 337 448
199 266 348 456
83 244 361 366
44 195 292 342
48 124 336 364
124 213 325 370
129 152 295 449
215 267 372 421
51 261 415 459
163 225 234 277
143 311 333 450
79 127 273 433
206 224 399 486
79 129 220 227
14 122 317 370
215 371 482 496
70 302 380 500
181 314 362 411
9 41 323 332
85 204 306 449
22 293 330 454
4 68 273 384
82 87 362 427
253 336 415 429
7 107 165 256
9 35 116 218
57 155 401 404
220 270 390 408
63 95 204 395
183 269 366 467
207 218 222 435
27 164 262 287
127 228 427 490
19 23 328 379
47 59 108 273
201 233 272 478
13 154 183 265
169 296 441 447
186 229 405 418
22 172 314 369
54 116 135 332
264 273 324 407
48 173 209 272
9 162 316 341
25 83 149 493
69 282 352 353
86 121 380 457
155 162 412 477
205 206 379 408
100 361 391 394
33 93 181 432
35 116 143 243
67 78 268 270
32 121 183 186
92 161 182 253
75 142 164 470
21 230 419 482
192 305 320 477
5 180 261 429
43 343 395 471
20 121 427 463
7 365 393 397
289 383 421 442
27 148 220 399
64 349 361 497
191 314 444 476
114 354 393 400
19 194 293 319
20 46 74 308
131 194 232 493
62 177 288 340
37 85 162 354
142 315 443 447
453 457 458 471
70 91 342 397
2 3 140 211
6 102 197 352
96 445 495 496
137 309 437 453
117 240 338 448
5 88 176 234
285 291 381 458
62 120 164 305
125 165 347 394
24 107 443 446
190 284 296 401
74 128 160 164
130 228 259 371
26 56 192 406
121 162 362 375
37 252 262 284
118 144 246 412
63 234 242 437
156 266 289 495
125 325 368 439
124 164 202 216
13 75 232 407
133 180 321 364
23 196 243 391
11 112 325 460
40 223 412 430
17 349 366 378
9 129 343 460
7 94 294 319
174 306 391 414
2 18 129 464
20 163 329 392
161 209 239 446
108 196 268 270
148 276 400 415
3 93 191 355
82 211 242 396
11 286 404 405
29 52 220 315
48 91 103 246
174 383 393 440
358 371 489 500
46 125 301 326
175 215 295 316
27 49 62 235
334 405 443 474
87 174 273 472
52 79 129 408
64 225 264 386
95 275 348 495
31 41 178 471
12 321 344 426
36 106 272 329
49 143 429 461
122 241 383 493
184 352 432 457
174 328 385 440
176 257 282 391
106 140 203 292
83 213 241 395
24 88 371 389
145 261 277 422
92 93 218 481
60 84 199 414
139 148 175 223
255 347 403 479
121 179 302 485
238 382 384 433
62 273 493 495
63 129 224 285
103 119 152 397
62 134 270 366
138 185 232 273
1 40 53 141
1 156 168 457
35 277 331 395
125 214 409 497
184 195 246 337
12 110 264 326
196 297 310 469
36 69 120 156
117 330 337 371
60 64 352 377
122 260 262 268
169 210 313 412
107 166 177 347
162 357 402 464
241 328 377 384
82 165 286 390
69 174 198 222
316 319 424 471
24 50 229 494
140 148 258 326
36 91 186 224
33 149 155 368
16 257 315 345
74 261 348 457
19 39 135 445
119 371 404 409
200 254 308 449
227 381 419 421
46 212 356 487
133 141 194 305
97 117 210 444
32 203 372 432
58 88 288 469
29 177 340 347
52 68 302 354
50 116 184 372
61 85 315 373
89 144 264 336
102 113 241 248
116 276 363 437
111 210 440 454
3 4 180 446
149 352 395 492
10 132 157 254
235 252 297 469
7 222 373 441
26 246 266 372
115 314 399 417
72 121 401 499
93 189 241 323
240 264 390 470
149 232 249 323
75 234 372 451
70 270 333 437
222 238 278 378
6 128 230 331
299 318 427 490
178 193 214 217
287 382 441 487
27 118 205 279
110 161 454 499
45 119 425 458
228 247 440 450
179 259 329 491
145 157 163 248
26 126 203 242
70 122 217 350
11 259 326 424
130 169 203 300
37 146 152 224
64 105 184 288
72 110 184 372
51 136 299 311
8 124 321 359
119 374 429 440
53 110 444 470
11 51 199 466
120 130 303 368
145 191 307 404
38 92 216 354
435 463 476 496
134 135 157 383
255 307 403 489
81 146 249 481
29 105 118 210
401 455 485 487
14 188 432 451
154 204 207 265
102 246 251 388
92 189 389 453
88 156 199 246
59 154 225 250
143 153 251 425
371 379 468 494
265 314 358 463
81 326 346 364
41 345 449 462
373 377 393 499
145 242 353 432
110 372 407 484
1 255 421 460
28 240 426 468
9 32 37 196
23 24 36 217
218 263 472 480
8 31 39 201
45 192 424 478
44 63 94 254
116 139 269 331
126 214 305 489
249 289 293 383
238 411 446 486
130 252 266 436
31 166 238 251
189 280 357 400
224 280 292 493
90 104 162 437
