500
1 2 1506
1 3 3092
2 4 2537
1 5 6792
1 6 4188
2 7 8
6 8 7062
8 9 9585
8 10 7397
6 11 2787
4 12 8985
8 13 7585
9 14 9625
10 15 6819
8 16 8238
14 17 6724
4 18 4005
1 19 4453
2 20 9393
13 21 2616
19 22 791
18 23 1189
14 24 8113
5 25 8137
8 26 6572
7 27 3889
27 28 8986
8 29 3604
1 30 5600
21 31 438
9 32 9464
29 33 7414
29 34 1009
28 35 2593
35 36 4682
8 37 9740
32 38 7035
8 39 271
29 40 9596
23 41 3924
39 42 2011
15 43 524
12 44 1227
30 45 8570
37 46 8752
2 47 2950
3 48 2564
2 49 7084
4 50 7652
39 51 5002
27 52 3091
37 53 5109
47 54 1526
3 55 4549
44 56 1527
8 57 148
3 58 9523
13 59 3587
5 60 956
30 61 21
3 62 2103
53 63 4146
10 64 3679
46 65 3093
9 66 560
20 67 8575
46 68 3341
53 69 7842
65 70 6202
13 71 903
1 72 2547
38 73 4088
18 74 7219
31 75 7958
35 76 6750
9 77 9684
35 78 7303
7 79 2490
43 80 4858
32 81 3444
65 82 5716
53 83 8080
71 84 1958
62 85 4931
17 86 9719
36 87 1205
83 88 6286
20 89 8896
47 90 1051
29 91 9957
10 92 4895
57 93 4168
42 94 4640
3 95 7807
39 96 3142
56 97 9270
80 98 7969
85 99 1294
82 100 3120
2 101 7305
23 102 4923
69 103 3184
50 104 8682
15 105 6349
37 106 8172
12 107 8993
107 108 241
76 109 7055
81 110 1248
47 111 3919
106 112 7826
55 113 8445
62 114 6917
22 115 247
24 116 1482
40 117 3683
8 118 7752
63 119 2294
30 120 646
65 121 8654
110 122 3573
67 123 5977
14 124 6340
121 125 1339
84 126 9161
100 127 2524
86 128 8767
92 129 3000
79 130 8226
74 131 4605
5 132 4949
68 133 6033
107 134 2781
102 135 7289
56 136 8083
56 137 1315
44 138 7142
18 139 4845
57 140 6278
109 141 1403
49 142 1930
36 143 1174
84 144 3419
7 145 9991
43 146 8951
105 147 6368
78 148 1743
123 149 8499
24 150 1514
10 151 8137
122 152 2848
15 153 2028
38 154 7519
127 155 6429
144 156 2601
135 157 4928
104 158 6163
147 159 6843
114 160 2440
56 161 8683
139 162 8293
21 163 4302
36 164 666
60 165 2122
76 166 3919
150 167 3508
53 168 4429
107 169 4346
6 170 4624
5 171 2986
61 172 3900
123 173 808
136 174 6229
99 175 4429
119 176 7061
80 177 4322
143 178 8698
178 179 3993
42 180 2741
51 181 6468
60 182 6077
137 183 7100
93 184 1962
30 185 2380
97 186 682
171 187 3459
106 188 95
121 189 1157
72 190 655
54 191 4635
95 192 627
109 193 2526
48 194 1288
115 195 6976
94 196 2193
68 197 8051
47 198 5219
105 199 3936
163 200 2311
39 201 7954
5 202 8348
97 203 4632
192 204 3251
177 205 6807
205 206 2881
76 207 9477
92 208 7904
145 209 3039
39 210 9390
156 211 2451
117 212 13
160 213 5575
211 214 1937
210 215 432
204 216 7221
126 217 5996
190 218 806
175 219 9145
83 220 6982
144 221 6220
36 222 9547
212 223 5227
11 224 3278
60 225 627
112 226 1404
206 227 6499
103 228 3144
138 229 5486
45 230 9879
127 231 4317
77 232 1715
163 233 1051
152 234 5241
90 235 1911
54 236 7994
121 237 7478
36 238 5918
140 239 254
129 240 7868
92 241 8700
206 242 8835
236 243 8383
137 244 9013
174 245 9226
20 246 486
98 247 8390
49 248 3121
55 249 782
119 250 228
57 251 8289
41 252 5215
36 253 3572
110 254 9656
239 255 6173
118 256 5018
99 257 7433
72 258 6402
144 259 3223
183 260 7217
72 261 6954
232 262 3821
28 263 6715
210 264 5456
169 265 6149
154 266 294
156 267 1383
228 268 9043
226 269 8006
248 270 2300
13 271 2392
164 272 7801
240 273 202
225 274 185
8 275 2987
162 276 1598
25 277 8238
127 278 2252
176 279 8476
38 280 7006
257 281 1168
194 282 7634
32 283 2058
227 284 4792
225 285 7500
206 286 1479
230 287 2336
215 288 2296
163 289 9951
171 290 1320
177 291 4635
67 292 6331
119 293 5895
288 294 4852
124 295 4138
137 296 1757
175 297 384
105 298 1317
81 299 9720
128 300 8285
151 301 2823
183 302 3370
53 303 7139
267 304 4199
301 305 5561
279 306 9440
17 307 8328
16 308 4216
185 309 1444
2 310 9507
146 311 9188
171 312 5260
252 313 7876
267 314 7153
231 315 739
18 316 1218
115 317 2470
104 318 3734
139 319 275
272 320 4198
252 321 6247
177 322 3008
127 323 9217
88 324 5013
72 325 3093
194 326 7115
55 327 1418
86 328 3388
319 329 812
189 330 7893
91 331 3594
112 332 2104
290 333 793
270 334 5098
163 335 4751
48 336 2486
34 337 921
191 338 2552
8 339 1958
244 340 4179
265 341 8666
256 342 1867
84 343 796
213 344 4348
312 345 2456
60 346 8385
76 347 9118
160 348 6334
91 349 16
343 350 7783
41 351 312
279 352 6182
79 353 5184
261 354 2888
49 355 3592
4 356 3281
349 357 6484
37 358 6580
75 359 3307
49 360 7660
263 361 7257
182 362 8662
50 363 5021
131 364 7844
14 365 5404
176 366 9819
189 367 1852
49 368 9126
241 369 9754
82 370 7297
235 371 5974
78 372 6031
219 373 2497
223 374 756
124 375 3557
176 376 6108
269 377 2973
239 378 9986
103 379 4793
245 380 5642
47 381 1836
57 382 2344
285 383 9085
134 384 6550
122 385 9353
160 386 530
333 387 2560
10 388 9421
376 389 1363
142 390 4589
212 391 2892
16 392 2796
353 393 9543
246 394 5975
165 395 7905
364 396 5504
38 397 2784
143 398 6189
172 399 3243
132 400 3223
9 401 45
260 402 4139
45 403 2470
59 404 8988
146 405 7226
112 406 3935
116 407 3184
214 408 6893
83 409 6548
210 410 7925
266 411 1622
229 412 7367
260 413 4072
65 414 2458
105 415 8644
340 416 9879
222 417 4852
296 418 1900
386 419 2744
411 420 8907
147 421 1172
23 422 9832
12 423 383
90 424 6110
155 425 2037
100 426 330
206 427 6230
313 428 5198
356 429 1909
373 430 1056
194 431 8314
415 432 7593
26 433 8032
273 434 9030
121 435 8967
199 436 2058
230 437 7299
314 438 3674
378 439 9035
121 440 2271
90 441 171
114 442 1768
210 443 2627
195 444 5237
350 445 9318
90 446 8622
218 447 4748
7 448 9786
156 449 656
183 450 9304
200 451 7170
326 452 889
171 453 9350
19 454 116
3 455 579
175 456 5825
279 457 6341
412 458 8574
282 459 7468
335 460 541
450 461 7995
94 462 7684
342 463 8234
37 464 1307
340 465 2516
279 466 3426
91 467 1209
171 468 6313
71 469 5149
436 470 2358
388 471 3208
141 472 8626
362 473 2820
462 474 2940
222 475 3522
408 476 1957
381 477 1861
105 478 3106
465 479 7636
285 480 6381
370 481 2941
130 482 6004
431 483 9773
317 484 4441
269 485 9369
300 486 5904
201 487 7448
279 488 5668
331 489 5958
16 490 3011
97 491 8291
270 492 8877
298 493 2674
469 494 5609
350 495 9611
273 496 5327
262 497 6153
145 498 4111
169 499 8525
12 500 6297
500
23 169 214 301
78 207 272 373
97 273 389 407
198 325 353 387
16 185 219 435
218 406 453 478
38 194 262 333
25 335 398 497
223 283 346 377
33 251 362 468
30 308 333 492
103 185 303 474
66 269 339 346
17 265 380 450
62 73 200 287
9 19 122 422
16 25 113 209
25 178 472 475
176 344 417 457
50 98 314 498
164 338 350 353
31 98 245 465
240 393 416 445
84 109 251 321
16 242 255 457
194 253 298 371
159 162 395 475
44 64 139 442
169 196 198 227
82 172 173 263
27 191 383 464
26 36 232 242
30 32 105 336
157 183 334 340
39 262 284 387
51 152 241 487
3 5 310 389
96 283 299 310
165 376 432 451
233 359 365 383
131 184 390 491
214 225 453 473
87 143 316 363
62 135 138 162
66 88 205 325
263 297 328 431
271 299 360 371
97 182 252 421
8 137 217 479
55 156 268 480
35 157 250 264
173 192 217 322
117 280 317 334
284 361 388 393
2 213 266 302
70 76 204 389
229 321 326 455
267 376 398 440
50 149 337 405
216 291 482 497
193 397 450 473
117 172 243 431
7 52 236 340
64 311 312 409
299 381 417 456
48 157 265 335
160 171 286 345
228 298 336 435
71 269 295 442
2 4 391 473
82 243 276 477
175 278 282 334
124 238 373 426
90 278 321 417
68 93 177 371
129 145 271 316
156 310 313 452
31 107 333 474
64 129 214 392
16 163 401 459
247 278 309 357
3 7 195 210
291 326 350 411
1 123 301 337
61 179 327 430
20 32 166 400
7 53 66 147
57 171 370 418
148 260 470 475
155 263 325 380
101 122 130 360
91 263 365 398
140 182 231 280
81 244 304 406
197 246 346 347
146 193 314 443
152 189 370 492
400 458 479 498
11 100 159 448
63 152 203 241
9 96 311 385
49 96 178 399
160 183 304 402
13 48 291 458
10 214 359 460
5 24 163 412
152 209 332 435
238 346 380 384
111 365 415 448
62 129 147 415
52 203 386 460
251 321 383 416
110 134 262 307
153 218 335 411
77 145 256 482
195 253 425 429
112 220 419 438
248 277 323 351
41 56 159 344
122 147 221 483
123 291 432 462
208 255 359 363
27 95 265 335
52 263 267 296
101 341 435 491
139 197 199 487
51 144 260 298
224 228 288 327
13 33 111 279
68 251 289 462
5 31 70 201
168 327 341 451
88 115 384 462
33 75 106 493
102 211 294 395
70 177 343 487
49 118 370 476
67 316 328 350
119 129 238 308
410 451 476 484
25 49 287 468
102 157 171 174
210 221 284 427
79 273 281 437
115 257 495 498
40 104 134 409
67 140 394 478
7 172 368 475
56 311 375 487
46 145 384 417
50 156 220 341
65 183 279 364
134 224 237 358
2 140 336 408
153 293 303 477
196 365 457 472
29 248 379 404
23 225 249 437
20 23 269 282
73 179 218 500
143 249 252 287
24 271 440 482
168 169 337 361
16 254 310 497
41 193 244 270
94 333 386 474
210 255 300 472
57 123 244 415
28 90 183 348
40 118 374 400
32 132 154 491
152 181 195 356
129 262 267 410
204 301 445 471
7 158 338 385
92 104 177 475
39 162 178 314
181 261 480 483
2 120 206 496
195 259 340 482
12 185 329 469
65 85 299 400
101 104 279 486
153 400 403 488
128 210 350 489
118 120 225 441
146 184 231 327
82 198 293 482
99 411 430 487
287 382 458 482
22 59 188 336
221 250 337 364
29 183 395 408
6 175 197 449
185 244 353 376
5 26 76 198
63 82 204 350
98 131 213 458
143 161 301 371
10 177 190 391
149 166 173 345
65 169 207 463
187 297 385 413
221 244 471 472
173 232 378 500
82 84 93 291
41 276 446 449
96 342 360 383
62 184 186 281
72 112 338 402
95 103 446 452
25 187 476 488
202 301 421 473
114 155 257 320
72 110 167 433
89 375 390 451
113 336 342 426
11 144 214 488
242 243 374 443
62 332 343 450
103 281 332 478
221 338 388 441
138 285 376 482
66 119 141 332
171 199 416 427
2 206 325 344
131 216 233 319
26 149 418 455
221 266 298 359
113 234 375 384
51 82 325 457
158 214 312 377
191 237 272 453
27 142 216 350
135 154 228 338
37 74 330 474
5 167 359 474
9 123 329 342
3 66 420 443
22 204 285 342
26 66 92 208
31 102 104 109
122 156 244 438
39 221 362 469
50 235 258 447
85 263 266 490
128 166 302 359
111 188 372 489
26 113 135 459
25 66 217 446
75 127 248 387
33 174 287 357
183 236 287 373
5 182 344 459
35 85 366 489
114 169 180 377
1 270 300 376
19 113 277 409
213 344 408 458
90 229 275 398
59 144 324 327
27 88 199 313
15 222 303 312
92 128 163 277
87 91 198 260
134 261 371 393
16 204 289 363
86 135 166 348
11 293 418 423
12 259 270 376
274 427 483 493
133 145 162 415
36 212 334 341
154 219 303 326
263 350 385 433
129 253 463 494
3 224 395 490
188 261 355 372
17 51 197 459
187 209 318 349
10 248 259 452
82 170 340 433
127 190 462 484
16 161 176 473
94 108 135 214
129 277 285 323
39 97 139 231
6 63 80 398
31 136 309 383
31 160 346 447
48 134 173 233
62 159 300 468
65 254 299 402
51 98 233 267
16 175 209 459
257 299 308 422
104 164 202 385
48 121 141 324
42 291 370 397
247 377 404 481
179 369 391 448
118 121 127 356
299 366 445 498
8 15 206 488
21 153 180 253
50 58 111 116
27 362 435 467
68 227 300 432
31 156 463 467
35 55 79 201
36 88 185 390
20 280 281 300
172 248 375 408
208 240 290 481
133 155 239 497
119 159 287 476
116 172 177 408
25 200 373 389
250 317 366 484
77 296 334 382
193 249 282 302
2 25 49 130
60 147 181 425
66 81 232 413
33 91 313 349
195 417 434 491
218 358 477 500
18 77 155 473
16 165 190 210
261 376 391 464
66 89 129 264
33 45 81 193
98 147 231 392
12 42 62 437
282 342 347 435
86 169 243 394
21 101 348 440
67 376 432 439
116 185 233 278
42 116 429 455
260 284 303 448
52 86 274 297
151 275 446 460
18 23 90 369
53 237 268 369
109 175 209 439
32 106 271 288
205 363 484 491
13 50 161 366
77 168 302 359
202 336 342 408
111 116 147 208
17 250 360 479
18 216 274 376
70 153 238 377
152 198 208 229
13 268 319 443
75 238 296 332
9 181 372 450
141 165 301 336
14 221 245 409
151 184 190 321
12 191 193 297
29 159 169 218
30 55 407 414
184 279 308 322
18 219 237 402
8 33 135 179
252 268 269 296
121 170 235 274
63 127 318 389
25 52 114 117
41 56 104 200
175 197 220 369
40 49 114 324
248 270 413 471
346 413 442 462
239 370 469 485
23 48 389 465
98 115 134 283
110 116 152 351
196 277 302 496
57 59 176 334
19 29 272 327
101 104 221 495
170 267 363 459
376 405 424 445
101 175 255 411
49 283 374 471
33 216 457 475
191 321 394 404
22 116 178 324
259 324 412 481
139 203 207 474
109 135 229 344
29 76 305 389
5 330 354 434
65 68 209 246
6 22 177 490
40 279 291 365
120 248 282 452
128 145 205 484
128 135 429 488
18 49 323 374
404 426 433 440
68 130 158 352
89 104 247 490
236 274 445 452
7 347 350 489
1 241 364 482
18 195 263 297
64 71 158 253
112 259 377 458
114 162 268 431
85 284 392 447
163 257 323 388
265 325 391 451
245 369 470 491
119 134 229 345
268 314 402 453
4 186 331 429
125 276 350 394
7 299 434 449
267 288 291 375
103 362 367 388
7 36 127 488
56 84 318 487
33 105 155 492
133 162 337 493
249 278 319 363
54 167 319 410
45 128 208 379
278 340 359 412
70 207 394 468
59 330 458 466
167 316 377 487
119 192 309 436
103 380 397 493
70 102 398 433
34 119 191 485
100 161 239 450
192 234 244 417
36 132 238 392
1 27 31 226
102 178 412 488
144 221 298 367
251 324 374 378
58 92 344 411
132 179 209 409
80 392 462 472
36 185 342 429
281 322 349 389
215 258 281 387
23 57 147 162
12 62 111 462
301 315 480 483
85 146 234 387
10 106 274 457
94 220 257 331
49 204 357 458
150 212 269 360
29 37 202 326
157 311 374 431
156 173 404 436
167 168 311 398
163 182 336 457
63 80 308 391
32 243 268 491
9 228 376 496
308 316 351 402
71 243 327 445
209 236 438 454
163 189 238 475
136 215 306 475
71 209 229 353
27 104 236 437
22 103 126 443
31 166 187 390
53 62 360 479
243 362 452 457
191 390 474 496
106 183 349 435
192 272 291 373
24 156 266 482
49 88 209 308
201 247 392 494
61 215 250 403
54 166 269 386
92 159 274 461
206 254 304 478
208 209 368 426
17 127 172 308
19 347 354 384
6 142 184 489
21 262 353 363
29 254 347 417
251 280 455 483
9 12 142 489
14 22 384 403
58 70 193 268
