500
1 2 2903
1 3 2665
2 4 9356
3 5 814
3 6 2184
6 7 8691
6 8 5343
3 9 484
8 10 6362
3 11 9319
10 12 2551
4 13 17
1 14 3303
4 15 8926
11 16 6719
9 17 1421
5 18 2823
12 19 977
6 20 14
6 21 5521
13 22 7637
21 23 7880
22 24 1855
15 25 1174
16 26 7672
24 27 5326
20 28 1707
23 29 2295
27 30 7113
29 31 6859
18 32 3257
14 33 7882
25 34 9203
30 35 4488
24 36 8036
33 37 3530
34 38 2029
14 39 1533
20 40 2707
30 41 2320
21 42 4289
29 43 6837
5 44 593
44 45 1156
9 46 4823
33 47 8392
9 48 1607
37 49 4191
8 50 4601
24 51 4142
11 52 5820
50 53 7211
45 54 6464
16 55 1842
2 56 9723
5 57 9424
36 58 4053
37 59 9931
14 60 2315
53 61 3368
38 62 7312
53 63 6291
15 64 3448
61 65 7451
4 66 6731
30 67 7540
8 68 1624
13 69 3139
3 70 719
50 71 5941
13 72 9557
22 73 2072
55 74 3508
10 75 4800
50 76 297
52 77 2468
23 78 3188
72 79 9390
18 80 1580
70 81 6991
22 82 3656
46 83 8425
59 84 4151
8 85 962
39 86 537
65 87 9608
86 88 3219
31 89 8503
61 90 5007
11 91 1285
23 92 7577
53 93 9751
13 94 1636
17 95 8569
9 96 2147
49 97 842
42 98 208
63 99 8013
8 100 3417
49 101 4489
38 102 1118
4 103 8154
71 104 100
58 105 6446
50 106 8661
22 107 9512
35 108 4877
38 109 6993
56 110 3967
63 111 6306
3 112 9870
93 113 172
47 114 7284
60 115 8208
89 116 4558
47 117 2551
55 118 1790
23 119 4635
96 120 7480
47 121 2331
51 122 1478
85 123 2011
85 124 740
5 125 9986
111 126 8388
81 127 2683
120 128 7228
41 129 3893
89 130 5187
71 131 3955
44 132 3943
130 133 7084
83 134 9642
25 135 1675
67 136 6640
12 137 7552
70 138 9922
58 139 4398
1 140 4047
121 141 5995
111 142 8134
55 143 5459
108 144 7101
88 145 7685
129 146 1085
144 147 5269
54 148 1267
75 149 2328
91 150 5793
108 151 5899
111 152 4843
123 153 6684
6 154 9994
27 155 8335
116 156 1484
22 157 4411
79 158 5890
127 159 7498
31 160 4673
71 161 5037
109 162 2658
16 163 8902
109 164 2866
61 165 8460
144 166 1843
128 167 1818
147 168 8841
19 169 4784
146 170 7309
42 171 320
69 172 173
76 173 3378
58 174 9418
172 175 3921
71 176 1001
136 177 4396
9 178 6083
62 179 1222
102 180 2101
44 181 3334
27 182 6256
80 183 3320
166 184 8634
93 185 8298
164 186 5147
148 187 7424
116 188 4913
100 189 544
127 190 7821
108 191 6631
96 192 5924
170 193 8242
180 194 6334
106 195 8134
101 196 8026
76 197 5320
78 198 7897
139 199 309
99 200 7310
71 201 6716
138 202 4549
101 203 9807
96 204 7432
89 205 406
1 206 1563
56 207 6156
142 208 2242
45 209 2416
32 210 1445
108 211 5957
149 212 3971
26 213 1346
44 214 4204
167 215 5794
17 216 1222
75 217 5637
213 218 7049
118 219 2734
24 220 7043
139 221 8803
30 222 5205
221 223 768
149 224 627
18 225 8468
9 226 5432
41 227 8835
23 228 5408
192 229 9778
110 230 1452
57 231 622
201 232 721
168 233 6389
119 234 5465
21 235 1867
203 236 6353
126 237 7431
97 238 5593
143 239 7412
236 240 7608
151 241 5744
66 242 7285
142 243 2096
182 244 4703
64 245 5786
39 246 662
191 247 2313
83 248 2207
31 249 7245
162 250 7636
202 251 6008
210 252 7474
51 253 4931
180 254 7257
50 255 5303
10 256 2064
190 257 9572
88 258 4590
95 259 7181
71 260 994
226 261 1305
72 262 2604
179 263 4452
235 264 9681
198 265 5932
177 266 6459
147 267 5429
136 268 1142
185 269 7493
264 270 1573
83 271 8601
130 272 5979
87 273 9278
13 274 4578
220 275 4985
130 276 5752
128 277 5119
131 278 9340
243 279 7309
238 280 6726
39 281 5234
98 282 2476
212 283 2592
193 284 5854
168 285 6495
83 286 9531
71 287 90
5 288 2649
80 289 1936
252 290 1217
26 291 8580
83 292 6305
4 293 5629
208 294 1529
245 295 3526
30 296 8318
17 297 1071
17 298 9449
165 299 4955
9 300 7833
68 301 6400
111 302 5133
16 303 3115
268 304 6875
267 305 3289
168 306 8924
88 307 782
260 308 477
257 309 9778
280 310 1264
5 311 2447
287 312 1689
37 313 5380
232 314 6162
1 315 485
197 316 4615
106 317 2089
315 318 4794
192 319 1354
25 320 8368
39 321 4985
125 322 5330
10 323 2856
257 324 7325
147 325 2222
47 326 5555
278 327 390
147 328 887
297 329 4048
110 330 4533
4 331 9374
172 332 6936
105 333 3512
274 334 8114
124 335 9961
116 336 8
228 337 3584
331 338 5811
280 339 8497
101 340 2944
91 341 3601
64 342 144
206 343 6717
123 344 7689
15 345 771
98 346 2452
345 347 6855
194 348 7869
197 349 3743
150 350 518
188 351 6264
100 352 659
130 353 7151
258 354 1647
106 355 9001
21 356 7350
200 357 7739
299 358 9321
167 359 5859
80 360 1534
86 361 4205
306 362 4574
269 363 382
119 364 7252
319 365 93
180 366 6996
74 367 1717
164 368 2322
338 369 5973
130 370 1799
218 371 736
330 372 7408
210 373 5181
165 374 1550
246 375 6328
264 376 8839
54 377 1743
188 378 7827
130 379 7925
57 380 8976
249 381 2819
282 382 2158
18 383 8274
177 384 7364
163 385 6162
159 386 4810
346 387 9607
66 388 2364
285 389 5254
162 390 7469
266 391 1628
158 392 2658
136 393 6472
31 394 1443
96 395 9676
8 396 1998
129 397 3727
106 398 4611
58 399 3774
203 400 5193
37 401 9815
41 402 7832
6 403 6477
256 404 812
322 405 1207
102 406 3736
95 407 3888
39 408 3921
379 409 3080
153 410 8735
323 411 2673
156 412 7503
126 413 1347
146 414 2580
98 415 2777
27 416 4497
201 417 5875
25 418 3953
241 419 866
402 420 5615
247 421 4126
161 422 2862
74 423 2083
29 424 4787
103 425 3887
27 426 7094
386 427 8950
9 428 5380
409 429 223
195 430 3824
291 431 5940
199 432 5565
302 433 6373
164 434 3973
186 435 3718
10 436 2758
422 437 6493
319 438 1408
279 439 3829
405 440 5304
388 441 8862
45 442 1624
258 443 1898
69 444 9548
208 445 7921
238 446 6455
252 447 5086
32 448 7196
116 449 1216
191 450 101
13 451 3626
37 452 4096
175 453 7507
449 454 7372
216 455 3494
94 456 6673
3 457 8580
404 458 9765
163 459 7165
422 460 8888
33 461 7163
258 462 1929
139 463 9911
350 464 3150
363 465 6001
30 466 8592
274 467 573
171 468 8381
88 469 5040
427 470 2820
138 471 8695
152 472 7132
171 473 8433
117 474 286
170 475 8144
143 476 7398
172 477 108
279 478 6582
118 479 5935
233 480 5027
3 481 4298
281 482 695
410 483 8623
108 484 1053
27 485 3829
295 486 2951
364 487 1175
396 488 7067
164 489 4501
215 490 6914
22 491 4177
443 492 4888
355 493 2132
84 494 2719
72 495 1927
240 496 7548
493 497 4474
439 498 5400
230 499 5056
328 500 1824
500
215 272 274 429
63 266 366 459
166 313 337 342
83 346 434 469
88 135 151 259
98 301 357 468
89 220 377 381
280 283 317 331
137 164 256 383
129 338 375 499
91 216 254 421
47 127 334 491
134 162 482 486
60 167 178 364
96 183 237 404
181 212 277 486
10 248 399 403
14 32 200 392
199 241 306 474
53 264 337 462
12 301 318 485
16 109 147 322
57 167 292 382
183 226 287 376
215 302 311 344
90 95 326 408
105 111 270 469
25 45 291 468
135 193 212 345
75 384 470 479
20 110 151 380
13 330 363 474
170 224 248 320
103 138 168 173
83 224 274 388
1 71 159 242
77 335 348 463
57 326 332 479
250 318 392 489
41 216 222 483
26 280 364 438
267 343 358 458
233 269 383 442
188 191 252 283
213 232 274 471
16 164 329 441
326 358 370 406
101 269 469 473
232 383 435 486
73 191 410 492
168 243 318 351
107 140 215 297
230 316 364 391
56 68 94 479
190 298 328 489
167 320 385 395
46 134 323 341
100 260 332 415
56 260 383 395
147 291 350 486
144 192 246 284
176 275 481 484
8 208 346 449
12 68 290 336
209 369 448 449
179 210 418 479
231 364 409 491
67 188 278 463
193 229 299 352
44 224 405 475
2 107 170 463
69 113 282 352
7 41 81 128
44 168 327 369
164 214 370 461
340 372 406 461
91 337 415 481
168 214 239 420
1 122 417 444
32 108 154 341
218 232 297 367
292 360 443 491
28 75 89 267
150 298 364 375
3 148 326 344
86 133 400 500
133 186 255 401
55 281 366 474
12 141 175 308
7 203 444 450
26 340 401 412
33 69 190 491
184 207 209 359
35 36 288 439
63 210 267 486
131 177 220 405
2 66 142 420
60 205 254 373
40 112 168 352
65 97 242 352
59 163 181 436
196 265 365 489
14 57 96 201
105 125 208 213
148 203 479 487
334 343 415 433
51 275 443 464
119 211 245 310
66 121 182 306
4 47 106 411
157 279 286 429
18 23 64 339
4 372 404 447
34 53 276 483
42 86 92 461
224 240 284 488
43 47 318 472
195 249 289 465
27 211 234 378
247 267 306 344
112 290 345 409
88 172 255 398
37 256 261 472
295 377 416 458
282 308 368 444
90 147 174 327
164 212 272 427
34 62 212 497
9 60 288 491
148 220 246 317
213 232 344 452
232 270 342 411
85 266 296 448
151 202 411 479
156 193 195 278
152 183 290 364
45 108 197 425
30 82 84 198
231 247 273 398
80 198 260 293
1 338 362 413
52 121 156 474
69 238 291 368
149 206 245 278
23 128 188 343
199 296 366 465
15 32 266 346
27 59 159 404
24 131 207 415
130 252 444 445
27 142 326 400
10 92 207 365
146 203 471 481
200 240 258 481
330 385 430 471
42 156 326 485
37 98 360 438
264 287 354 431
117 193 342 423
40 67 347 431
5 29 73 223
85 223 230 442
56 312 424 450
131 207 300 322
192 199 300 324
118 182 187 289
138 164 256 432
84 343 348 474
93 270 371 455
27 149 222 370
220 228 280 427
111 180 242 399
209 259 261 401
45 70 208 380
59 160 178 370
81 142 362 498
73 311 364 463
34 88 244 337
98 251 400 460
25 123 182 214
21 104 354 357
37 76 389 453
24 98 199 237
209 221 255 264
81 182 439 440
80 118 183 456
55 66 231 250
53 68 357 424
328 366 398 452
210 322 457 479
14 216 283 438
36 130 242 458
18 233 306 330
22 228 355 482
65 76 340 472
188 199 305 330
130 243 386 447
161 246 327 480
20 123 338 382
67 264 351 465
109 116 176 436
228 271 394 465
63 152 229 394
14 161 269 317
87 309 389 463
152 232 447 456
109 172 366 431
23 40 183 418
108 126 197 477
4 14 180 276
75 359 430 434
122 146 186 268
141 142 398 494
81 129 402 495
185 295 344 385
158 391 399 418
120 182 191 343
39 228 250 474
68 94 226 458
91 137 201 465
38 96 278 434
26 124 167 279
39 226 337 394
69 125 137 292
238 273 418 483
6 142 162 302
28 64 306 390
9 143 175 231
104 221 338 446
191 360 384 484
136 200 313 325
15 63 142 351
38 209 430 437
53 140 183 268
71 295 365 437
84 179 266 366
82 115 209 217
88 118 265 484
65 77 165 245
176 228 366 396
13 132 247 318
208 377 430 497
217 406 485 500
58 87 132 473
62 215 371 498
250 302 399 456
94 152 161 326
36 255 301 435
8 169 207 353
219 252 288 393
180 409 437 473
101 229 400 474
76 159 279 460
49 153 170 228
16 198 437 448
27 59 100 398
79 258 276 469
166 184 259 441
188 189 294 392
83 98 112 147
5 236 245 378
358 385 391 417
24 205 227 296
353 435 446 493
39 351 354 412
67 153 175 290
300 344 449 494
38 255 285 367
41 143 293 389
99 327 368 376
64 260 349 414
7 273 386 488
113 236 326 344
58 354 437 484
51 296 338 378
105 125 354 440
257 304 475 486
74 144 244 412
71 125 292 384
55 78 232 492
102 127 133 475
126 266 351 478
8 465 477 492
14 64 404 465
54 165 270 304
173 190 299 349
22 66 124 248
87 162 236 374
12 35 59 189
58 159 180 422
131 209 241 391
30 201 320 476
240 287 305 311
176 286 377 491
169 243 342 441
14 344 375 391
226 258 273 476
51 94 359 402
2 93 215 398
3 127 353 397
33 160 229 476
56 70 191 472
243 288 344 493
118 173 306 381
81 361 371 498
43 195 209 328
8 125 270 427
88 100 187 263
214 284 406 489
130 199 381 476
15 17 24 174
64 292 465 472
210 231 398 452
90 161 386 387
22 336 366 495
227 274 362 463
49 204 323 388
97 213 356 450
207 336 369 423
29 85 121 181
325 363 435 468
116 308 370 399
100 278 403 409
53 122 156 243
25 169 326 458
101 194 247 257
42 211 375 377
198 216 258 314
89 185 187 443
10 238 296 411
46 98 272 359
49 137 240 307
138 190 226 476
32 177 425 431
61 358 374 430
2 39 235 461
57 136 158 181
118 133 230 427
121 127 134 343
6 7 45 122
78 167 190 259
50 433 446 457
24 146 358 414
172 199 400 446
240 265 381 399
11 58 120 421
118 130 198 306
54 114 210 334
256 267 381 394
11 78 107 124
30 128 195 408
50 144 285 395
50 232 246 491
119 185 357 404
176 177 218 328
127 243 281 358
285 372 427 486
93 118 222 495
270 356 402 450
80 383 455 466
28 167 424 486
31 85 92 213
78 136 305 368
53 132 269 398
101 360 448 488
131 250 322 493
87 282 422 432
242 408 420 464
132 296 385 485
40 357 440 448
54 124 307 438
27 122 238 357
76 183 435 483
194 243 306 446
60 196 340 439
18 252 258 358
96 217 280 377
28 120 289 459
156 234 322 410
24 299 372 388
135 228 377 459
189 228 366 452
43 62 433 479
29 131 290 445
4 189 290 430
233 243 389 431
29 301 382 436
25 157 171 500
136 198 276 406
354 378 466 477
1 99 209 499
135 161 203 412
167 200 245 491
33 142 153 208
141 221 281 321
156 185 267 285
65 113 123 335
34 51 272 351
43 51 396 429
151 157 262 350
202 358 373 458
67 109 166 302
54 207 432 473
8 171 328 339
191 206 351 426
313 389 436 500
106 291 370 373
131 154 204 471
56 252 307 487
3 119 189 199
127 178 306 450
76 183 436 480
91 190 363 457
69 238 317 379
16 54 114 345
37 159 378 413
78 89 121 441
45 93 101 407
87 239 288 346
206 294 306 480
2 47 357 370
32 146 156 354
1 130 275 351
101 120 130 422
45 353 438 489
238 290 380 431
97 333 341 435
44 170 207 291
46 89 144 491
9 278 455 467
9 16 29 72
12 37 128 429
117 142 261 377
128 165 175 249
169 274 314 444
32 91 263 352
177 211 263 269
87 101 171 422
47 247 253 410
61 223 290 455
161 336 444 464
217 422 439 444
45 141 368 432
189 213 254 292
165 250 390 473
201 306 372 469
94 126 161 262
54 141 170 464
149 290 377 475
124 188 192 437
190 354 392 459
22 39 294 374
56 151 232 340
11 15 106 296
118 165 278 418
150 152 385 447
61 389 393 394
153 188 212 227
228 230 265 482
86 173 182 458
4 9 132 261
99 234 369 445
86 157 282 336
75 156 292 405
158 309 337 477
69 106 249 340
95 174 417 488
5 257 342 465
141 378 417 421
87 185 413 415
132 354 494 498
272 312 328 487
117 134 199 494
3 159 197 199
28 53 263 281
88 247 299 378
8 158 263 405
26 151 227 262
2 62 160 461
140 199 278 434
51 229 346 417
13 199 215 313
103 113 271 350
138 312 337 486
205 217 348 406
9 236 248 324
39 88 123 500
285 339 423 425
105 146 193 441
91 291 311 466
63 107 141 333
97 345 399 441
72 130 379 457
97 170 286 356
86 201 299 404
164 274 323 458
119 142 349 490
185 411 450 474
74 312 332 383
25 31 247 399
