500
1 2 9625
2 3 5684
1 4 3644
3 5 5848
3 6 749
3 7 2726
7 8 7002
6 9 8889
6 10 6486
9 11 1324
8 12 3690
4 13 7536
4 14 927
10 15 9596
6 16 149
8 17 1607
6 18 2144
17 19 4512
14 20 8405
2 21 7847
21 22 4961
16 23 5298
1 24 9907
11 25 2505
3 26 2413
8 27 9706
9 28 1686
1 29 6597
21 30 8555
2 31 4817
23 32 5194
16 33 1493
7 34 7365
20 35 7040
14 36 1013
2 37 6706
35 38 9029
7 39 9937
23 40 2979
30 41 8037
13 42 5170
28 43 6123
31 44 6490
28 45 4950
34 46 5350
18 47 8057
19 48 5509
30 49 7343
3 50 2043
27 51 9619
34 52 8909
31 53 4856
40 54 1848
39 55 4307
12 56 2138
15 57 8444
38 58 1335
41 59 3184
23 60 8981
43 61 1170
2 62 3585
8 63 4037
3 64 8536
17 65 1747
56 66 3455
3 67 8282
59 68 1756
57 69 8938
31 70 7386
65 71 2952
23 72 2009
4 73 2430
7 74 2443
58 75 4856
27 76 4072
12 77 5321
61 78 3467
54 79 9780
71 80 6915
41 81 3235
11 82 6595
70 83 3108
49 84 8882
20 85 4182
77 86 6459
85 87 7153
64 88 6670
15 89 1915
77 90 8734
44 91 7252
66 92 834
46 93 555
60 94 1844
52 95 5398
30 96 1748
39 97 862
26 98 6005
87 99 3665
8 100 8991
37 101 798
23 102 9388
97 103 6908
55 104 7100
39 105 212
17 106 9937
13 107 4402
79 108 4994
42 109 7864
17 110 8812
16 111 2523
108 112 3837
57 113 4004
104 114 9304
107 115 961
33 116 7716
15 117 6833
53 118 7804
74 119 4427
32 120 1984
44 121 248
43 122 5394
110 123 3348
91 124 7515
122 125 7665
62 126 2180
114 127 4068
56 128 4269
17 129 8982
78 130 6569
112 131 7364
78 132 223
34 133 6080
100 134 6667
11 135 2366
96 136 444
87 137 6135
134 138 2995
91 139 8089
56 140 5082
64 141 2677
45 142 8475
23 143 6032
73 144 3812
62 145 5203
72 146 26
32 147 4699
89 148 7570
147 149 6537
132 150 7578
64 151 2083
96 152 8414
15 153 3537
58 154 3012
2 155 7505
28 156 6689
51 157 6132
118 158 3681
75 159 5967
87 160 1826
81 161 5275
40 162 3337
114 163 8981
113 164 3997
61 165 2958
116 166 9111
119 167 4428
49 168 7784
100 169 3911
44 170 6051
121 171 5517
108 172 3679
23 173 751
163 174 4214
103 175 8097
58 176 3576
40 177 3246
88 178 489
121 179 7538
1 180 3326
64 181 3390
91 182 1972
79 183 8872
12 184 7210
166 185 7384
170 186 1426
54 187 7468
25 188 3204
161 189 645
75 190 3418
51 191 8951
76 192 4773
101 193 765
185 194 3383
23 195 8195
40 196 2503
40 197 5306
170 198 4752
61 199 2695
48 200 4002
134 201 4532
16 202 2560
181 203 14
107 204 4752
84 205 8566
193 206 430
96 207 2864
118 208 4329
200 209 8231
38 210 4197
64 211 5542
72 212 8919
189 213 256
21 214 6380
200 215 8090
103 216 4098
203 217 7276
45 218 9645
35 219 4803
73 220 9172
124 221 4978
165 222 1281
205 223 1820
192 224 8885
15 225 3708
192 226 7489
177 227 61
52 228 1438
52 229 3986
133 230 3527
151 231 7759
189 232 4873
53 233 5358
208 234 7914
10 235 7564
218 236 5039
161 237 2569
27 238 5124
67 239 6428
230 240 5496
60 241 9372
193 242 8238
163 243 7383
91 244 157
228 245 9007
199 246 1537
1 247 3944
192 248 424
76 249 8812
198 250 9365
28 251 8184
148 252 8609
176 253 8284
119 254 1669
139 255 6862
180 256 9042
142 257 9703
18 258 2809
204 259 7029
128 260 3923
105 261 104
258 262 698
69 263 9301
144 264 8941
200 265 7413
61 266 4656
132 267 3271
260 268 6650
128 269 5626
146 270 9142
88 271 2004
34 272 2003
261 273 7694
269 274 7108
158 275 9126
152 276 112
92 277 9819
57 278 1826
245 279 2420
243 280 8234
178 281 4858
63 282 9515
161 283 8137
54 284 5467
5 285 4275
53 286 838
226 287 2877
263 288 1019
193 289 8816
159 290 1997
96 291 8697
291 292 2964
32 293 7370
89 294 8010
170 295 1463
29 296 8318
113 297 6265
296 298 5444
43 299 9503
232 300 867
11 301 8728
94 302 485
16 303 2890
249 304 1387
211 305 5102
175 306 1543
282 307 9521
239 308 9072
65 309 9028
253 310 9025
134 311 1357
60 312 9690
286 313 4516
106 314 6333
187 315 2600
17 316 6418
203 317 4007
22 318 9572
259 319 3993
166 320 5170
266 321 4758
221 322 9375
146 323 203
139 324 754
167 325 6809
157 326 8919
143 327 2070
206 328 6012
319 329 1083
211 330 4629
131 331 2276
226 332 7032
192 333 1042
293 334 9090
105 335 3292
31 336 2160
246 337 6234
56 338 6855
306 339 6329
212 340 2796
58 341 5034
104 342 6556
226 343 9427
311 344 4214
70 345 5196
265 346 4236
235 347 4723
170 348 5414
30 349 3897
312 350 9567
202 351 4466
26 352 1766
39 353 3129
114 354 8510
50 355 8378
105 356 8526
75 357 6678
264 358 7857
46 359 6227
229 360 647
10 361 5625
153 362 3059
225 363 8470
326 364 9195
193 365 3562
145 366 8379
199 367 5548
60 368 6514
302 369 8499
196 370 9316
108 371 3758
202 372 3494
125 373 9709
45 374 5269
39 375 918
308 376 3967
259 377 6993
285 378 1304
295 379 2443
149 380 2807
6 381 3223
9 382 5207
290 383 8440
202 384 3926
346 385 2217
178 386 185
107 387 245
142 388 1094
152 389 3455
196 390 1064
73 391 4492
277 392 7023
122 393 1796
389 394 3277
79 395 1444
112 396 1243
120 397 1919
286 398 2850
359 399 7480
213 400 1106
123 401 6458
40 402 6974
38 403 7872
89 404 6925
49 405 7693
158 406 3211
241 407 1813
12 408 214
382 409 5506
271 410 130
396 411 6209
377 412 6181
111 413 9250
211 414 956
228 415 8315
393 416 7380
322 417 7510
401 418 4242
363 419 4446
249 420 7035
31 421 5398
392 422 9340
392 423 9234
344 424 5460
103 425 2396
357 426 1589
250 427 768
410 428 823
175 429 7025
211 430 2357
157 431 4274
220 432 782
397 433 285
318 434 6053
364 435 7343
170 436 4289
246 437 9082
84 438 4765
104 439 4418
338 440 2313
13 441 6225
212 442 552
341 443 9395
374 444 5888
269 445 7578
321 446 285
216 447 2811
133 448 7023
382 449 111
57 450 4231
90 451 8884
269 452 9358
102 453 3529
167 454 9773
139 455 7365
411 456 7190
281 457 5777
384 458 6858
452 459 7001
286 460 3681
120 461 5439
126 462 9445
228 463 6376
445 464 5015
404 465 9165
115 466 4601
401 467 1819
144 468 5058
347 469 3060
374 470 3437
192 471 1164
290 472 1530
17 473 4748
228 474 1579
106 475 7091
46 476 4968
196 477 1952
108 478 5804
403 479 4296
200 480 438
112 481 3654
345 482 5418
204 483 3158
89 484 7485
286 485 4330
197 486 3244
68 487 9478
283 488 8949
472 489 6483
274 490 6300
449 491 3503
297 492 9239
105 493 6299
193 494 4963
40 495 764
15 496 461
481 497 1339
349 498 8890
134 499 4661
426 500 6767
500
350 402 410 447
339 347 491 496
119 341 405 407
56 171 186 461
119 296 440 482
44 241 347 446
50 161 193 422
182 262 461 493
99 127 147 299
160 403 469 487
247 382 434 442
235 237 386 458
20 112 412 453
445 485 496 500
70 222 341 464
85 123 253 422
151 361 383 454
45 198 270 418
103 153 285 333
85 92 116 407
17 101 187 413
69 101 249 407
17 130 178 319
15 47 127 157
6 156 295 425
205 214 384 401
92 132 378 482
166 190 323 373
39 119 452 457
134 188 262 383
188 189 363 460
38 102 339 470
162 186 284 416
33 377 388 471
17 279 353 437
56 187 390 471
37 84 99 395
181 297 303 479
59 299 419 441
277 352 354 418
32 153 394 437
152 157 266 453
99 239 423 438
23 161 325 372
41 48 68 246
286 344 433 445
11 165 293 307
102 363 390 391
128 246 289 497
117 373 460 493
33 70 93 294
134 273 379 441
250 346 350 430
7 208 275 490
22 216 300 441
84 226 323 340
29 262 349 366
117 283 289 324
61 163 213 273
17 195 207 290
27 69 74 288
89 228 361 496
30 32 286 391
163 173 299 334
95 430 439 445
102 165 200 387
121 126 358 444
260 355 359 444
94 369 473 482
133 161 243 308
1 55 400 497
259 283 307 488
35 149 177 482
30 159 316 436
119 193 431 481
212 320 423 483
144 365 421 424
208 274 306 467
40 188 198 476
147 273 376 385
85 165 228 331
181 324 344 359
108 392 421 443
48 146 265 401
284 291 313 495
148 198 202 288
4 15 305 390
22 143 195 229
274 417 446 456
104 380 383 424
11 14 273 297
212 247 280 348
62 180 326 355
95 175 270 460
13 14 196 267
33 110 393 431
1 250 366 471
307 309 438 488
132 226 300 322
102 251 353 385
106 145 169 428
40 144 248 450
152 229 236 263
59 225 244 373
2 448 469 494
28 70 140 352
350 372 421 424
26 73 112 292
306 312 326 473
77 311 348 477
108 174 319 357
49 114 180 361
173 199 306 458
68 69 313 465
185 189 318 410
79 315 417 496
129 176 250 339
53 162 317 385
55 209 391 484
154 193 348 356
92 100 304 412
116 286 294 380
38 154 297 372
65 125 470 482
78 452 482 495
104 273 362 405
74 162 250 449
7 203 239 260
79 303 317 371
89 335 346 406
101 238 366 411
52 92 219 366
69 155 168 394
69 169 363 489
96 212 403 420
29 31 176 396
40 185 200 204
176 286 388 475
97 131 218 223
52 256 380 397
1 114 199 346
43 150 284 484
101 156 221 483
39 168 172 174
137 325 433 437
199 327 380 419
84 226 272 358
75 240 322 445
33 130 194 323
142 341 399 494
13 80 246 496
89 120 158 363
68 284 389 484
62 67 303 436
166 353 356 435
22 47 211 255
58 125 380 414
13 67 343 393
45 91 301 446
132 193 228 495
1 306 324 348
131 199 474 489
98 217 224 491
187 382 407 439
105 266 429 499
7 48 72 411
17 87 426 465
245 331 463 497
87 230 258 303
1 69 124 437
138 206 325 365
42 45 48 428
177 331 380 499
293 392 411 487
47 141 219 429
210 318 330 398
400 457 475 480
20 106 280 388
254 355 369 446
73 197 208 406
166 207 437 473
334 345 357 466
167 264 321 499
49 86 91 107
8 143 144 166
65 150 452 471
120 152 271 348
210 318 409 453
27 313 331 348
32 133 144 346
113 217 437 499
17 276 391 453
45 166 234 474
172 254 265 334
39 136 258 446
148 362 426 465
231 340 353 413
213 241 254 380
93 276 358 363
12 38 87 338
64 298 364 484
128 285 361 381
34 36 200 291
36 199 226 356
24 65 87 253
272 373 394 415
50 96 135 435
81 133 229 242
41 44 50 175
176 228 354 414
55 214 222 327
23 66 324 466
78 192 228 471
86 89 171 247
32 293 329 408
56 121 258 338
355 380 384 395
3 13 213 377
49 407 436 485
10 55 71 124
118 141 170 361
31 43 249 354
214 305 425 442
117 119 278 466
199 206 227 248
6 23 342 352
40 165 241 486
36 373 417 426
50 56 119 400
8 203 295 373
211 358 447 486
74 169 308 462
69 326 378 458
170 226 323 454
49 95 136 286
11 188 413 499
305 437 490 492
91 250 387 437
103 246 358 496
160 207 211 435
94 151 249 280
6 227 235 439
109 266 369 499
31 62 227 444
9 168 369 425
190 229 384 406
87 150 465 476
217 242 405 490
108 133 338 484
54 237 276 365
276 370 402 446
85 91 281 321
24 91 376 448
32 306 390 481
144 157 239 253
50 62 88 384
31 163 474 476
97 282 403 415
27 214 248 385
321 368 493 498
58 83 126 483
93 341 452 496
8 67 165 486
271 281 301 435
136 187 300 456
229 258 303 468
108 144 286 477
19 55 180 355
49 156 259 365
51 135 163 324
221 250 280 459
37 262 278 407
62 201 255 309
31 45 121 396
18 359 367 416
233 433 464 467
38 78 366 424
52 173 262 341
36 70 81 239
29 245 253 330
6 21 232 429
174 186 364 500
240 248 307 411
181 315 357 470
40 150 215 222
106 262 263 318
33 36 123 252
27 62 404 435
248 292 396 465
31 127 221 306
13 217 426 480
33 45 51 206
187 306 318 474
106 368 415 495
211 281 390 495
106 173 340 497
38 235 305 357
13 180 279 323
148 285 302 485
132 191 196 477
361 405 425 430
46 318 435 473
90 201 240 304
67 128 205 495
241 250 389 400
91 190 434 466
237 302 488 500
30 240 440 498
27 246 327 356
30 182 349 481
86 297 425 461
152 309 355 381
248 313 374 465
31 251 293 307
57 321 347 357
213 220 269 339
55 160 308 402
40 95 300 401
48 150 170 440
33 88 364 467
37 150 156 230
126 156 329 471
91 124 342 444
118 243 273 437
13 57 165 345
208 285 305 497
32 279 310 387
88 91 111 346
60 182 363 447
168 198 243 477
63 248 306 388
53 113 414 418
218 233 306 330
244 321 368 377
95 402 420 498
56 107 344 384
88 120 298 397
79 227 431 488
17 63 147 311
73 169 241 292
22 193 364 474
67 104 183 366
52 63 429 441
115 149 161 292
109 190 347 391
26 250 285 358
215 222 333 486
203 376 406 427
4 73 189 388
100 279 356 440
144 237 335 439
215 245 346 432
18 66 75 432
102 265 286 330
225 296 303 436
15 53 168 305
131 179 244 329
16 134 237 373
87 129 317 359
2 237 384 416
79 96 224 365
114 175 418 500
120 209 346 500
149 235 413 479
128 162 239 253
71 243 389 446
81 248 455 496
3 163 228 314
103 153 205 414
132 222 360 395
20 154 177 249
34 121 323 331
43 106 123 146
71 264 378 402
95 118 173 388
136 209 219 440
97 100 152 362
41 435 440 493
21 29 376 448
21 83 117 474
11 219 289 334
115 224 407 468
214 373 392 401
91 149 314 340
119 172 233 264
37 124 216 427
73 113 127 464
272 319 417 489
161 257 322 473
3 53 177 350
87 282 306 465
135 313 415 478
156 225 232 468
58 144 440 463
29 154 214 268
53 181 310 444
27 324 377 456
1 48 171 186
94 104 110 119
13 118 308 369
33 215 303 318
18 141 219 485
226 296 457 486
44 66 189 384
135 173 282 474
35 82 257 309
118 231 261 375
108 253 364 484
201 230 349 424
57 177 316 500
119 219 392 449
123 209 449 471
9 158 294 415
164 271 414 422
41 51 96 428
17 252 394 456
7 109 171 385
14 160 161 490
87 190 257 268
30 100 168 296
309 357 371 399
172 394 444 460
25 166 375 497
5 121 406 467
206 225 402 477
129 198 272 479
90 156 462 469
274 285 326 467
54 117 314 450
168 224 266 409
32 208 265 416
124 179 186 312
3 44 356 433
155 203 366 456
73 87 204 286
226 312 402 439
128 308 400 447
5 165 465 499
361 424 429 435
157 302 335 372
258 317 329 447
203 289 356 433
249 274 364 384
6 160 350 463
112 359 480 495
210 253 324 481
45 118 229 479
268 311 375 456
130 330 343 426
72 148 244 449
30 189 264 437
37 228 311 411
208 347 440 489
97 131 377 425
210 246 315 449
137 212 381 389
54 89 287 342
61 87 148 245
130 301 313 367
3 25 176 323
15 160 325 328
99 162 348 392
6 397 413 470
122 359 381 467
28 50 265 355
42 55 60 183
158 185 306 405
15 323 357 435
154 182 389 484
419 422 461 487
13 280 371 434
25 29 176 434
53 244 392 451
364 371 407 484
25 96 120 269
188 231 380 422
20 57 361 389
355 386 403 475
149 156 266 424
110 307 311 412
49 165 362 475
205 239 243 252
78 167 331 431
56 302 415 469
34 325 332 392
91 301 356 386
108 130 216 326
172 382 436 483
19 235 245 358
121 361 417 491
68 264 461 488
9 124 285 434
63 343 361 481
95 113 317 376
3 173 179 480
176 178 302 403
84 220 249 383
16 20 465 469
294 309 371 382
153 336 407 450
