50
1 2 258
2 3 4989
3 4 5073
2 5 1590
2 6 3741
2 7 1320
4 8 1229
6 9 9432
7 10 9183
2 11 7226
4 12 7778
8 13 9240
11 14 5305
6 15 481
7 16 5343
12 17 6392
16 18 2366
4 19 3025
10 20 1190
3 21 792
9 22 3692
17 23 6186
2 24 1449
5 25 5961
7 26 3895
11 27 9836
22 28 8391
25 29 2413
27 30 2350
13 31 2153
14 32 8627
2 33 5780
2 34 2066
3 35 8722
19 36 9148
3 37 7663
4 38 677
38 39 5064
4 40 3845
27 41 7184
5 42 2040
20 43 1052
22 44 6702
21 45 6535
37 46 3275
5 47 1662
39 48 1016
24 49 9749
5 50 7664
50
17 20 25 47
9 10 36 48
17 32 37 48
11 15 32 42
7 26 27 34
2 20 21 27
10 17 19 22
15 41 42 50
8 19 45 50
17 21 47 50
13 26 31 40
1 13 33 41
16 25 30 43
7 15 28 39
12 22 25 50
3 4 43 48
10 23 29 31
2 27 34 43
2 4 8 13
28 31 35 44
13 17 35 46
12 22 33 42
11 21 35 43
1 7 25 31
9 19 39 44
14 16 19 38
9 25 31 46
15 25 35 36
28 32 36 43
2 16 42 43
16 21 22 34
3 9 33 36
5 18 19 47
1 30 36 37
2 25 26 39
25 26 38 46
12 18 20 31
6 24 35 49
1 12 37 38
7 17 34 47
10 28 31 41
1 10 31 37
22 44 46 47
6 22 30 38
1 26 41 46
2 26 35 41
22 32 46 49
9 13 24 42
1 4 37 41
17 29 35 45
