1000
136
51
590
432
198
666
275
982
380
793
382
263
223
997
348
797
605
929
661
924
579
692
497
648
111
676
514
570
654
581
571
852
247
210
184
260
763
189
621
408
133
939
933
383
305
169
63
732
429
84
740
727
49
356
152
597
83
318
101
491
695
81
302
285
824
18
920
347
164
904
332
657
476
447
479
433
815
947
69
550
165
623
170
80
667
489
481
716
480
295
991
955
492
524
502
95
737
523
360
391
645
533
985
616
583
412
568
416
829
512
718
316
707
613
85
369
118
96
789
188
36
240
108
413
193
24
961
333
806
409
739
845
86
310
970
934
140
874
978
437
834
40
130
113
37
191
102
710
278
567
158
289
891
844
574
538
903
799
148
376
976
477
120
628
767
280
14
70
901
830
262
668
643
856
341
772
703
131
422
869
114
411
927
214
404
781
617
951
556
342
277
795
15
218
385
23
212
464
335
76
503
174
373
866
116
902
878
8
234
160
449
125
127
894
808
467
132
650
386
814
304
725
541
872
630
531
539
871
26
818
883
840
780
488
536
354
563
529
434
407
451
776
172
444
98
691
288
717
518
635
865
615
117
700
244
326
784
721
618
119
936
804
879
787
44
211
442
465
161
992
931
436
890
350
378
835
629
527
197
670
100
532
343
887
379
314
798
967
698
203
31
461
46
565
655
966
641
496
551
135
226
11
13
239
756
457
957
315
663
723
281
665
387
974
637
647
156
748
598
357
329
149
940
219
494
501
857
540
151
325
566
602
482
836
730
711
453
545
9
578
778
925
259
405
816
359
5
825
601
672
632
224
1
56
588
701
898
609
708
248
229
265
690
608
358
741
777
520
145
881
580
415
279
507
473
592
733
190
171
38
673
587
593
291
847
273
517
331
928
428
557
611
48
403
469
688
202
308
271
774
921
599
549
194
396
861
757
686
542
12
400
362
910
458
697
649
912
989
547
775
7
27
548
384
394
19
652
157
642
591
313
782
328
932
543
638
971
801
855
833
873
561
619
651
770
162
736
516
509
366
996
926
78
204
201
610
361
233
364
338
16
167
487
330
821
965
704
397
860
962
390
312
122
534
576
147
32
441
425
105
702
680
553
575
719
323
900
241
421
94
216
60
58
327
344
10
417
339
237
255
367
521
510
986
896
253
462
150
307
266
684
846
141
55
942
826
180
254
851
848
870
30
144
500
484
905
22
755
181
765
999
918
722
993
143
930
937
633
420
788
759
452
388
625
948
669
106
475
558
614
969
511
876
796
823
662
675
493
735
371
683
346
374
807
187
909
283
515
1000
839
274
393
182
769
485
779
764
466
246
74
372
45
699
813
913
750
363
205
175
471
450
410
456
303
761
853
222
334
134
474
29
731
75
64
526
25
68
743
513
606
582
790
402
103
139
738
173
960
785
783
768
186
802
664
908
766
43
694
745
183
596
945
242
104
941
963
168
867
895
129
317
21
470
50
220
504
270
250
535
552
3
935
875
284
832
938
893
674
33
179
159
990
59
176
53
97
709
958
995
594
877
988
438
758
54
884
336
917
679
859
319
693
251
459
685
810
644
320
586
427
562
414
93
812
528
286
269
519
137
370
225
301
306
90
626
256
842
448
249
950
77
919
478
949
215
424
264
728
232
791
639
311
864
888
589
506
321
34
792
751
734
656
671
794
968
522
584
809
92
658
121
142
805
956
309
209
560
268
742
124
65
595
52
57
257
998
612
555
196
293
726
564
862
843
227
640
2
712
720
897
206
537
505
868
468
258
858
972
603
882
398
66
126
71
819
979
41
831
115
296
455
678
827
365
79
713
472
352
975
636
39
423
984
178
207
754
980
443
546
300
749
907
446
886
349
508
272
213
375
107
653
889
276
243
659
753
208
620
294
838
236
706
525
153
746
752
841
627
155
914
290
112
28
42
943
200
35
892
199
572
498
463
261
67
820
392
454
577
324
729
340
166
569
401
811
724
185
916
681
906
389
634
154
585
631
110
800
91
973
128
292
744
445
88
689
946
435
854
395
419
646
885
607
863
123
4
337
431
987
146
915
922
62
952
298
82
73
61
544
624
923
440
47
87
20
287
747
499
530
245
715
235
483
837
660
72
822
377
430
297
803
786
696
983
486
994
964
677
460
195
600
760
163
192
6
221
977
217
99
490
953
439
573
495
981
109
771
89
604
368
880
406
762
850
17
828
231
954
959
282
177
899
817
351
230
355
705
682
322
554
299
267
849
345
238
687
773
418
252
381
911
138
944
714
399
353
622
559
426
228
