5000
2528
1644
3711
142
2540
1827
3902
1509
3533
2879
4033
4961
700
636
793
4485
176
2091
2651
3660
1602
3319
675
3152
1434
4427
4273
4098
1741
2190
290
4068
4515
431
629
508
2394
2781
3962
4570
54
1400
2765
3662
4089
2120
232
2784
1421
2455
2925
3259
3156
2644
4665
3996
3253
4550
2369
4548
166
579
1945
4027
2039
4143
4015
4691
4921
2128
45
1201
2035
3580
4712
1107
3228
78
3249
4462
3015
4984
3640
1096
2526
4504
1610
67
3545
139
869
915
4545
352
919
117
2749
3021
1189
3263
1788
2920
3067
3206
1537
3343
2751
1724
4808
348
4925
2029
369
707
1377
419
201
4929
2964
3746
4860
1939
1048
1352
1950
1955
901
3975
4775
3915
957
882
334
3475
3053
886
2846
4045
2184
4418
2325
555
1158
3707
2514
1059
2686
1396
3473
2830
1792
3645
3096
4076
4707
4658
1723
643
3887
2320
3653
402
1431
887
923
327
3074
1929
753
4966
1942
4311
3195
1126
3581
2140
4114
2462
3601
2702
1795
462
4872
174
2708
1031
4569
1776
3925
1569
4431
4992
2586
3875
263
864
4225
798
2722
4122
2914
4218
4716
4740
3026
3537
2002
2653
331
4124
1502
1261
1545
3470
2085
1274
2769
2665
2420
2077
2437
4751
2317
1698
1817
540
3496
872
216
900
4034
3407
4185
3724
2248
1703
2099
4300
4188
2672
1403
2743
486
4773
3952
2101
4900
1388
1202
3162
4933
4832
2857
1186
1894
664
1951
2116
587
4973
1038
3198
1719
1120
1179
704
2405
4935
1236
3277
4980
1246
3276
3339
3331
1650
2447
3930
1674
4919
4322
2506
4479
1669
337
4192
3495
4251
4623
1071
1198
3539
4141
3725
822
4994
3745
1895
3247
4985
1426
3561
3598
2193
1238
2558
469
608
46
4110
1440
1562
3034
1890
4436
787
4669
2539
1821
1190
928
1754
4621
854
4645
1656
115
3728
2219
2365
3321
3656
2881
2216
1561
3048
2940
726
4475
2373
3126
2965
4362
2345
4894
3562
4378
453
3929
4567
3994
663
829
4878
4493
4389
1533
4461
4160
215
484
956
2818
600
3107
4685
4911
2166
1570
985
4387
1523
1008
3303
1872
3921
4684
1956
1612
257
3881
422
1701
3420
4331
1093
1896
2054
4420
4455
3014
1678
2662
2968
4593
1356
4965
2656
4656
3897
1098
3124
1615
3575
2318
1145
2273
3981
2028
806
4871
1605
2016
1066
4653
1578
2333
4920
2976
3784
2512
218
2364
1046
718
3467
2658
1353
1765
507
3664
299
2758
4806
1714
3553
2556
2319
2901
4526
3282
1017
1909
4628
3085
4934
3757
2843
3132
2297
2667
27
2655
4449
1316
3596
1108
5
2428
4772
4000
3112
4604
2757
4801
1476
4219
1081
883
2826
4081
2850
1925
998
1885
4690
959
2400
3916
278
1732
1073
4306
2489
687
3588
487
2973
1970
2087
1748
3556
380
3091
355
1777
25
3967
4909
3150
1539
4134
3476
1577
3388
680
4093
1427
322
1050
2460
1499
3210
372
1778
2414
3389
1037
1785
4949
208
2293
1810
3179
2974
897
1129
1111
4715
2301
1627
3818
1331
2520
1463
4960
1305
2971
430
2636
701
203
1954
2312
5000
4649
1728
2499
1637
3423
4112
1680
515
709
1227
4276
3941
3589
4581
2441
2727
2382
1386
2796
1739
3808
4512
3836
3908
1921
3385
885
512
835
1662
779
2573
3010
3674
1058
4517
615
931
1469
3244
4023
254
742
1700
3861
3083
2800
4647
4509
1503
2559
3087
3305
246
1247
4819
4586
4778
3051
3280
1636
181
1858
4369
4043
4021
1155
2201
3879
1225
2988
4642
1027
3479
1961
4659
4145
4259
531
188
1883
3471
4256
2277
2631
1687
2761
1526
3722
329
3641
4967
3616
1520
4758
2249
315
1892
4403
1654
3082
4482
1628
2011
3775
2947
2699
3945
2687
1459
3302
4566
1972
2202
1860
4964
2343
4625
3050
1437
2051
868
3278
1047
2349
4971
3189
2021
3064
764
2344
4670
1383
3122
4394
1029
4191
1140
3911
3973
1852
2118
2245
1251
775
1515
941
2952
2390
819
152
3527
306
4765
3634
4745
4917
2590
3871
2501
3382
2741
1530
1794
3038
2302
2114
4032
3165
3187
1565
559
705
4242
16
908
586
2458
782
3307
2073
2229
2466
4308
2105
3372
912
1159
1842
2246
758
1886
197
1063
951
1471
685
276
846
3611
4636
4931
1661
2371
1200
4220
2100
3089
2487
3469
3391
1389
4065
2143
4207
1579
2188
1668
3248
2239
4524
1065
2376
4363
2807
2285
3300
564
114
3638
921
421
4006
2158
4853
1876
4518
1755
4867
119
2423
839
3418
274
3446
3535
4837
210
4249
1856
2710
3830
3523
2006
1877
95
3155
3478
2391
341
467
4385
3520
1980
3190
3442
4445
1745
325
2589
163
2612
4858
1294
2811
1115
4633
18
4459
4450
1344
410
521
733
2381
1800
3482
1878
3947
1769
4594
2824
418
669
2891
4078
2231
1355
815
3579
3169
2978
209
1799
816
4222
2650
1874
344
4075
245
4805
3047
2742
4086
4235
4289
571
2681
1664
1677
2145
2250
974
1143
3811
4193
1450
3327
702
573
3858
1134
4544
153
895
3148
661
3828
881
4260
2036
1057
1707
4070
1973
3013
1859
2488
4793
3684
836
3654
3227
4031
2534
350
2079
3429
1709
3291
575
3511
4906
4415
1784
4117
1351
2257
3410
1600
286
3386
2368
3595
2153
3361
1036
3922
4634
1500
4226
2646
1360
4974
939
3708
3209
3072
86
4797
2392
596
4908
2451
3
1447
4340
1818
4048
4750
4354
2551
1835
2855
4771
1932
2471
639
2221
4142
3905
1390
2898
4999
1138
1697
4234
4790
1567
2262
2934
13
4959
388
349
2801
1278
2465
3456
3097
1976
812
1588
3154
4811
2260
4480
2251
612
3865
4763
1394
3226
1528
3309
2632
1337
4432
942
1199
1888
2159
4316
2358
4399
1581
3147
1899
223
1449
2220
2235
665
3005
4248
4640
3151
4574
757
2204
4338
3939
1028
4686
2237
1798
1255
364
4239
739
214
310
1105
4136
855
691
1750
907
1493
1686
2509
1744
2165
1442
420
4074
4714
2927
4556
3284
2776
4456
3498
3643
2493
1833
99
2031
3705
1169
3873
2671
969
1279
3900
4203
2032
2005
4077
2877
1454
3812
522
2592
1639
156
3003
1079
2081
3031
1916
3700
2170
805
2613
2199
581
1103
3621
3245
2125
3986
1834
583
1097
4834
3713
3441
3549
3341
1249
2616
4687
714
1832
2619
3225
3181
1866
2384
694
3406
2135
225
4103
4039
2280
2922
2315
3773
873
2905
3383
4955
856
3920
3761
2236
2026
3944
2150
2497
445
1803
3838
2172
1936
135
3608
1010
4694
2652
264
3462
3931
3256
3365
2194
2341
1763
1575
2122
1957
4989
654
2756
940
4632
4995
1553
432
1865
721
1414
2001
3747
795
1633
2326
877
1496
3340
2839
1219
3364
3617
3917
3984
577
961
3174
140
2467
2786
4881
631
1068
3424
4886
3171
4571
960
2309
1323
4505
4359
3843
2490
3109
823
1692
3678
4123
3717
1078
2938
1257
496
3543
1332
1705
3942
4662
1922
1086
108
1042
2640
594
1492
1479
2747
4991
809
330
3647
1624
3346
4285
295
1927
2911
3029
4348
4791
2486
971
1244
4910
2174
2178
576
4958
4746
2147
4183
1828
994
191
2982
2802
4865
4532
107
4552
4064
2289
867
4040
3733
4795
2753
4179
1758
2999
4224
4743
282
483
2350
1773
154
1338
4414
1638
3484
48
3935
2440
1395
2304
4471
4411
2058
4624
1673
2413
4717
1666
3486
4208
2693
1729
3078
4282
511
2569
3710
226
1324
2481
1756
3649
2724
850
1897
1183
2967
2951
3610
3444
1062
2986
362
1623
3395
4730
3734
4005
1223
1857
403
2322
4608
3137
1841
2872
4036
3212
3141
4924
4237
1404
4241
212
3292
945
433
899
2712
1033
3529
4888
480
4782
2401
1631
2868
4897
4217
689
2426
3266
3016
204
1039
3764
3317
3490
3968
2587
1467
2356
672
4506
4335
1881
1366
591
3203
4600
4840
248
4484
606
1506
398
1095
825
4572
2549
4711
118
1657
1060
2321
138
4609
4132
3354
3120
4510
1529
1556
1611
266
879
4833
2595
1296
1239
2208
3731
1276
479
2264
4562
1174
834
952
2907
3105
4896
4666
2209
88
4822
4946
3985
2415
1710
1702
2871
1814
22
4125
898
360
2690
1007
90
2117
2348
962
3483
2823
2576
4725
2657
4859
2406
2865
1301
1139
4011
740
333
3823
525
474
4474
270
2396
1272
3992
4585
3837
312
147
4380
849
4111
2615
1292
3330
741
3782
749
2196
3769
1055
902
2606
1746
1482
4444
948
1153
3606
1034
3605
3218
4588
3862
1943
4329
1424
1064
2703
94
2106
4013
2203
2795
4233
1310
2728
1242
4375
20
3636
1210
3350
2949
719
2187
292
2959
50
1933
4945
4053
4610
3802
126
1369
2482
2885
2173
3612
674
2819
3128
2110
3987
224
905
2107
1379
3891
66
2738
3298
2180
1072
3348
1815
4250
1349
3500
2736
4555
3927
4409
1365
934
1535
2372
4870
3896
4238
412
1904
4749
3006
1626
692
786
761
2853
2691
4283
532
1334
2495
1445
4393
2288
3702
1347
2525
1598
368
332
3472
73
4468
1959
3295
146
1092
1566
501
2003
4383
929
2511
1751
1085
4063
4014
1142
844
4839
4439
4146
3440
1937
3593
3335
3898
143
4384
1206
1875
4629
1171
4472
4514
3488
803
314
3614
281
3392
776
2042
15
103
2211
3792
3223
1288
23
3850
2875
500
3464
4724
2383
4488
4583
41
826
4818
473
861
4029
4402
2434
2772
1782
3188
319
1645
3027
2942
933
2412
628
4274
578
2061
2433
1643
4167
2518
455
4789
4343
3251
1043
574
561
439
4554
3378
796
2115
1197
3355
4451
1695
4050
1718
4349
763
657
791
2030
1831
4320
2700
2777
3752
1621
1336
2883
536
1477
2052
1295
3049
4786
407
1398
4186
3999
1882
451
2813
183
3648
2832
3534
505
51
149
2456
1460
4440
799
2575
3509
3744
1184
2244
4671
2422
659
2088
3665
1879
4376
549
2226
3565
1330
3312
4429
385
2148
2017
3582
2918
1871
269
4979
4388
1601
81
4672
2620
1676
977
2069
4710
622
184
2247
1591
821
3081
2588
3347
527
2835
706
2421
3208
2887
1884
2557
767
4410
3384
3743
1018
2238
4705
4752
2717
2151
3438
1045
442
1504
3279
1999
233
937
291
4344
2417
876
1478
875
4127
3499
1016
2334
3052
2351
2411
2599
313
3123
2762
1285
1617
2834
1235
3720
3669
235
4139
1348
159
2038
85
7
1958
415
1112
4547
1228
3028
3419
2335
785
112
1061
4754
2138
4760
427
3886
3954
2785
4278
3586
684
2676
3457
228
1982
3753
3694
4422
4866
4396
4938
2037
3675
647
595
4701
2794
3069
2998
3270
1486
1101
301
3063
4631
4880
4732
2429
3578
1357
2705
3121
1152
3834
2067
3035
3274
584
3943
1667
164
2218
1056
916
4915
136
4371
1606
2089
3142
386
2668
1640
3637
3159
2844
2374
3966
567
2047
4728
1761
4655
1161
3318
1647
655
735
4726
4382
964
1583
3559
3002
4243
1168
970
2478
4676
2146
644
3817
378
1546
3805
4463
4209
268
1868
944
1452
2745
2139
2283
3938
1022
3801
2177
134
2734
1893
2127
1113
2815
478
3042
3287
1264
731
2533
461
3345
3281
3848
4107
3241
1887
1054
4702
4981
2444
1977
2332
3452
1953
4508
4187
3627
1518
2387
4884
3352
3362
520
2057
2880
1413
4299
4213
1090
4195
2431
1177
1595
2167
2870
4954
1250
1787
2513
543
3510
2402
2255
4536
4454
2923
1229
711
3568
1088
3857
2827
326
3548
2862
2338
2987
4088
4522
2287
4615
155
2022
3998
4697
3487
4856
2555
177
1211
4305
1269
3359
551
2752
4845
2624
2697
395
12
2062
2924
696
1416
2789
168
3222
2547
1313
267
3007
4079
4561
630
4044
1691
1283
1382
366
3793
2954
4176
4812
1975
3111
2621
492
770
4907
3840
408
3136
4231
1838
3036
4230
3919
3824
2936
3540
2252
1822
3787
989
999
1114
288
2206
3804
2469
1767
1397
297
4486
2748
1333
1998
4582
186
3892
1681
2840
3196
2866
175
2638
1137
1376
1768
3551
3622
4321
429
2625
4116
195
2909
4599
2908
2641
4948
2878
2903
563
3856
1996
4004
3907
4392
3269
3369
2969
4281
725
2529
1582
2532
4606
3447
2290
376
3554
556
4264
3619
678
1118
3906
357
354
4729
3084
2195
3706
2223
3116
637
4899
3172
966
187
4785
3518
1123
1312
3690
2633
2817
4855
4067
1455
389
533
609
3977
3030
3417
1944
1074
1689
4090
4563
2050
247
2124
2970
338
2542
2578
1964
4211
1135
444
3932
47
2689
3221
2642
1362
4365
4916
4483
2730
3480
3878
534
3288
2294
3474
1924
1864
3374
3163
2946
1920
2407
3138
1091
3751
946
4255
783
2816
63
2992
1412
2787
4170
476
3687
4443
3635
2566
3380
2399
1009
2779
2719
2899
1109
317
800
2723
2070
2828
3408
3847
547
1918
316
43
3058
1326
1472
4022
808
4310
1715
1940
2629
1649
3570
3017
4223
3604
1141
1891
3200
801
904
3379
2720
3670
4681
2659
1635
1994
2179
1049
3628
2806
3207
3233
4082
3332
2363
3177
1806
1321
4654
3501
4737
2015
2893
1367
4660
4683
2519
1519
3098
1325
4589
1275
29
4575
4810
4229
4851
61
3833
1685
1965
2790
1224
3439
760
3699
2395
3864
4842
2328
2230
4197
4333
1216
4024
1110
2446
4734
2582
2459
185
3895
3506
736
4990
4370
3459
3273
3115
1125
1608
979
668
1019
3517
860
2721
1568
2048
4595
475
3158
699
4177
2617
3591
958
4155
3045
4893
649
988
1289
3400
3436
2
3252
1495
1415
1825
542
1419
3342
2593
3615
4091
3668
1869
2378
4530
3658
4779
2963
2314
302
632
3880
3809
2169
1675
370
3691
2507
49
2953
2663
4303
1458
1548
2764
97
1915
502
3461
4198
4829
1597
2256
848
2018
1358
4489
4738
3863
4503
1659
1131
1167
4849
2212
4347
2161
3851
1083
4678
4848
3306
74
4087
3468
4469
3143
1616
3257
2831
3953
748
1907
3104
4568
3239
2524
1747
4374
2470
1991
392
383
1265
463
2845
1041
830
4770
3283
1752
2241
686
1485
2360
4314
4210
4073
4334
1696
1805
2198
996
125
4094
4616
756
1905
1032
2053
92
778
4988
1003
4059
4019
3358
1182
32
277
2809
3732
3655
833
4115
4972
4041
4646
2594
2822
635
1914
987
896
3816
2303
4891
59
4641
4953
3976
2546
244
4529
2379
1743
2601
1490
743
2008
4119
2869
3715
1740
170
2782
754
3131
3285
2386
4478
494
457
4446
772
397
2308
1423
1824
4294
3011
4060
2130
1375
1538
605
1407
2410
303
4010
3661
638
2808
62
889
1716
250
503
4168
3230
2919
3841
614
1783
179
4326
690
351
1665
648
2643
2664
3704
1589
852
715
2103
346
4161
3826
4620
217
4490
26
4668
190
1021
2133
4261
1634
983
3877
807
3135
2696
2027
3077
2424
3681
1774
401
3819
1005
950
2056
2581
4788
1522
428
72
4353
604
1309
1277
2583
1590
1742
727
3680
1811
4584
2607
3521
454
1853
4830
4164
4083
4430
167
3458
1319
1919
1978
4413
4844
3759
3368
2895
4703
4648
2810
131
137
211
3232
4674
3260
4533
446
1889
227
4286
2916
4792
4635
4163
2310
3236
1560
4507
3094
794
1401
3599
598
4538
2366
3867
42
2121
53
1232
3806
365
3373
4602
4852
2370
3983
2041
239
2622
2634
4221
3356
1760
2725
3140
3849
1268
3956
4309
3012
4794
2571
2961
3786
340
3989
2271
1480
335
4847
205
4780
3443
391
4577
2637
1558
2713
1188
3515
3794
3213
973
4245
2295
3040
3689
2793
3180
3727
3948
3522
2984
607
253
470
3311
4590
3626
141
4337
2732
3046
4037
4722
1594
1823
1524
703
1430
1290
3267
1303
4121
71
161
3630
2398
3760
4295
1917
1557
343
3068
4008
3803
4262
4559
3166
2152
3294
2932
3322
2852
4368
2861
3164
4272
2958
4699
4196
1572
1373
4366
774
3960
3774
4035
1381
4688
566
2131
1432
3959
1646
613
3186
3923
4970
2608
3363
1075
2331
3625
568
3718
2933
516
790
670
2353
490
588
4324
2020
4944
1906
4046
2755
728
4895
2572
2149
1580
504
196
3329
1212
1209
1315
4820
2884
871
3730
3231
4200
2626
4889
4397
4720
2962
69
4807
3268
144
572
585
2739
1573
2296
1128
3958
4199
4360
252
2737
133
4579
4437
3659
717
4212
3219
1207
3460
4047
3538
2132
3777
4759
3893
320
2377
2980
482
597
858
935
4727
3401
1620
4622
4421
4993
997
79
2746
3825
1586
4181
1990
792
995
518
37
4404
4987
2234
4578
1014
4784
4494
554
3387
3790
3909
1304
1988
4721
1147
2679
4182
3019
375
3398
449
1550
3310
3080
2510
4926
2803
1604
1713
2498
2535
1221
3783
3750
1845
1913
1484
4769
4879
746
52
859
57
910
3375
2688
3926
3153
4541
396
151
2104
3832
843
4531
4056
2635
3130
4597
2019
2463
3262
1176
4356
434
1451
986
3503
4781
2044
4890
3600
1192
3414
3995
1867
4002
3344
1271
3821
116
3022
1243
1069
851
4049
3785
2859
4342
4194
2544
4868
2945
1749
4390
1258
2930
4576
4150
2882
1497
258
4288
4290
1284
1422
2009
1361
4580
2205
2330
2461
2950
172
1847
4977
4983
443
1370
1663
3430
1571
1291
1248
3682
1596
1178
3086
1254
4627
2419
1099
1614
1901
842
3552
4280
2425
4052
1948
2516
1487
2092
4126
2083
4154
60
2860
1770
2960
3334
1672
424
1508
2066
1903
3513
2993
2889
2298
917
4287
456
1433
101
3113
3437
3405
1603
4016
2339
464
3742
2585
87
2894
797
3449
2552
1004
3573
4950
207
1846
3846
21
1543
4227
3870
4178
4969
2023
3425
3477
4205
2538
2939
1214
3491
4883
1320
820
495
4537
3402
3901
2554
4692
1217
4099
1511
1849
2074
981
2240
1619
1593
3125
813
1089
3427
2435
4358
294
3866
2530
109
3396
4447
4477
1172
4864
4372
2492
4796
2259
927
2468
353
128
2453
1267
3912
169
3544
2935
4184
180
1730
4419
4976
2694
2024
1148
3399
241
3497
2928
2716
4025
3381
3889
1532
4761
1576
2191
1706
769
1015
84
2995
1378
242
468
890
1987
4351
3972
2432
2284
1682
2416
458
24
374
3585
847
3066
653
1327
1368
4534
2804
874
789
4902
2864
611
2276
2454
1780
466
4319
2836
1837
2156
3860
2698
1130
4836
2735
2278
3536
4846
4373
744
2007
3855
1364
1410
1392
3139
1162
1809
4332
3933
737
2355
3673
2504
3882
308
878
342
610
3695
4416
2275
2896
2185
1438
1541
538
3957
2013
3103
4735
399
2683
752
1402
406
4874
4302
110
4007
925
1475
2892
1694
1163
766
3088
4766
1779
4386
3651
4128
688
4831
4768
2577
2491
2783
2450
3023
3965
4062
3789
1399
4739
3609
4275
3525
817
2268
3145
2562
2111
1671
1280
1969
4133
3168
2258
2628
1584
1547
4708
4102
2981
194
3055
762
229
1873
121
1406
4957
3982
339
2316
3182
894
129
411
1231
2082
2095
3763
4236
2093
539
1690
2055
968
671
1613
3434
2543
2704
619
4254
3955
3092
165
2553
3338
1683
3780
1947
4467
593
1843
4317
4149
1514
2327
1712
2744
2838
2324
1870
1154
1688
1786
1466
837
1436
3204
4596
2352
489
3199
891
1655
4652
44
2913
623
913
2075
1840
1405
3918
1641
1094
102
447
3485
4284
1359
3772
4736
3043
1000
3451
4055
4120
178
3315
4172
498
2189
2854
4095
3494
633
2340
2181
3859
642
2337
1587
1170
1555
3167
992
1409
2014
3603
491
3265
2477
4617
4105
4986
4038
285
1941
93
2175
938
906
943
558
265
909
4753
4381
2361
3796
1632
2695
2078
4777
1051
4539
2439
1286
3296
3672
1001
3217
3738
1335
4607
4978
1253
845
4434
3076
127
2403
1116
2286
2814
2563
413
122
157
2393
729
1020
3766
65
1952
1195
4756
3693
880
4292
106
963
1453
2906
4158
6
1194
2770
4850
625
2731
621
4667
4291
2523
4201
3564
3450
4315
2660
4564
582
358
4516
1494
193
1516
4816
914
3157
2733
553
2299
3894
1704
3914
271
2408
3592
2778
1481
599
4511
1850
3618
2931
1926
1006
1648
4458
2684
2666
4204
4592
3990
838
4843
4135
2385
2627
4253
3403
853
1470
2915
3557
1341
3613
2561
2842
2389
3435
953
2821
11
3149
3250
3160
4476
1861
4800
3301
145
220
3683
3426
2825
4189
3574
2522
3978
1030
441
173
2266
3289
1551
4869
1801
4428
4157
4817
724
4267
2531
4069
3890
347
616
734
2673
3577
2045
3170
3980
3703
2771
2144
2232
4835
1302
3697
2119
3969
4854
4433
506
1013
2086
2874
3489
2427
3337
2975
1762
634
4328
1087
4018
1439
1962
4173
1346
298
2521
2701
3114
200
2222
4341
4661
4803
4841
2678
681
3810
4700
3633
3993
1525
2709
255
35
4318
2269
1456
4269
4481
1393
4997
423
2654
1949
400
4355
4826
2766
3000
4861
3004
1204
2162
4304
526
4232
2760
328
2670
4202
459
3240
1023
4367
4614
4263
814
3481
2711
2025
3934
903
1722
3493
2102
1848
4798
3448
3924
656
237
4407
293
3246
76
3192
4723
2768
2567
4838
750
2941
2254
1816
3566
2430
3185
1491
857
2443
2279
4109
148
2910
1287
2307
2545
1082
884
3061
2357
3550
4601
4587
3835
4619
4293
1233
1457
3502
4637
4171
426
3602
2596
1281
379
3807
4244
1993
2609
978
2090
2367
3095
722
1554
862
1684
732
1505
4952
955
1345
234
2071
4423
283
4118
382
4709
3964
646
3741
1968
4156
98
2380
2956
1193
2010
377
1997
3779
3815
3646
3463
2183
3272
3314
712
4733
2362
1035
2049
259
1420
1911
2890
2484
666
2346
3353
3243
4904
1133
3009
4828
2483
3308
4028
2685
3624
2550
1731
620
4066
1726
603
2997
2142
1122
4137
4058
984
3842
2618
3949
4001
1542
4540
4247
4612
4679
2397
2313
3899
3542
2141
3421
3541
3024
2912
2233
3872
3650
679
1808
3366
4741
537
1989
1226
2570
38
4887
1175
3814
1273
28
2059
1609
2674
34
3631
4523
1931
3404
4713
1259
3433
3214
4147
2630
4438
1789
4521
4876
2012
4546
3304
3936
3770
4862
4651
1757
4492
3261
2448
4153
2763
4206
1622
546
2780
2792
1117
991
1974
2591
3070
1521
3868
236
361
4406
1
1992
1797
3587
976
4882
3692
2457
4802
1985
818
89
4877
363
2937
3514
4258
3988
1549
485
3065
3110
275
2004
3839
4913
2097
565
3686
280
477
2436
3685
768
4457
2109
2904
1934
4677
309
2272
4130
4092
530
3519
304
3797
990
1625
1208
4228
2812
2311
3264
2404
2536
1813
4719
1173
2820
3524
3961
2750
2354
2837
682
1552
1343
1468
3505
926
3778
2200
100
4297
3377
2068
1053
2706
323
1734
1851
438
1829
4912
3629
651
601
4080
305
3059
318
4731
4113
4605
1196
4252
321
4573
3791
4898
1721
523
3333
1679
2873
2098
1790
367
2943
4361
4776
3041
3173
2176
3393
865
2270
3397
497
1599
1946
2210
3323
4398
2476
1160
1443
1963
1507
4268
2759
4162
528
2043
36
3351
4823
1563
262
2207
3071
1025
2292
75
4240
2261
1150
2225
4395
1329
1185
4441
221
4364
4943
2137
3099
2282
3093
3465
1981
544
580
2798
279
91
2900
1863
4520
1898
2515
3357
3754
1855
417
384
3963
19
4673
3937
1796
1371
3328
1124
2548
2647
1119
1237
58
251
4767
4863
4405
1540
3795
3032
3313
1156
1771
1363
1380
3712
4190
804
4557
3560
3326
1191
4941
3740
2154
2113
2791
4140
4549
2186
1908
1483
557
2851
2917
4346
677
4460
2977
409
4922
4643
698
3869
9
695
1342
3571
590
4277
2990
3175
1559
1354
2661
4101
3060
1203
683
3039
4345
3254
4096
414
4827
1473
1293
3688
4270
4918
1241
2072
3508
3590
4962
4312
2064
1935
2442
4330
1299
260
2876
1725
972
1102
4435
893
3044
3144
975
3666
231
1308
1938
4527
3776
662
4942
888
4357
3325
1311
4551
967
3657
3100
1642
4762
394
3729
3454
3940
2767
1923
56
3583
1880
745
2347
2305
1220
3667
8
2966
30
1854
4417
4104
2897
676
3799
773
1527
3235
827
1252
947
4151
1106
68
4495
1772
3755
2040
296
3455
182
4266
4704
3258
158
393
3428
4626
2848
3530
4473
4169
3411
1630
2197
1781
2754
2598
2485
2503
471
2134
4657
4809
1461
405
206
4174
589
3415
1464
2517
4412
2182
2944
3904
2217
3054
4757
1653
3275
4051
4611
3394
1234
189
2680
481
4352
1513
1658
3642
2157
4804
3991
1819
3416
4744
2323
2867
83
4787
1960
1136
1984
3119
4054
2888
626
3903
759
3970
4963
3854
3316
2948
4638
3129
2729
2726
4148
3767
4857
4513
618
3885
4391
3367
77
4408
4535
2902
2473
2957
4695
1011
4928
2253
4501
2449
713
4424
4591
1536
645
4166
4496
4519
3229
2123
1084
2972
3528
4465
708
345
3928
1804
2033
373
1429
3721
3349
2833
4
150
2568
1534
4543
2112
3827
387
3788
3146
3584
1488
541
2856
1902
307
4682
1127
4159
3758
3293
4470
3671
4930
892
3211
535
3698
2065
130
2985
3001
777
2584
2829
2336
219
3800
3632
1385
1350
4932
2799
4400
1230
4639
3234
1317
3161
324
4339
4598
2610
4097
1340
2537
3845
4821
4452
1024
524
256
3409
2604
2502
4644
4265
3831
2788
1820
4528
1720
2500
697
3507
284
3644
1165
1517
4502
811
4401
3290
1164
4100
3737
3844
4085
3134
192
3679
4500
2602
4873
3020
4937
2274
1149
2989
3432
2306
3412
3297
3829
4466
2560
3820
3723
3771
802
1205
784
4996
3118
4975
4718
3183
2063
4764
4815
2475
552
2126
2740
4301
2227
1012
3216
2359
2983
1836
3620
2692
1425
3748
2267
1826
2496
2375
2108
1544
202
3979
3037
3090
2675
1585
2160
1564
2775
3202
261
4706
3512
2046
2926
3504
243
1052
517
33
1759
104
2847
3413
1441
199
3360
1512
472
4650
3255
465
1717
4901
2718
1157
3184
3531
3572
3677
824
936
2494
3191
4698
3781
1930
1146
4664
1574
548
3101
1260
2291
17
3224
2921
4542
3701
1339
513
4327
3033
3079
3238
4927
2929
3883
3555
96
82
40
3453
3876
1862
2464
3073
4892
3178
529
545
922
723
4748
4560
2639
4905
514
4487
954
3062
781
2472
1693
4129
1187
2243
3220
499
1417
1266
3594
841
3532
3215
70
2164
627
918
4525
4336
3913
3445
2773
3117
448
4951
488
3884
2886
2774
4956
3558
3756
4940
1411
2168
2300
2096
4246
1474
3974
4350
4693
1256
2715
4379
4298
2955
870
2265
2505
788
3569
160
2214
3127
230
3194
4689
1428
2129
550
404
2163
2224
493
562
390
4675
2155
1306
4939
3798
4783
1240
3813
1044
993
980
4448
1298
4936
4885
3197
720
1592
4106
1144
132
738
113
2603
4042
1979
2614
1448
4271
1812
3547
4057
1629
4774
4084
1328
4914
2996
560
1807
716
780
2213
1830
4814
519
1040
4216
4875
831
2263
1618
3526
2034
4565
3563
982
3951
1307
435
2094
3371
1462
1181
3516
3370
3176
359
2863
4998
4618
3719
4215
832
1262
4030
1002
2215
2669
3716
570
1651
3950
4425
2979
55
2682
39
3056
3390
3576
3765
2564
4175
162
381
4799
4026
2228
4138
249
240
356
592
2580
311
1738
2418
1446
2076
213
4755
31
452
3768
650
624
1966
2329
2192
4464
1489
771
3008
866
1384
3336
2597
828
2242
289
3652
4020
2797
510
1912
3739
4323
3853
2171
4180
602
3888
4009
4108
1660
3714
3567
640
4131
123
1100
1839
2805
2527
1995
2611
1067
2480
4947
4152
1282
2000
3546
2479
4377
765
2080
238
3607
1727
1733
1391
1372
667
3193
3749
3106
3639
1180
2541
1983
2648
1080
4498
2438
4442
4747
4453
4824
1910
1444
4923
1408
300
4968
2849
3874
4426
932
2452
1222
4680
2677
171
3696
2645
1928
4061
3623
3299
930
1607
1297
3376
2565
3726
2605
1245
1737
3762
4553
3237
1531
105
3108
1791
1270
4012
1215
4307
287
3676
2060
911
509
4742
3133
3075
4630
3431
1387
4017
2579
2388
652
2281
3910
10
460
111
4558
80
4214
120
4696
1121
3736
1775
2994
3205
64
1166
1699
425
2508
1501
1318
1465
1900
4072
2991
1077
3709
3324
1802
450
1652
2342
1971
1711
1793
198
2474
1418
2445
3997
1314
1300
4003
222
810
2841
4313
416
124
1322
2136
4499
3057
4613
751
1753
3946
4296
747
3971
1510
3320
4813
693
4071
660
3663
1132
641
755
336
840
2409
3201
1435
1076
1708
2084
4491
920
1218
924
437
4825
1213
4982
3852
965
2707
14
863
3492
436
4165
3242
673
2714
4257
617
3025
1498
1844
3822
1735
440
1026
3286
1374
1104
2623
4325
1070
2574
1766
3466
1736
3271
4279
949
1670
3735
730
4144
272
4663
273
569
1986
658
371
1263
3422
2649
3018
2858
1764
3597
4903
1967
4603
4497
710
2600
1151
3102
