5000
1541 11600 0
11165 17079 0
6259 9672 0
1447 11761 0
194 13135 0
4398 17544 0
5969 11088 0
7682 8517 0
503 10013 0
1268 11787 0
12243 17203 0
5589 11825 0
7525 13225 0
9446 18583 0
7111 19665 0
3454 17409 0
545 5514 0
225 7870 0
4447 12933 0
7562 11993 0
4347 9150 0
5082 12599 0
1682 3302 0
1341 3810 0
468 947 0
6774 14539 0
5445 6143 0
6479 12050 0
2037 11374 0
2110 4386 0
4313 12186 0
4349 11259 0
3267 17496 0
3068 3518 0
1466 13916 0
1955 12109 0
6218 8017 0
236 8527 0
14183 14482 0
3177 5358 0
5502 6998 0
8090 16060 0
8920 9522 0
10773 13801 0
11223 11643 0
4456 9613 0
11202 18455 0
4747 10790 0
1749 11343 0
5934 7000 0
4195 12175 0
4975 11566 0
5722 8541 0
3814 17939 0
14929 18642 0
10122 15080 0
6142 9852 0
3584 16347 0
2304 4986 0
4995 8442 0
9623 10756 0
3234 17688 0
10343 17760 0
3147 12737 0
1753 2670 0
5911 15981 0
12058 18109 0
2462 11567 0
3737 4723 0
4288 6152 0
7561 12077 0
2553 5908 0
7404 9485 0
7957 17373 0
4983 10430 0
1115 12962 0
6035 9481 0
8498 8735 0
1301 6859 0
7564 11549 0
4864 11267 0
6204 7544 0
4038 11935 0
8591 10511 0
4556 10991 0
6736 12951 0
971 11368 0
2446 13021 0
2896 17282 0
2057 11121 0
829 13723 0
1299 10316 0
582 4498 0
13795 17687 0
1613 10068 0
5957 7265 0
5318 18739 0
7920 9797 0
3251 5899 0
4994 9966 0
1448 1723 0
7385 15904 0
1857 2520 0
312 11986 0
7870 10216 0
2876 4504 0
1678 5847 0
10104 12138 0
8177 10460 0
4174 16902 0
17389 17599 0
9528 11150 0
10698 11646 0
2505 6047 0
3242 5652 0
2007 17709 0
5192 12093 0
197 7607 0
1752 12241 0
10928 14106 0
1503 19634 0
19233 19839 0
5615 14924 0
11079 20000 0
6421 13798 0
6943 7553 0
2283 4885 0
2881 15526 0
2823 11242 0
1991 4549 0
6469 18564 0
11915 15727 0
9109 9195 0
380 4949 0
7342 8245 0
7640 17652 0
12272 16519 0
57 13795 0
4222 4957 0
2839 18709 0
2098 4530 0
16923 19459 0
10999 13544 0
621 12092 0
7178 11722 0
3999 9667 0
668 16099 0
3945 16296 0
3396 10481 0
14650 15004 0
4066 10564 0
4513 7406 0
405 12865 0
3498 4897 0
1499 10921 0
170 9674 0
8305 11891 0
15248 19964 0
4803 11396 0
6052 8938 0
476 1139 0
657 16792 0
3215 16237 0
837 16484 0
7995 14729 0
7047 13063 0
980 15614 0
5269 5727 0
8069 9802 0
2675 5624 0
3367 4176 0
15647 18206 0
1044 5611 0
2436 18728 0
5147 6076 0
5418 13353 0
2306 5122 0
478 12164 0
5498 14026 0
8960 16963 0
5991 6500 0
7164 16091 0
9060 10660 0
3184 3722 0
13893 15388 0
7146 10323 0
6593 12466 0
11953 12279 0
378 6267 0
12020 17931 0
5460 13247 0
2142 11612 0
8056 18587 0
5639 8356 0
723 11618 0
1050 6499 0
10647 18485 0
764 4886 0
6580 11827 0
7923 17807 0
9317 15943 0
9782 18954 0
9865 19920 0
1937 2468 0
5854 12804 0
14475 17271 0
202 1997 0
1216 13955 0
3220 10184 0
7269 16226 0
1381 10186 0
6 7540 0
1309 18986 0
153 6469 0
3409 14720 0
4482 9065 0
3565 7237 0
3004 8536 0
1513 4415 0
7189 10605 0
5873 6393 0
4713 4782 0
9470 12391 0
8406 9846 0
12839 17942 0
2113 6548 0
1840 16259 0
2990 4427 0
1978 17185 0
4995 13273 0
4792 12331 0
4880 17094 0
3158 14970 0
1596 4350 0
1700 8605 0
7883 8870 0
17194 19841 0
8494 17647 0
12208 17964 0
5663 7033 0
1402 4287 0
1398 15613 0
9796 10269 0
4787 16646 0
2266 9423 0
596 1015 0
4564 17994 0
2794 7064 0
1211 3790 0
6362 7799 0
1708 5719 0
5291 17718 0
7156 17073 0
11130 13499 0
7584 19708 0
9451 17050 0
5166 8800 0
13278 17254 0
11782 12114 0
1374 8028 0
407 5113 0
5919 10060 0
6664 13244 0
1078 7738 0
8359 15282 0
3628 12622 0
9624 19415 0
5198 9254 0
1230 2187 0
2415 5487 0
7311 16695 0
4428 4935 0
4345 19875 0
18192 18549 0
9142 15810 0
885 11944 0
1399 5209 0
107 7826 0
3810 10833 0
3306 8853 0
8936 10109 0
11323 17562 0
9469 15719 0
819 916 0
2917 14018 0
6767 12138 0
4382 10556 0
4349 4935 0
4094 13734 0
1284 16340 0
10062 14069 0
812 3478 0
5883 16720 0
8495 13842 0
1382 18086 0
7115 9925 0
12348 16622 0
11996 18436 0
4389 15998 0
7290 8226 0
5410 17868 0
1369 6444 0
7376 9031 0
10748 17977 0
4352 19046 0
211 13258 0
673 14421 0
13190 17633 0
3037 3649 0
2230 5216 0
8744 11109 0
648 10586 0
6139 13965 0
8904 17590 0
13978 17937 0
8624 10595 0
418 4364 0
3318 7021 0
15597 16369 0
3243 6909 0
9095 13209 0
1932 4328 0
6684 12055 0
2489 11446 0
3937 8107 0
3559 4565 0
4841 5360 0
14297 17597 0
1357 1618 0
15814 17927 0
7538 16747 0
335 10396 0
8707 9541 0
2604 6822 0
2585 13653 0
3370 10963 0
4853 18303 0
732 10015 0
678 2516 0
5962 14702 0
1816 2810 0
6787 18610 0
9702 11816 0
7974 9893 0
5578 9767 0
3102 7439 0
10356 11653 0
797 18216 0
9711 17996 0
8917 13567 0
8542 17001 0
10743 14683 0
7257 7306 0
3820 5096 0
381 1740 0
11237 19581 0
5417 13898 0
10453 13673 0
11493 15015 0
3038 6660 0
1429 2470 0
4175 11088 0
4682 17683 0
371 8813 0
7382 8114 0
3144 7614 0
4712 11491 0
1364 10070 0
2150 15748 0
9195 17395 0
7139 9280 0
2654 3248 0
8700 13360 0
1280 4057 0
8564 9312 0
80 17226 0
4979 14188 0
2566 3709 0
3727 6140 0
1533 10368 0
2915 9964 0
549 18341 0
5010 12293 0
1667 5920 0
8678 13093 0
10101 10118 0
5911 8303 0
2594 15898 0
5075 8204 0
1395 19731 0
1562 6764 0
5192 8812 0
8792 11813 0
1284 6196 0
6178 15617 0
596 9990 0
6196 10459 0
5548 17042 0
966 9736 0
1474 14875 0
11404 16153 0
6871 17681 0
10809 11129 0
8759 14099 0
1823 4333 0
3832 6988 0
4111 6450 0
14361 17046 0
4970 13770 0
9497 13285 0
6625 8804 0
3183 18251 0
7976 13953 0
5863 11710 0
8808 11141 0
6150 19572 0
825 10272 0
2080 5031 0
1258 8159 0
2648 17859 0
13992 19883 0
2055 13389 0
264 4253 0
5361 10235 0
226 12802 0
7264 17750 0
4755 17756 0
164 16631 0
2877 4319 0
5146 16100 0
7298 19604 0
2975 9656 0
7577 13421 0
664 1985 0
11711 16905 0
10355 13658 0
1515 15335 0
8672 18421 0
13980 19990 0
7472 17946 0
2881 5582 0
7158 10921 0
3569 9522 0
7774 10624 0
1583 13209 0
9895 12192 0
3070 4811 0
1806 3272 0
4870 19303 0
1976 9475 0
4955 9942 0
3198 4449 0
2639 5628 0
12420 12675 0
3887 9435 0
4343 8147 0
17196 18374 0
13286 14292 0
516 11166 0
12133 13694 0
9014 12503 0
4497 13010 0
3502 8471 0
2486 3041 0
1702 1991 0
1672 8295 0
7443 8945 0
9061 9391 0
278 15496 0
9338 13905 0
2656 5387 0
7386 15505 0
8657 12382 0
2352 7831 0
11249 11544 0
893 7146 0
4183 14454 0
10091 13124 0
11599 16668 0
7312 7432 0
1338 19597 0
3565 7687 0
4411 7877 0
10958 12509 0
4714 13377 0
8585 12280 0
4879 5959 0
1778 6460 0
5027 10370 0
7445 16816 0
313 10625 0
1103 7360 0
315 8171 0
624 8766 0
9702 10612 0
4445 19679 0
6657 17849 0
1258 3265 0
275 17682 0
1146 10281 0
6191 9442 0
9323 15197 0
3228 3949 0
2744 4634 0
5404 5466 0
6963 8449 0
5176 8220 0
11443 13540 0
8163 19702 0
2431 9310 0
9178 13561 0
2268 4933 0
12140 16411 0
7764 9534 0
572 952 0
8341 12103 0
4895 11152 0
1193 12343 0
3007 19528 0
2762 10862 0
1864 17816 0
6764 13545 0
13563 13885 0
919 7339 0
16557 17016 0
1625 18822 0
4584 7277 0
1709 4730 0
7145 8997 0
1866 2466 0
1088 1101 0
3168 8855 0
18773 19284 0
9757 10254 0
6449 17628 0
1037 3090 0
4679 14908 0
6536 10783 0
752 16852 0
1972 6970 0
10715 11695 0
4541 6677 0
11907 12094 0
5617 5919 0
4100 17321 0
12267 13645 0
4992 10319 0
2091 18345 0
6543 9995 0
5687 6510 0
4228 13050 0
7 12193 0
7846 14969 0
5471 19341 0
4466 9450 0
10651 12575 0
5004 6173 0
4172 10059 0
6413 14601 0
2802 7687 0
3485 16746 0
7373 11111 0
9952 11834 0
7124 18365 0
10625 19590 0
8473 13721 0
10072 17536 0
3656 18570 0
3006 4119 0
4781 16372 0
6330 9026 0
3869 12364 0
11872 12033 0
6211 6217 0
8122 18330 0
2229 3535 0
2613 4100 0
4120 18218 0
4784 4959 0
3092 18365 0
8707 18024 0
879 8451 0
6039 8965 0
929 6589 0
7598 9911 0
2198 8050 0
7584 11622 0
7677 9244 0
5688 17244 0
2949 5806 0
4310 17862 0
14089 18504 0
8231 8479 0
7777 11681 0
2220 16162 0
12293 15853 0
12133 19909 0
7822 12339 0
7 4929 0
8254 18669 0
235 419 0
6290 9710 0
300 2444 0
3662 6749 0
621 4434 0
2770 3386 0
5872 11390 0
2197 11241 0
2048 2316 0
946 9185 0
1160 9134 0
9004 18056 0
7193 13833 0
10475 10776 0
10390 12489 0
9680 15146 0
5902 13954 0
3433 15041 0
6759 16495 0
3522 16604 0
4176 17364 0
11949 15625 0
2897 12376 0
7092 16442 0
2157 10590 0
6238 10104 0
8658 10486 0
261 4979 0
273 12131 0
9578 9580 0
4151 11848 0
5018 9520 0
2485 4856 0
4012 10329 0
7948 10064 0
14682 14809 0
8434 19057 0
16778 19176 0
12591 18239 0
12026 13317 0
16771 19233 0
15780 17062 0
8921 9674 0
5849 16645 0
1188 5404 0
5995 19984 0
7141 8162 0
13788 13888 0
2664 12666 0
68 1902 0
12743 13253 0
7121 9271 0
502 900 0
10646 10826 0
708 6776 0
104 1225 0
10088 12654 0
5316 9068 0
16 3991 0
8094 17766 0
6250 10522 0
7091 8414 0
3809 4153 0
6974 8881 0
9235 12350 0
3818 8680 0
4333 12920 0
5044 11980 0
1710 3902 0
1811 18027 0
647 13677 0
9192 10302 0
1151 7651 0
8745 12510 0
2949 6097 0
17802 19042 0
7143 8987 0
9094 17970 0
3675 8540 0
3031 16589 0
6079 12250 0
2392 7433 0
10752 18311 0
3056 6217 0
2222 7465 0
3427 10571 0
840 12365 0
4693 17606 0
6769 14327 0
2333 7570 0
325 7047 0
7313 7942 0
1674 17872 0
2606 17379 0
6644 8585 0
12458 16432 0
703 9853 0
4704 9315 0
4402 8770 0
2443 8585 0
8484 9175 0
5051 9078 0
9383 11064 0
114 12096 0
370 2325 0
929 5224 0
10040 17077 0
7656 7705 0
11848 13891 0
12657 15403 0
7306 7938 0
1819 9623 0
6994 9030 0
11967 15318 0
8087 11538 0
9798 14218 0
5097 15696 0
5210 17962 0
3525 16079 0
236 4223 0
9977 10534 0
10891 15562 0
7736 8672 0
2308 14667 0
7187 15171 0
7612 15772 0
11103 13862 0
6617 10578 0
2456 11733 0
309 9381 0
1361 11576 0
9102 11487 0
8211 18750 0
5257 11584 0
8400 16897 0
4874 9402 0
10190 14659 0
1957 16366 0
3397 5511 0
5297 9068 0
1337 6785 0
5038 14712 0
1554 2773 0
9096 10366 0
8209 14602 0
18851 19053 0
6228 18621 0
1336 2837 0
6198 8460 0
2610 9933 0
6747 14333 0
4421 12475 0
1203 1417 0
11851 17430 0
12681 12833 0
108 7233 0
6965 10947 0
4830 11655 0
2404 9168 0
5944 18378 0
1757 12358 0
1040 16487 0
5324 12856 0
4016 14173 0
8027 18193 0
3589 15170 0
2101 6708 0
7582 8895 0
12522 17143 0
1379 19935 0
582 6539 0
7884 9522 0
6600 11079 0
9582 10567 0
9462 17171 0
5502 17890 0
8872 16989 0
4036 8429 0
9985 14686 0
5480 7816 0
2113 3567 0
5822 12610 0
3545 14026 0
2195 4360 0
15143 19448 0
6229 15710 0
323 1534 0
2726 8875 0
9840 18000 0
8494 14345 0
4065 10919 0
3162 5125 0
6096 11408 0
5156 8695 0
14009 14828 0
15509 17407 0
2300 7537 0
4033 12170 0
9567 14119 0
3201 6395 0
1261 17514 0
5761 7381 0
11473 17450 0
1020 3178 0
10255 11323 0
2574 3005 0
12141 17187 0
9571 15517 0
670 18902 0
8513 18773 0
3615 17109 0
1076 13860 0
3790 4470 0
8331 12220 0
3347 12897 0
6644 14184 0
6164 17428 0
1256 13955 0
4416 13727 0
7732 12807 0
15716 16362 0
819 19645 0
14072 15531 0
6842 18568 0
83 4208 0
5985 10691 0
2802 9274 0
3498 19285 0
5399 12350 0
792 6397 0
3460 8103 0
256 9695 0
8111 9540 0
4840 5289 0
6882 9066 0
4271 5092 0
6524 13231 0
9014 17808 0
4448 9597 0
10017 12549 0
2670 13980 0
508 19879 0
9913 10261 0
1385 12958 0
7242 7861 0
9535 11222 0
6039 12692 0
5734 6463 0
1402 8158 0
389 5027 0
11027 12207 0
1196 9280 0
6193 18833 0
10522 15157 0
3175 19419 0
8822 12117 0
12956 15919 0
5164 11623 0
2757 12308 0
6898 11679 0
4458 7129 0
10486 12015 0
7699 11906 0
2575 7451 0
10198 17727 0
1177 1881 0
2544 5587 0
5451 5467 0
14376 19465 0
5928 15968 0
4844 15877 0
3836 15542 0
3702 15023 0
8244 14305 0
676 2282 0
837 19767 0
6379 8693 0
2717 7114 0
5582 12154 0
594 10848 0
2456 11668 0
1800 8772 0
6860 10208 0
2060 2902 0
5445 8407 0
2304 6963 0
2128 19001 0
4714 6480 0
740 17686 0
11862 18643 0
348 19089 0
11634 12215 0
10208 13846 0
10060 15632 0
7353 14860 0
1076 5063 0
10140 13857 0
4562 18151 0
4316 8323 0
8912 17968 0
2948 8059 0
5710 8642 0
12441 16849 0
2868 10672 0
2064 10904 0
4613 19945 0
5612 17864 0
2414 16552 0
216 653 0
1983 11041 0
7233 7657 0
6903 7982 0
3696 7992 0
1792 12438 0
2023 12021 0
3733 5513 0
1766 16725 0
4463 4783 0
1681 10692 0
4422 15305 0
8914 11196 0
6582 9262 0
2549 2576 0
5325 11289 0
1620 7931 0
6969 7806 0
6088 13234 0
714 13896 0
7654 10918 0
9553 17556 0
8287 15586 0
33 765 0
1414 2539 0
6950 8024 0
2938 5679 0
11721 16883 0
669 5874 0
6129 16603 0
3053 5843 0
4713 8270 0
10879 16019 0
2237 4419 0
1166 16198 0
2035 18507 0
2696 5025 0
442 1197 0
4107 17222 0
1721 5160 0
5517 15060 0
519 8648 0
3676 7052 0
1722 10064 0
752 2041 0
6383 17206 0
2642 16659 0
1496 11698 0
1398 8313 0
8587 10254 0
6097 12005 0
5436 15249 0
5955 7325 0
2720 9849 0
1019 7983 0
5556 10671 0
5504 16043 0
8946 11135 0
14854 16553 0
351 7771 0
8518 18103 0
6441 15879 0
3751 9867 0
2695 3511 0
970 6587 0
3841 10435 0
6959 18131 0
7234 17501 0
8581 15275 0
3405 18480 0
6558 12302 0
12515 16134 0
9150 10895 0
7741 12072 0
1601 1759 0
2401 8522 0
25 4689 0
5785 11508 0
2496 6633 0
7444 16927 0
2340 14896 0
91 3046 0
2053 18131 0
8068 19852 0
3129 12161 0
1726 15380 0
13264 14697 0
12980 18203 0
4641 19080 0
3267 11655 0
2358 9700 0
7252 10090 0
435 7166 0
9189 10453 0
11888 18458 0
7082 9569 0
4720 18061 0
3603 17533 0
3345 9126 0
4217 8491 0
144 1582 0
11363 14390 0
254 8016 0
4743 13359 0
1992 16535 0
2001 9968 0
883 16555 0
16664 16794 0
3038 17234 0
10028 10478 0
13020 15993 0
973 7190 0
4479 9281 0
138 11077 0
173 18098 0
5760 8569 0
6312 10994 0
5329 11711 0
3006 12143 0
14467 14749 0
4894 12752 0
5412 17638 0
6175 11564 0
8822 9298 0
658 8760 0
8621 16862 0
2786 5158 0
2713 5157 0
3218 16522 0
6485 17068 0
328 13578 0
8854 11929 0
8487 11081 0
3943 7315 0
12346 17148 0
789 18006 0
11179 17548 0
5636 9088 0
3474 9425 0
6653 10754 0
3065 15268 0
1672 9573 0
2722 3396 0
1430 19460 0
13383 18602 0
2424 18668 0
2977 11020 0
37 8963 0
4337 11088 0
2360 15262 0
3971 8229 0
4073 17039 0
7854 9867 0
2221 5795 0
9825 13026 0
3039 7129 0
7863 11379 0
13892 16734 0
1835 11745 0
3913 6733 0
9344 10720 0
6155 13390 0
2266 19832 0
9314 17662 0
5374 8108 0
1858 7328 0
17533 19398 0
1914 14059 0
13966 18311 0
7788 20000 0
253 18351 0
2634 18152 0
1263 3105 0
9786 10509 0
2809 4803 0
1975 18590 0
4460 9085 0
3856 5230 0
4526 10003 0
105 9842 0
5243 9874 0
601 14567 0
12452 19364 0
4395 6026 0
2326 8788 0
5406 15198 0
11292 16036 0
5225 10117 0
19342 19361 0
2535 3319 0
4777 7949 0
6239 15062 0
7790 8668 0
10301 15128 0
7074 18840 0
2549 12292 0
11596 11805 0
16230 19626 0
3421 7098 0
2459 3499 0
10524 18589 0
421 12598 0
406 6855 0
9678 10237 0
9587 10421 0
11867 19339 0
2140 5758 0
12080 18663 0
6759 11615 0
7633 11117 0
8340 11463 0
15817 19373 0
6259 11756 0
1490 11743 0
13661 14738 0
654 14506 0
2680 9546 0
11895 19702 0
1328 4243 0
1896 4226 0
4637 10335 0
3706 11014 0
2278 6432 0
302 12012 0
1221 9334 0
4844 7148 0
5572 12482 0
10576 17350 0
4115 5147 0
4083 5201 0
5633 6255 0
4249 8051 0
2186 11449 0
6205 9459 0
151 348 0
1850 3728 0
1840 5047 0
8306 19225 0
3339 3569 0
842 8596 0
1006 14331 0
17109 18223 0
11817 12402 0
9673 11374 0
4351 14168 0
615 3681 0
2607 6508 0
11783 19867 0
8818 17708 0
9338 9675 0
6832 17917 0
2984 8612 0
7976 12773 0
453 7555 0
3089 9452 0
11833 13707 0
9719 12571 0
12153 12329 0
6079 6842 0
4677 19572 0
4530 15399 0
745 12277 0
2451 11293 0
6356 13892 0
433 5346 0
9601 16906 0
14529 16495 0
6401 9390 0
5318 10694 0
9618 17669 0
2824 8990 0
3822 9150 0
7080 15594 0
3850 11302 0
7466 7479 0
7948 10354 0
1769 7564 0
4506 5707 0
3860 17274 0
832 17072 0
540 9573 0
15621 16317 0
217 11811 0
10757 19023 0
1099 3802 0
381 3354 0
7583 19962 0
6323 7138 0
8848 17214 0
12910 19074 0
11103 13811 0
11649 15713 0
8127 12747 0
8775 9078 0
10289 14661 0
7199 18924 0
6865 13080 0
3777 18090 0
5263 15203 0
4042 15600 0
5729 12213 0
2893 18363 0
4 4241 0
4933 7195 0
2644 6606 0
10720 12738 0
7634 11515 0
11267 13702 0
1864 2993 0
7614 15849 0
8414 10441 0
11215 13494 0
3608 12082 0
537 7852 0
8048 13762 0
7171 17055 0
2374 17756 0
3252 14967 0
7804 11391 0
3592 8804 0
717 15555 0
3369 9149 0
8912 12288 0
10107 17944 0
10365 10597 0
3828 10735 0
12645 18332 0
1025 6914 0
14683 15849 0
2803 9727 0
12927 15836 0
2857 6754 0
4618 6301 0
8658 9870 0
130 4008 0
7785 9904 0
2186 7278 0
3460 5879 0
2532 3162 0
6014 11358 0
7252 17775 0
4730 8406 0
2666 6779 0
1239 7146 0
6946 10711 0
6647 12505 0
1754 12275 0
6464 6486 0
635 7435 0
4392 10622 0
10135 11756 0
5802 7327 0
8650 9743 0
10837 18796 0
2223 12263 0
4657 12439 0
4520 8375 0
3648 10287 0
10228 10462 0
2802 11982 0
2955 14523 0
6373 10138 0
11861 18451 0
7672 19882 0
7326 9248 0
1161 17653 0
4075 14586 0
2314 5359 0
8998 12557 0
4265 6544 0
8783 16807 0
3955 16802 0
5197 13511 0
17632 19616 0
3121 9721 0
552 858 0
3352 19830 0
3741 18498 0
3779 19307 0
8614 10890 0
3016 5639 0
7341 19257 0
5094 12171 0
834 5610 0
243 15508 0
533 813 0
1914 18950 0
12676 18143 0
1494 16812 0
3911 8378 0
15161 18865 0
3044 3329 0
17254 17928 0
11360 11537 0
2524 9761 0
85 5866 0
9656 12418 0
333 3636 0
6890 15324 0
12503 13129 0
599 8254 0
3352 8069 0
2609 19555 0
6543 17669 0
8499 17335 0
2062 4518 0
2655 15253 0
866 4776 0
92 6573 0
6824 19917 0
11637 11745 0
7643 19797 0
3887 5169 0
8838 13222 0
4664 13357 0
390 2734 0
6859 19729 0
799 10410 0
9939 15870 0
468 1232 0
2755 14376 0
5692 9181 0
8604 9548 0
4578 7213 0
12402 18410 0
14788 16614 0
10375 11472 0
2408 5946 0
7659 14162 0
2064 9946 0
2260 6937 0
4836 10279 0
2075 9217 0
4132 5059 0
1528 19360 0
6227 19524 0
2726 3616 0
10058 14629 0
1671 8446 0
8357 10738 0
12541 15500 0
12197 18475 0
2264 5355 0
1353 6189 0
13287 17614 0
14129 18056 0
193 18366 0
4739 14752 0
15502 17032 0
3045 6962 0
1007 9945 0
7883 10946 0
4956 11582 0
3854 14152 0
10432 17035 0
2762 11830 0
12359 19177 0
4753 19128 0
5511 7889 0
5286 13029 0
47 8471 0
6697 7024 0
8100 16982 0
2044 4865 0
1988 12357 0
74 14829 0
709 9916 0
7007 9155 0
6722 15142 0
2474 12646 0
5384 5715 0
3353 9201 0
4871 16842 0
8907 15911 0
8258 9172 0
3860 13966 0
11335 15562 0
3353 4402 0
2018 4029 0
535 13025 0
1471 19287 0
5244 8813 0
11115 17882 0
3180 9806 0
2797 15363 0
13085 19389 0
2334 6807 0
9020 11002 0
6237 18285 0
7302 11047 0
5919 8191 0
8496 10890 0
924 10104 0
5760 6895 0
9691 16274 0
9361 15203 0
512 828 0
1211 16435 0
620 3461 0
4616 7147 0
1022 11315 0
9992 13135 0
3478 4546 0
2341 14462 0
10697 16916 0
849 11881 0
10345 16871 0
2072 19772 0
6648 12026 0
2054 4734 0
15248 19637 0
2346 13768 0
864 4797 0
8914 19696 0
4331 11709 0
7642 14547 0
15157 19542 0
7754 8539 0
7828 8048 0
1011 3391 0
1644 2526 0
3462 9362 0
8794 15120 0
2169 14646 0
4367 17690 0
12119 14707 0
10887 13664 0
7471 11395 0
11926 18593 0
5492 17174 0
9179 12012 0
6908 10894 0
882 18509 0
834 4193 0
9909 10918 0
1187 1439 0
8524 18853 0
2340 10083 0
376 9303 0
9451 13697 0
10691 15479 0
6496 19106 0
9067 15942 0
4795 5912 0
11048 16129 0
7394 9824 0
4311 6009 0
5871 16887 0
10261 17527 0
2707 3074 0
11639 12131 0
6198 12319 0
5716 11933 0
10094 13531 0
6113 11099 0
1114 5808 0
7602 15635 0
7299 12488 0
3665 11572 0
7218 7844 0
146 17828 0
5269 15478 0
7332 17950 0
7381 10448 0
2292 6207 0
2845 15994 0
18915 19457 0
10218 16125 0
9241 11696 0
2945 10042 0
2422 4030 0
2279 10243 0
5062 5953 0
2398 12584 0
3696 7123 0
2865 12489 0
256 12220 0
9328 14102 0
1937 5998 0
5134 14809 0
2116 15247 0
12018 19705 0
5996 19530 0
2108 18273 0
53 12072 0
734 800 0
9334 11838 0
5274 7985 0
10562 16707 0
3330 18993 0
8880 9083 0
2497 6974 0
3824 5355 0
1714 6497 0
2870 11727 0
7888 14744 0
2696 5829 0
3695 17185 0
3941 9420 0
3129 10074 0
3463 6466 0
12454 14446 0
4962 5277 0
6732 14018 0
9017 9667 0
7898 17814 0
883 5832 0
9107 17267 0
10736 12452 0
4310 13724 0
6392 7964 0
9909 12919 0
4482 13342 0
12394 19740 0
173 15370 0
10645 15669 0
4559 10208 0
5176 12163 0
8091 9336 0
6200 7642 0
7617 15403 0
7205 10779 0
5723 8634 0
2503 3144 0
1643 4124 0
7500 8341 0
1388 9377 0
7821 7940 0
6885 12520 0
4238 4928 0
6083 6883 0
19699 19825 0
8653 11168 0
661 17055 0
3798 18874 0
8986 9630 0
6104 11933 0
4590 11219 0
7146 18256 0
5279 16507 0
438 6044 0
8804 10239 0
1323 4356 0
837 15826 0
4006 12334 0
6764 11036 0
5416 8343 0
2259 12076 0
833 19141 0
3075 11515 0
8071 10608 0
8498 18189 0
1164 2029 0
3650 6673 0
6515 17844 0
11182 15960 0
8292 19380 0
3570 5315 0
1654 12069 0
2087 5913 0
3741 11798 0
7919 12101 0
730 5319 0
5287 18037 0
300 6412 0
6094 8428 0
4808 13343 0
753 8919 0
1511 7502 0
6121 8238 0
1945 6565 0
2048 10323 0
9781 18050 0
7216 15562 0
8684 11460 0
8138 9630 0
403 6906 0
3223 14585 0
2097 19707 0
8704 12057 0
11671 16013 0
4007 7296 0
1955 17375 0
9546 11336 0
10147 12040 0
11526 13063 0
7941 14425 0
7120 12081 0
16857 19670 0
1687 14745 0
1697 3405 0
829 2070 0
561 10766 0
890 5028 0
1770 9079 0
9657 11264 0
16645 19429 0
13 9785 0
4595 4786 0
15441 16493 0
8524 17487 0
8060 11320 0
3795 19413 0
3184 11265 0
8353 14977 0
2220 17803 0
7261 12121 0
1696 9697 0
1360 2076 0
18611 18795 0
5817 13799 0
4625 6217 0
598 11698 0
3516 7513 0
11910 14636 0
493 1182 0
12572 14600 0
8 4324 0
3663 11883 0
2802 9809 0
2913 9355 0
4424 12072 0
3057 9015 0
3121 15357 0
15097 17145 0
3884 4835 0
7987 8245 0
12008 18324 0
950 8586 0
10742 16353 0
2385 8375 0
9728 11994 0
1167 15031 0
5259 10859 0
698 15966 0
2806 16000 0
1593 11320 0
11791 17004 0
8052 9743 0
1106 12748 0
2314 4039 0
8808 11338 0
3149 18445 0
9983 10913 0
5954 15024 0
7066 10256 0
15298 19431 0
784 4602 0
7322 17993 0
5478 7627 0
4435 6635 0
1742 1948 0
9675 12390 0
4694 7936 0
2562 4774 0
4717 13570 0
8814 11100 0
5693 7976 0
10133 12000 0
5392 16949 0
573 13697 0
3176 6790 0
6900 9789 0
7696 9356 0
6921 12591 0
11480 14950 0
8020 8026 0
859 2597 0
1321 2431 0
904 4507 0
5659 9658 0
3745 4960 0
421 2807 0
3053 13758 0
11627 16046 0
12322 16618 0
359 7771 0
17217 18212 0
356 3456 0
2609 7422 0
2671 8344 0
16763 17698 0
7863 8239 0
10736 12488 0
9699 10615 0
545 2305 0
12800 19725 0
3558 9552 0
376 15600 0
11307 13016 0
3992 13423 0
1854 18646 0
2020 8188 0
2088 12644 0
3415 10922 0
541 935 0
8468 9115 0
2178 13387 0
3763 4759 0
1501 10452 0
5491 10290 0
2145 5745 0
4991 8592 0
1453 12509 0
3662 17568 0
4092 14095 0
4098 8156 0
2157 9138 0
2071 11617 0
5140 9297 0
1971 6228 0
688 11242 0
974 10468 0
1524 4890 0
6449 18597 0
8109 13887 0
14745 19440 0
2859 7849 0
2955 11854 0
3591 10138 0
3071 10061 0
1179 10283 0
1379 6172 0
17029 18565 0
7520 11465 0
3400 17704 0
12445 18425 0
5675 7335 0
2119 15463 0
8728 11113 0
9831 18661 0
5694 16618 0
5429 12434 0
8952 18064 0
12028 13266 0
1572 11607 0
9921 10371 0
573 7252 0
3128 6611 0
13824 19383 0
14528 17524 0
330 6498 0
5726 9329 0
11314 17785 0
7270 13725 0
4470 15279 0
724 4343 0
242 10547 0
1719 9128 0
7598 12159 0
2211 19144 0
5474 10994 0
7292 11259 0
5895 19975 0
2190 4752 0
6717 11688 0
3202 10102 0
14628 16310 0
161 528 0
2520 5454 0
299 6374 0
973 3535 0
3472 19651 0
6888 16732 0
1041 1663 0
2315 4024 0
3218 8864 0
509 11091 0
1468 15046 0
2325 6952 0
2912 9916 0
4728 6268 0
4866 5524 0
11180 16045 0
6075 12707 0
7306 12248 0
3682 8695 0
8161 9858 0
10907 17963 0
6081 7076 0
17482 19984 0
8016 19995 0
1448 5115 0
11942 14631 0
196 899 0
6369 11965 0
1229 1526 0
5832 6654 0
3433 18596 0
1085 8396 0
16849 19650 0
10414 19506 0
3561 14002 0
366 5518 0
3405 16180 0
2636 5724 0
1158 10776 0
3228 18952 0
2081 11804 0
11 11072 0
3253 4880 0
4639 15920 0
3925 19230 0
17015 18434 0
1185 14685 0
6103 9236 0
6432 12882 0
965 11418 0
7605 19617 0
2390 9617 0
1596 10955 0
8083 11800 0
8913 19530 0
1696 10095 0
2619 7750 0
5379 14985 0
2682 3555 0
5463 12475 0
2453 6936 0
3016 5606 0
140 4956 0
10835 14988 0
2108 17822 0
1331 9997 0
735 18379 0
203 1783 0
4740 7537 0
6680 11705 0
5683 12575 0
7145 12642 0
6602 18500 0
1740 2368 0
7793 8989 0
1237 11217 0
9815 18074 0
851 3728 0
11121 11771 0
427 7065 0
12118 18934 0
666 12168 0
1636 11061 0
10013 15251 0
12505 16309 0
3577 18174 0
3051 7895 0
7054 9291 0
2138 5035 0
4712 11143 0
4092 4285 0
5867 18530 0
15729 18285 0
14747 15616 0
1868 7805 0
5876 6566 0
18287 19864 0
5749 15537 0
12305 18959 0
10345 11558 0
5608 8295 0
10397 15778 0
7091 8986 0
2292 14885 0
299 5370 0
7991 11774 0
8163 8699 0
10157 11127 0
4430 16998 0
13612 13863 0
2850 8541 0
10523 16712 0
7878 13286 0
12629 17366 0
14081 14656 0
3769 12038 0
5800 19027 0
355 9190 0
8146 9535 0
6596 11397 0
489 3654 0
1655 2179 0
9647 12268 0
1339 5459 0
7005 16791 0
7703 8023 0
17546 18149 0
9270 16389 0
18939 19392 0
6732 11078 0
3044 12599 0
8611 9502 0
9207 16889 0
8587 19465 0
7124 12666 0
1008 2427 0
8389 8829 0
4938 11128 0
2305 18769 0
1046 18482 0
1819 14659 0
2248 7138 0
1315 1686 0
2297 17518 0
7918 8900 0
592 2986 0
277 9467 0
3272 3917 0
6939 8051 0
1077 18507 0
7545 17195 0
4517 10234 0
3583 4863 0
2383 11004 0
1818 6665 0
105 8588 0
6538 6599 0
9019 19244 0
1445 10584 0
12708 16320 0
2048 12820 0
12160 12292 0
8793 8933 0
563 6375 0
7767 15487 0
7372 7426 0
5474 11090 0
6341 15775 0
5292 14392 0
5039 5990 0
249 18037 0
11520 17523 0
15458 19212 0
593 13269 0
6615 16578 0
5405 8917 0
6768 18415 0
486 7720 0
4482 12867 0
6640 16320 0
1048 12655 0
17965 19153 0
5936 18893 0
1197 1743 0
3375 3877 0
3922 5840 0
510 5811 0
3155 4942 0
586 8617 0
2077 3913 0
5068 6307 0
8227 19566 0
9333 11134 0
707 11289 0
9139 10002 0
197 6195 0
7426 10656 0
5858 11341 0
4164 9404 0
7907 10561 0
11177 16292 0
2859 10883 0
1898 19301 0
3244 11831 0
7074 8865 0
2308 9381 0
12133 15930 0
5838 10164 0
71 586 0
240 16122 0
17461 19562 0
8432 12705 0
1078 12593 0
12172 13526 0
14991 17358 0
97 477 0
6776 15416 0
5433 18308 0
92 4202 0
5947 9849 0
4982 19718 0
812 4416 0
8449 12456 0
3605 7440 0
4181 12580 0
8331 10127 0
8007 13516 0
3401 9395 0
5466 6746 0
8747 17291 0
719 4484 0
2239 8265 0
4842 15666 0
1722 7733 0
1620 2594 0
1975 11970 0
1893 7257 0
82 6335 0
3808 6507 0
7125 14051 0
7358 15820 0
4874 12256 0
1962 15670 0
7755 17518 0
588 3167 0
3139 5736 0
8637 18597 0
3529 7676 0
7384 18586 0
108 18772 0
174 2162 0
9472 13102 0
6512 9211 0
55 16704 0
4386 17861 0
281 10981 0
18975 19173 0
794 12132 0
5043 5299 0
551 3615 0
5133 7679 0
669 4197 0
658 3513 0
2745 17339 0
2409 18024 0
195 1521 0
1014 13485 0
11743 11925 0
5622 6923 0
17211 18851 0
9909 14440 0
1782 18847 0
5066 9310 0
4410 18584 0
11908 19971 0
11262 14888 0
795 15868 0
1402 3265 0
4021 7096 0
11347 14272 0
4020 8965 0
8808 9921 0
991 1089 0
1953 10027 0
12585 15159 0
4415 6953 0
145 2427 0
3354 6948 0
6862 17704 0
7362 13286 0
9849 17383 0
7439 9384 0
5945 6641 0
7704 9533 0
13755 18351 0
11315 13906 0
589 6591 0
15665 18414 0
7218 12004 0
16465 18565 0
309 1907 0
5378 18801 0
4061 6040 0
15122 17254 0
4189 10000 0
1858 8412 0
2421 18974 0
5786 8767 0
7427 12132 0
25 9368 0
7999 8704 0
2445 12154 0
6600 11039 0
3595 4941 0
16777 19453 0
3185 4384 0
7823 14570 0
1339 5733 0
7755 14061 0
1049 12363 0
5181 10768 0
297 17647 0
1559 10568 0
6623 9390 0
350 7280 0
9362 19037 0
777 15396 0
11539 12393 0
1295 6621 0
1462 3098 0
1831 5417 0
5650 5932 0
3704 19933 0
1958 12359 0
3732 12703 0
1459 11278 0
2408 14606 0
10440 12074 0
9216 16902 0
148 13887 0
134 1177 0
5186 8651 0
4897 7958 0
1988 14174 0
4309 15558 0
218 4401 0
8360 10827 0
2369 4987 0
1163 5679 0
1383 18806 0
979 13397 0
2556 8820 0
3339 5055 0
4345 18485 0
2031 4631 0
665 4625 0
4636 6012 0
6378 8291 0
4613 18931 0
8795 10974 0
12888 16923 0
2764 13948 0
4757 12058 0
8636 15472 0
3348 15093 0
6023 18470 0
2889 5934 0
2620 4339 0
385 2406 0
1070 16668 0
1956 18490 0
4485 10893 0
3393 16763 0
187 3060 0
3192 9084 0
995 11167 0
6170 7898 0
817 9717 0
4837 7744 0
10137 11988 0
4121 16904 0
5529 15974 0
9237 10955 0
85 428 0
863 19279 0
408 5682 0
5631 12370 0
3313 12124 0
4789 16787 0
3136 10930 0
3323 5294 0
9234 14283 0
7909 19355 0
478 840 0
10363 11961 0
1283 14877 0
8568 12458 0
3311 7717 0
11018 17879 0
2401 8963 0
1767 4150 0
688 6042 0
3772 7777 0
13828 15539 0
5066 7124 0
6888 12590 0
1671 7696 0
5821 16491 0
8121 12060 0
5681 11382 0
10405 11480 0
1818 6377 0
19482 19859 0
454 1347 0
1359 19533 0
7511 11329 0
1324 11499 0
8024 16020 0
6586 12265 0
3559 19213 0
14491 14787 0
1023 9117 0
2939 8388 0
4311 14414 0
3229 11446 0
16268 18429 0
7483 12388 0
6706 19047 0
4778 6552 0
6112 13056 0
10301 13523 0
1479 8024 0
2970 10592 0
1071 17504 0
1047 18315 0
8767 10788 0
2081 8039 0
15058 19954 0
15101 16196 0
3804 4664 0
9642 10193 0
8217 14004 0
6821 16375 0
7205 9148 0
4165 12027 0
2108 2524 0
4482 19165 0
2515 7395 0
5364 15474 0
8767 13173 0
79 10763 0
7783 10300 0
4302 9388 0
230 6215 0
12149 13927 0
12640 16308 0
4834 7146 0
2457 6873 0
8788 11676 0
2920 6289 0
8128 8392 0
5816 6651 0
7293 13481 0
1159 18232 0
5946 6946 0
1290 4464 0
3366 9382 0
5159 18797 0
16560 19014 0
2073 11327 0
5667 19565 0
10384 12726 0
2565 10402 0
2190 7371 0
3530 11221 0
2988 8856 0
8937 9808 0
2867 5147 0
2649 5743 0
9527 14979 0
1297 2827 0
2867 13231 0
113 8263 0
9369 17246 0
3406 11343 0
4888 8876 0
1942 18088 0
1959 17475 0
9139 17207 0
3187 11119 0
3110 4322 0
1126 10649 0
7936 15827 0
3038 4205 0
3222 3692 0
3461 8353 0
1575 3965 0
5955 18632 0
2543 14638 0
5708 13183 0
8677 12583 0
5309 5652 0
994 11811 0
16741 18585 0
13 1195 0
7782 9318 0
2209 10440 0
9332 14424 0
9618 17317 0
7267 8230 0
10019 19508 0
4175 16469 0
302 9545 0
38 17264 0
5024 19132 0
3328 8594 0
2683 11402 0
6894 15986 0
2355 18003 0
474 6026 0
7026 12381 0
8431 11977 0
8660 17585 0
1889 7882 0
3499 11193 0
5886 15626 0
4188 5224 0
947 9376 0
5170 19040 0
12440 13418 0
5061 16463 0
5871 16506 0
6986 9053 0
1875 3838 0
987 5734 0
11174 11959 0
11630 18402 0
5770 8155 0
2138 7455 0
11194 18914 0
7291 7872 0
10038 15060 0
6841 7379 0
3547 3864 0
1438 18202 0
5366 10970 0
9308 10505 0
271 2819 0
4085 14782 0
5685 11662 0
4856 9373 0
299 7867 0
445 3421 0
5084 7799 0
4724 6580 0
15012 18969 0
1420 7825 0
3360 9933 0
2131 7769 0
7127 11342 0
8543 14759 0
7764 12587 0
2503 3209 0
6638 11326 0
1723 10893 0
2269 13402 0
12 14135 0
5819 11494 0
1386 14148 0
7917 10134 0
3408 16576 0
4232 4680 0
988 16842 0
5668 7470 0
381 9258 0
555 9502 0
2652 10788 0
17867 18885 0
3984 11302 0
15376 17224 0
4028 5003 0
162 2251 0
1620 14422 0
9445 11304 0
5814 8309 0
936 19884 0
12544 17233 0
7366 7822 0
5219 9367 0
5182 6489 0
6615 14467 0
3794 4940 0
4838 5147 0
616 11002 0
2012 7671 0
7436 16234 0
12183 13208 0
10744 11947 0
17044 19670 0
9106 12313 0
3667 19518 0
6139 8588 0
10969 12787 0
5484 16543 0
9490 18149 0
3441 19726 0
3437 13978 0
9313 10051 0
5894 12518 0
5337 11229 0
5500 6703 0
7259 9513 0
6160 12817 0
16036 18359 0
2007 10956 0
535 8963 0
5030 19548 0
6786 8218 0
11143 12153 0
7506 16672 0
12098 13019 0
7269 14626 0
7508 9850 0
16574 19167 0
12037 19388 0
5380 12295 0
7240 7828 0
7394 15652 0
5091 16441 0
10917 15568 0
7097 7262 0
448 13019 0
11244 16143 0
12843 12967 0
3571 6203 0
4012 5151 0
3002 10451 0
4053 16380 0
1444 1579 0
7364 17057 0
2045 6914 0
1342 5220 0
264 10239 0
6932 19459 0
6897 16208 0
6453 17627 0
3292 8872 0
3699 19802 0
5294 9872 0
1924 5990 0
9120 15446 0
6512 17991 0
3129 17646 0
8566 11720 0
1182 11946 0
14484 17484 0
1130 8126 0
1072 13770 0
13261 15773 0
6529 13114 0
1653 6554 0
6885 9255 0
3893 4822 0
11088 11457 0
14547 15224 0
240 9075 0
1728 1782 0
5385 6794 0
3245 11965 0
3258 5233 0
2069 13254 0
8191 9519 0
290 4727 0
7660 8168 0
4569 5551 0
7432 12040 0
5928 8191 0
3388 11630 0
4101 16710 0
1496 19278 0
5006 15284 0
3026 11147 0
3475 4509 0
8613 18332 0
5511 17679 0
2379 2479 0
1264 1529 0
5075 8664 0
6789 9391 0
9175 11960 0
4308 14443 0
7401 9613 0
5801 14015 0
3767 13139 0
2522 9962 0
5412 8490 0
10094 12947 0
10691 12566 0
58 6539 0
16516 19803 0
14221 18624 0
1947 8943 0
16546 17709 0
3705 4610 0
11173 17043 0
11729 17883 0
1220 11468 0
164 4938 0
922 19961 0
8108 9887 0
2214 11089 0
3718 8384 0
4784 9562 0
7727 11303 0
8020 12702 0
7589 14700 0
4878 7422 0
7953 18443 0
8929 15662 0
731 5569 0
5549 8282 0
13360 13978 0
5154 6232 0
605 7034 0
3888 12407 0
1511 16358 0
395 6904 0
7980 10340 0
4402 4427 0
1784 9405 0
376 5825 0
6940 18198 0
1803 6186 0
4730 13686 0
1297 5686 0
4592 9663 0
8721 9772 0
2035 16663 0
8022 17351 0
1098 7432 0
9059 14274 0
1253 17005 0
4769 4809 0
2574 12924 0
916 9125 0
3505 16997 0
1624 2785 0
6043 8043 0
3111 12161 0
3933 4520 0
10209 11641 0
1959 4012 0
1085 13825 0
7323 9680 0
1576 12530 0
7083 13524 0
12591 19454 0
3730 13317 0
1856 4009 0
12119 20000 0
7330 12509 0
5272 11392 0
4597 4894 0
3131 13521 0
9072 11507 0
3445 5638 0
2275 12867 0
4 6308 0
4509 11276 0
3186 3452 0
782 14564 0
3140 17400 0
3974 4663 0
7303 10359 0
5133 6133 0
4444 8378 0
2715 6291 0
3087 11821 0
571 3947 0
2382 17972 0
3777 15496 0
9361 17986 0
2001 5275 0
6057 10246 0
8035 13018 0
6584 7098 0
3142 10939 0
10037 16663 0
3770 4925 0
1964 3260 0
13397 16416 0
9850 10699 0
2527 9640 0
2828 14869 0
9173 14462 0
9928 10018 0
12138 12878 0
3743 8237 0
5218 6218 0
9845 10963 0
901 8053 0
4426 12558 0
2546 19993 0
5821 11632 0
1273 15458 0
9023 12434 0
673 10399 0
8069 8482 0
7034 11374 0
3850 9181 0
8503 14179 0
278 17134 0
2562 3374 0
4879 10680 0
8494 12310 0
6089 9225 0
7599 11826 0
4556 10835 0
1981 3729 0
17692 19011 0
12147 12342 0
19163 19554 0
8589 17721 0
881 11816 0
11945 12107 0
2656 7951 0
6819 16214 0
8382 11889 0
9509 18958 0
5411 6945 0
11149 11881 0
3428 6794 0
2167 15770 0
1991 5761 0
579 8008 0
3699 6352 0
1495 7752 0
3140 10055 0
2759 15102 0
3880 6358 0
2107 16079 0
8022 10402 0
3639 9659 0
7755 15521 0
2294 12905 0
14444 14965 0
14234 17064 0
3046 3509 0
7150 10046 0
10218 15464 0
10600 12792 0
3128 18273 0
15832 19687 0
4453 18324 0
139 2386 0
12494 14085 0
17896 19232 0
3589 9822 0
4519 10334 0
1054 7356 0
1150 4181 0
5109 8652 0
8098 10694 0
8047 8362 0
13058 16845 0
3325 19169 0
207 7681 0
4122 12230 0
70 516 0
11781 19108 0
4810 12294 0
1873 2794 0
476 9492 0
1816 14520 0
7321 8985 0
2469 6261 0
10978 16016 0
6653 13028 0
1831 16863 0
8426 12383 0
3877 4887 0
3807 11532 0
9325 10508 0
2 11574 0
4946 16779 0
2565 18390 0
7589 18038 0
4918 15294 0
804 4990 0
4965 11929 0
977 5286 0
3270 10181 0
7646 7900 0
7807 11940 0
7539 16651 0
11927 12692 0
4326 7692 0
6704 18058 0
9264 9420 0
5174 7500 0
7469 8749 0
12324 18538 0
5341 12323 0
17173 18986 0
6519 7174 0
7620 15466 0
10320 15783 0
2268 7825 0
1063 9124 0
11915 18013 0
10749 12179 0
1000 7862 0
6989 19846 0
6170 8976 0
3961 12703 0
14141 16640 0
11402 11638 0
5536 18498 0
4228 5786 0
7140 15542 0
13077 16909 0
4810 12565 0
5493 18939 0
8586 12055 0
2855 3423 0
4977 10588 0
9054 19037 0
2342 3292 0
6723 11960 0
1372 11200 0
292 11241 0
17986 19048 0
16099 16141 0
9375 14521 0
14574 17672 0
7910 14817 0
5087 11441 0
6264 15961 0
4066 18560 0
15376 17239 0
1413 16070 0
2070 16094 0
2604 3028 0
4938 16559 0
3167 9871 0
17567 18320 0
5824 7997 0
3644 6157 0
3350 17746 0
11476 16860 0
5104 10520 0
3031 3439 0
5235 11636 0
6029 14072 0
4093 12433 0
2738 18029 0
15199 16730 0
1594 8706 0
701 9729 0
3134 12642 0
11001 11602 0
1421 15287 0
6044 11402 0
8557 11660 0
9606 11750 0
2008 6001 0
891 1591 0
17367 17791 0
5363 14741 0
3861 7909 0
13640 13867 0
2785 9830 0
6749 16531 0
6216 14494 0
15300 18674 0
4602 17663 0
4415 10129 0
6928 6954 0
4927 8009 0
9236 10182 0
1256 1808 0
2259 16848 0
3017 6606 0
343 13089 0
926 7157 0
4303 17090 0
6316 10630 0
10645 12269 0
8579 11086 0
2801 6401 0
4394 6749 0
614 19678 0
2376 17496 0
1975 18747 0
4476 8039 0
7187 11354 0
12118 18616 0
366 6386 0
762 7547 0
7382 9622 0
595 3765 0
3151 19355 0
2698 10752 0
8158 12719 0
3663 11085 0
1027 1788 0
421 14701 0
6872 15080 0
5340 13181 0
5400 8979 0
8407 18306 0
7177 8776 0
3190 5686 0
6535 13366 0
5232 15645 0
540 15508 0
9334 14223 0
5706 6330 0
104 12756 0
33 6761 0
11707 12181 0
11236 17353 0
163 11699 0
1146 7124 0
4368 11595 0
10238 17928 0
10619 11596 0
23 10001 0
1155 13619 0
7388 9056 0
6454 17672 0
4393 14653 0
12521 16707 0
6293 11691 0
1987 7333 0
634 14783 0
6455 7063 0
6277 7288 0
13413 15599 0
13978 17363 0
3526 8609 0
5450 8248 0
6151 10632 0
156 11731 0
3914 9022 0
7065 7205 0
4773 10083 0
10558 12849 0
3585 14108 0
5518 17295 0
3793 7644 0
2499 11766 0
2113 2420 0
5770 13476 0
810 18945 0
1299 16426 0
4780 14961 0
11774 18050 0
4327 11081 0
1520 11160 0
7975 12669 0
7152 15183 0
5802 11297 0
14510 17562 0
607 2968 0
14275 14712 0
370 7449 0
12264 13058 0
6860 10969 0
2083 3358 0
4914 12361 0
14309 19674 0
1631 8157 0
9371 13252 0
5970 17114 0
1607 14699 0
394 2015 0
8455 17308 0
1126 12067 0
317 7670 0
4430 5997 0
810 3697 0
2428 17415 0
2869 7705 0
2944 13056 0
4962 14228 0
15624 19133 0
2825 3849 0
4907 11769 0
10019 13693 0
864 11168 0
1589 6777 0
5683 17060 0
12029 15947 0
1224 13176 0
9512 10119 0
4648 15456 0
248 18820 0
11470 11878 0
5447 10395 0
15252 15758 0
8940 18591 0
492 12125 0
10239 10425 0
2881 2997 0
4186 14984 0
8789 11226 0
964 6263 0
2648 9048 0
9778 9853 0
6304 9521 0
2532 9113 0
9485 12210 0
9519 11152 0
1002 11477 0
3373 8668 0
2519 15704 0
1670 3068 0
2398 16105 0
4722 12252 0
4958 10676 0
15397 17985 0
8080 11174 0
6768 10026 0
1847 11930 0
8625 15526 0
252 2943 0
3058 9450 0
738 5245 0
7510 11502 0
523 2552 0
6025 11735 0
2333 3433 0
2979 14872 0
3722 7411 0
10049 12117 0
9650 16229 0
2839 9588 0
6225 8518 0
3073 5130 0
1675 19058 0
1178 11015 0
9707 14675 0
6866 12763 0
153 7440 0
6603 9951 0
1928 7353 0
10493 11724 0
4350 8488 0
6867 7042 0
8939 14754 0
12269 16067 0
3451 5866 0
3062 19324 0
4377 7096 0
456 19365 0
4808 17801 0
6623 15021 0
1181 9470 0
11833 16886 0
6048 16796 0
5730 8336 0
14986 19182 0
3017 11612 0
6262 15770 0
4420 8302 0
11239 19824 0
1947 7327 0
6541 12111 0
4400 10474 0
1792 12646 0
3898 6119 0
9846 14074 0
1727 6969 0
5426 13376 0
104 2619 0
2438 5618 0
5092 8919 0
15379 16502 0
9062 11755 0
5297 14482 0
6504 16519 0
5941 13254 0
3866 13214 0
6511 12847 0
2864 5876 0
9114 19514 0
4584 18109 0
10982 18193 0
1654 2352 0
7127 11275 0
7147 10206 0
3471 14383 0
103 5982 0
2402 8626 0
10181 12586 0
1724 19715 0
6669 10721 0
9263 12008 0
2474 3067 0
6682 17455 0
9352 13479 0
2420 3847 0
3626 12594 0
3278 5147 0
1569 9429 0
9478 16773 0
4283 12964 0
726 15064 0
4058 14231 0
1248 18967 0
918 8776 0
14960 18485 0
1049 16277 0
909 16800 0
8036 18721 0
9421 16273 0
979 15017 0
12468 19879 0
719 8245 0
9553 11091 0
12662 14897 0
10281 16101 0
863 10024 0
4251 19468 0
7419 12899 0
4371 16450 0
2974 11681 0
572 10585 0
6737 8671 0
2518 11943 0
9026 12724 0
2546 6953 0
7450 12400 0
9915 14714 0
3818 8243 0
10320 18328 0
4569 19776 0
1896 19235 0
823 7627 0
287 12139 0
8108 12065 0
7060 7159 0
659 18973 0
2525 11249 0
5260 7880 0
4706 8932 0
235 2382 0
6340 9151 0
9119 18587 0
328 2241 0
139 16510 0
7245 16937 0
287 4495 0
6067 15693 0
8079 10333 0
4384 4918 0
2125 18193 0
796 2688 0
2388 16992 0
13556 17564 0
958 16603 0
2801 16696 0
10058 11395 0
3351 13021 0
5387 5792 0
7195 9499 0
456 6173 0
143 4382 0
956 5799 0
15130 15478 0
1522 3896 0
6027 11872 0
1364 14620 0
1259 8731 0
40 1378 0
10758 11639 0
9644 18835 0
4676 9474 0
6991 12291 0
8794 8820 0
692 1194 0
10228 16232 0
6473 8361 0
9550 17408 0
2985 16241 0
2850 8855 0
3871 14073 0
1772 5535 0
1595 8041 0
511 7370 0
9415 18313 0
4301 18661 0
9407 17992 0
3426 5657 0
10524 12141 0
5513 19177 0
8474 17432 0
14089 15540 0
8944 8994 0
1882 8575 0
2486 4830 0
3025 11594 0
8545 17622 0
376 13467 0
8304 15433 0
1466 4300 0
3941 9123 0
7763 11486 0
11291 15605 0
12792 13618 0
10992 12705 0
381 17155 0
7410 7446 0
3770 14652 0
2705 6066 0
11040 19564 0
513 6700 0
13012 17604 0
305 19959 0
912 5686 0
4902 8617 0
3419 16065 0
6743 18203 0
6640 12746 0
2446 6028 0
11118 13733 0
2348 13824 0
3407 10984 0
2659 6620 0
15174 15427 0
6348 17657 0
7143 12002 0
7837 8972 0
4569 10227 0
9800 18915 0
4370 15823 0
15155 19060 0
1130 2050 0
459 10434 0
250 18481 0
2087 4321 0
11566 13256 0
463 11721 0
11775 17880 0
9183 9913 0
8088 10301 0
9048 12961 0
3359 4465 0
10608 16150 0
12754 12905 0
2791 18905 0
4288 8358 0
2190 6098 0
3888 8806 0
900 19222 0
1012 15475 0
6162 19875 0
4752 14753 0
12057 19004 0
3693 10643 0
11210 19176 0
2769 4011 0
6481 7438 0
1065 5624 0
998 19487 0
143 5397 0
1420 7961 0
1657 9692 0
12578 18393 0
4612 12021 0
6619 13533 0
4506 9042 0
8033 8067 0
5232 11318 0
1930 11897 0
986 7386 0
3781 12681 0
10444 17552 0
3643 14459 0
10095 10155 0
7271 14142 0
1102 2904 0
3268 4217 0
8318 11535 0
12196 12532 0
3518 5623 0
3930 7342 0
3819 8687 0
6515 9890 0
853 13823 0
9570 10241 0
908 3556 0
9391 12316 0
12693 19872 0
6367 19327 0
1091 11930 0
3255 11407 0
8081 17009 0
89 18861 0
289 14190 0
7801 9757 0
3518 9773 0
10515 12182 0
6816 12979 0
14370 19621 0
5676 15857 0
10259 18082 0
5998 14858 0
15848 16354 0
647 6528 0
5307 9757 0
7844 19974 0
3476 5718 0
2679 10144 0
2840 11113 0
3880 5969 0
320 13302 0
9444 19318 0
2118 14293 0
4815 11493 0
8113 15019 0
3899 6403 0
1417 17327 0
981 3730 0
7344 12218 0
6546 15809 0
8566 8781 0
106 10743 0
786 9340 0
2880 6661 0
3115 5089 0
3904 5615 0
1086 18137 0
7186 18673 0
9067 9172 0
9189 13754 0
3026 7839 0
1902 6732 0
9911 14901 0
3942 10331 0
12644 17224 0
9386 13711 0
7799 8649 0
12086 12842 0
10323 16097 0
8992 10285 0
5716 6165 0
5696 9645 0
2180 9109 0
2689 3268 0
1884 2745 0
417 7411 0
1436 10028 0
2244 5770 0
3053 15590 0
2757 6718 0
5056 9679 0
4232 4624 0
8406 9561 0
8004 13798 0
12534 17894 0
8722 10109 0
2406 5522 0
12349 18520 0
2529 9756 0
11524 11677 0
5150 10718 0
3888 13506 0
312 4424 0
4991 18334 0
15617 18409 0
3823 11968 0
7727 12517 0
492 9668 0
13693 19345 0
4415 14333 0
3018 15323 0
1050 3952 0
8922 10366 0
545 4645 0
11185 11793 0
4893 15769 0
251 13690 0
7194 19807 0
2404 15318 0
7194 13322 0
2701 7590 0
7173 11521 0
2544 15466 0
119 6348 0
4353 8447 0
2192 10857 0
4674 8909 0
9798 17560 0
3948 4958 0
2120 10808 0
7606 12691 0
4131 8354 0
6546 19822 0
2291 2487 0
9167 15527 0
2234 5004 0
11801 14965 0
1663 10918 0
547 6335 0
6984 8550 0
219 8168 0
7713 8733 0
3856 10188 0
13453 16479 0
4709 15017 0
9910 14958 0
5963 13511 0
8687 11359 0
2584 12547 0
6634 16059 0
4313 15610 0
13245 16195 0
3119 14123 0
604 7858 0
2083 10856 0
1012 15807 0
5713 19686 0
8934 10056 0
3384 19761 0
311 1980 0
2927 4531 0
5458 17408 0
9262 19246 0
8705 10478 0
10138 10382 0
688 9881 0
6242 9743 0
1137 6404 0
5541 15506 0
1641 17399 0
3286 4512 0
3157 10460 0
2492 18018 0
5500 19690 0
1094 17682 0
568 668 0
10184 19328 0
5141 18100 0
871 16225 0
2257 3481 0
3187 8564 0
17314 17524 0
5899 8486 0
5965 8757 0
4737 12774 0
6764 17489 0
6904 16170 0
6954 18432 0
8300 11017 0
3209 3583 0
2291 7607 0
4991 11343 0
3813 5019 0
1333 6517 0
9283 11186 0
1464 5159 0
17124 19219 0
4294 12103 0
6016 16146 0
527 10874 0
6158 19801 0
9928 12409 0
7978 11334 0
6290 10826 0
3309 9649 0
2992 16388 0
1874 6985 0
9533 16550 0
9481 11649 0
724 12288 0
6671 7188 0
1949 8497 0
10861 10955 0
1032 9574 0
6233 12891 0
12608 18154 0
7772 19645 0
158 306 0
4660 9003 0
2362 18669 0
6000 6568 0
1434 7728 0
1105 3518 0
12257 13328 0
17 9332 0
6231 8816 0
2325 10174 0
5197 15080 0
1770 8386 0
35 3861 0
3289 3488 0
1214 4775 0
10408 16340 0
6871 10002 0
5019 7189 0
16912 17979 0
10442 18842 0
10942 15243 0
8271 14037 0
1946 16925 0
7307 9126 0
812 15001 0
2624 3460 0
10109 12922 0
14112 14768 0
1434 2962 0
9925 15002 0
7652 9844 0
2015 2962 0
12133 12134 0
8040 12986 0
1724 1965 0
1373 7332 0
23 14938 0
812 10063 0
2955 12557 0
3776 16015 0
1286 10341 0
2979 6868 0
11154 16160 0
5070 7673 0
8396 10141 0
5642 14972 0
4686 8247 0
9847 17121 0
6977 8373 0
5485 6249 0
8624 11025 0
10085 17419 0
100 12671 0
8426 14248 0
1825 4945 0
3325 11809 0
1885 9695 0
2138 9650 0
3536 12662 0
6419 10076 0
473 8438 0
993 14350 0
1068 2721 0
2796 10948 0
11396 11431 0
6948 16231 0
11609 16153 0
1534 9747 0
8162 8732 0
648 6020 0
2711 5038 0
8137 10038 0
1843 2914 0
5747 15855 0
5312 11284 0
15246 19641 0
834 1118 0
8 1681 0
6860 10849 0
2136 15266 0
9144 10257 0
10702 16276 0
7560 18228 0
5910 12493 0
1219 5088 0
9097 11647 0
12897 16817 0
7801 11288 0
1927 5553 0
4158 10364 0
926 16189 0
3330 12113 0
3987 9029 0
2578 11348 0
4624 10487 0
4595 7138 0
3165 14613 0
5866 10576 0
14754 18430 0
8146 10164 0
16729 19864 0
8569 19755 0
9359 12874 0
3407 17414 0
1306 7531 0
7451 12792 0
15375 18221 0
524 6851 0
996 7543 0
8982 10109 0
1411 7766 0
7405 14197 0
4253 11942 0
3480 12476 0
8090 19620 0
11241 19826 0
1678 5051 0
2224 5074 0
169 9167 0
10526 15789 0
6225 11690 0
4675 14858 0
720 6694 0
5838 17903 0
362 9054 0
395 5527 0
6081 7014 0
3137 4894 0
3726 18096 0
631 5432 0
4028 10329 0
8679 11898 0
6316 7678 0
5835 8023 0
6995 13599 0
7935 10578 0
11554 19481 0
3691 11166 0
2151 5028 0
4629 9127 0
170 10836 0
5915 19383 0
206 7070 0
3328 7023 0
5876 7022 0
2763 13921 0
8001 10117 0
7540 10438 0
6089 16812 0
6752 11907 0
1131 4442 0
13534 14059 0
8125 9159 0
2727 13183 0
11825 15207 0
2167 2773 0
8313 11429 0
1495 18925 0
4973 12703 0
7303 7817 0
11065 18296 0
3770 10128 0
8307 10141 0
10796 10840 0
4655 6074 0
2426 17163 0
1581 13956 0
12338 16930 0
7122 11397 0
645 10048 0
2670 7377 0
2046 10000 0
9750 14001 0
6370 10262 0
4211 14963 0
5597 16070 0
8332 8347 0
263 10755 0
2472 3403 0
6059 9395 0
22 14737 0
8857 11217 0
9906 10150 0
962 5516 0
439 5084 0
5309 9129 0
9534 13601 0
541 2053 0
5825 18104 0
3860 11577 0
4522 13198 0
45 9274 0
3164 11628 0
592 19067 0
99 12525 0
166 4869 0
2656 4078 0
585 10182 0
10274 11188 0
2447 14189 0
2212 3477 0
17256 19584 0
12578 16791 0
275 11061 0
6906 14267 0
689 3186 0
6688 12580 0
2330 9538 0
4600 17339 0
2050 9388 0
12293 18627 0
6202 8078 0
12665 16806 0
7483 7611 0
11126 14361 0
1026 7192 0
10218 12350 0
2951 10180 0
1112 16244 0
12766 14720 0
3651 12728 0
4525 17230 0
11592 19874 0
4532 9647 0
3544 7278 0
3896 8538 0
6540 11979 0
2569 6223 0
6816 7897 0
944 10000 0
3214 4021 0
1896 2273 0
15502 16978 0
6931 11613 0
6371 7638 0
4834 19268 0
4473 18737 0
809 9771 0
5347 9383 0
4944 6795 0
10836 17776 0
5182 16314 0
6471 6714 0
7890 10119 0
5493 8712 0
11235 16038 0
8134 8136 0
2346 12320 0
1969 2545 0
1570 13973 0
4896 17503 0
160 10240 0
4485 12541 0
13444 16714 0
6023 8987 0
6031 8919 0
8893 17422 0
7372 10099 0
6838 14766 0
565 8662 0
3769 6994 0
4854 11583 0
11110 12750 0
6143 16510 0
15548 17746 0
1384 17975 0
1519 2384 0
19 6648 0
13141 18352 0
2463 12300 0
15310 17414 0
7144 17690 0
11509 12358 0
11991 12753 0
6968 7337 0
13682 18205 0
9258 14103 0
6234 8392 0
13068 13735 0
1948 9126 0
4018 5585 0
2862 9594 0
916 11748 0
5085 17035 0
10480 17024 0
7089 9880 0
3001 5287 0
12227 15724 0
8316 12889 0
8808 15050 0
4365 6377 0
411 3946 0
4266 10551 0
13753 18744 0
1227 13440 0
3411 6692 0
6927 8371 0
14022 16045 0
651 11104 0
6295 10750 0
6656 19302 0
2487 10257 0
5150 15271 0
3237 13160 0
7121 9448 0
12113 19853 0
150 8528 0
6096 18908 0
1944 2163 0
9225 11479 0
7955 9066 0
2391 13064 0
2143 4555 0
8560 18864 0
6114 9206 0
2942 3255 0
8221 19527 0
5609 9056 0
9144 14860 0
9784 14181 0
1444 8450 0
10591 19020 0
8509 17362 0
9692 15272 0
2218 11829 0
3193 12249 0
5995 19134 0
2611 7460 0
6565 19095 0
3789 10433 0
12458 13971 0
11872 12455 0
136 867 0
8801 13739 0
5260 6960 0
11090 11661 0
5877 13543 0
570 608 0
4353 10193 0
9248 13358 0
2076 7071 0
3486 5576 0
3596 4962 0
11770 17896 0
5530 10205 0
6754 11707 0
2201 9796 0
3291 10126 0
8411 16514 0
10775 14328 0
12074 18948 0
2396 4150 0
11992 13092 0
1328 4186 0
15530 18628 0
4730 9871 0
3945 4440 0
11108 12182 0
4783 12093 0
6514 12364 0
1875 16904 0
210 9628 0
2376 5485 0
7633 13357 0
9546 19790 0
5000 9933 0
10847 17210 0
3954 17956 0
7443 12146 0
2604 18864 0
1162 14073 0
1420 12362 0
4722 9856 0
2052 15661 0
659 13457 0
11844 14343 0
5058 6056 0
4016 5105 0
7144 8256 0
641 13922 0
7324 13344 0
9082 17218 0
17981 18529 0
5117 8592 0
8478 19931 0
4639 10480 0
1808 8194 0
4767 6518 0
85 12150 0
8664 18160 0
4172 5673 0
5741 16029 0
3611 18214 0
8288 17717 0
4554 5898 0
1675 1679 0
6950 12869 0
15214 18262 0
3038 6526 0
1108 9088 0
333 3912 0
18855 19229 0
8573 14879 0
12942 18070 0
1049 12053 0
3260 6949 0
10524 17572 0
10366 18205 0
2678 17324 0
4429 18526 0
2545 4616 0
4784 8403 0
9464 18218 0
6724 9546 0
1361 6275 0
992 15245 0
8682 11120 0
9616 19594 0
1711 11630 0
3278 8056 0
9515 17711 0
2036 7559 0
7138 11298 0
9765 12535 0
15292 19441 0
971 14231 0
4031 10105 0
11183 16559 0
857 4298 0
10557 11165 0
6042 10635 0
7044 18580 0
15859 19159 0
6311 8267 0
6801 19560 0
189 3196 0
7717 11403 0
13810 16294 0
8740 8927 0
7220 13147 0
7529 14808 0
6355 11623 0
8307 11677 0
9025 18280 0
4742 15624 0
11736 19599 0
7706 9398 0
590 9862 0
1895 6236 0
2232 3571 0
3431 9607 0
3235 9530 0
2582 3481 0
2938 12219 0
2057 14994 0
3178 8074 0
2133 17001 0
15634 18114 0
11053 15029 0
2075 4555 0
2716 11494 0
4437 7712 0
3204 6127 0
14385 17360 0
3207 8639 0
9784 11950 0
2640 15725 0
146 16001 0
898 11670 0
5540 9872 0
6993 17467 0
1731 10631 0
1888 5094 0
8738 9005 0
6030 9472 0
3689 4012 0
3310 9809 0
4753 4756 0
1846 11931 0
5991 15609 0
1521 4576 0
8408 12810 0
1932 12632 0
150 11749 0
10409 12737 0
3981 17544 0
3228 15162 0
14918 17260 0
7311 7656 0
15541 16887 0
702 14453 0
784 2789 0
4155 8300 0
1334 18048 0
4267 12126 0
904 5673 0
3104 6023 0
9582 13522 0
4202 15196 0
6498 11890 0
12602 15244 0
1091 15828 0
3279 5131 0
8824 19284 0
2722 16687 0
15280 17755 0
2850 10799 0
7124 16338 0
2772 10339 0
4729 16847 0
1955 2870 0
7040 11730 0
3976 9662 0
11483 14756 0
5154 7167 0
9477 17273 0
10377 15265 0
12032 12987 0
6171 17916 0
235 2860 0
9844 19553 0
5458 9337 0
12692 14133 0
15247 19643 0
5031 16490 0
1246 1887 0
3941 6622 0
1927 4511 0
6260 13306 0
2867 6605 0
4501 6593 0
7136 8219 0
19415 19939 0
14431 16513 0
3185 13501 0
2789 2830 0
4107 17143 0
2289 12348 0
366 8460 0
6021 6585 0
5263 15013 0
491 3368 0
9757 13194 0
10341 16870 0
140 19476 0
4634 7016 0
8773 11935 0
8662 19441 0
1819 18903 0
11078 12577 0
9621 11690 0
5863 7226 0
17376 19449 0
1272 4824 0
4462 11031 0
8022 10575 0
8991 19586 0
7448 10578 0
3174 10303 0
16 2098 0
14799 17229 0
14261 17361 0
2800 10587 0
11674 18924 0
11399 15629 0
3300 12202 0
6725 9732 0
464 7984 0
5664 14008 0
7406 11462 0
5716 9717 0
2529 17852 0
981 8036 0
1311 13060 0
4503 5284 0
3971 19271 0
4733 12004 0
2996 5239 0
3393 3499 0
11035 15708 0
10381 12401 0
5354 10094 0
5416 11812 0
10577 16832 0
9964 14454 0
7463 7955 0
2983 7040 0
1670 3807 0
12453 15571 0
2960 8046 0
876 4191 0
4961 19427 0
822 5625 0
4262 8844 0
1657 19023 0
8338 19335 0
11996 13271 0
7505 13875 0
15782 19107 0
9212 18167 0
3811 18035 0
2472 8505 0
139 499 0
1915 13958 0
10193 16305 0
3039 6394 0
1336 11165 0
2825 9286 0
8634 10764 0
7178 12368 0
7429 10615 0
5249 13739 0
4473 14521 0
2077 14643 0
2388 3851 0
6902 9937 0
965 5613 0
4670 16108 0
1772 6883 0
333 11520 0
4600 15197 0
10692 13235 0
5607 6897 0
11952 19324 0
13514 16478 0
9156 10016 0
3066 9839 0
12010 12583 0
7509 13732 0
5098 7029 0
3228 10388 0
4401 8796 0
7206 7730 0
2422 4863 0
4619 12527 0
10100 12535 0
762 13591 0
9193 12333 0
7548 10713 0
1377 1528 0
973 8261 0
200 3399 0
3756 4805 0
5315 17540 0
7213 9310 0
2101 8921 0
442 607 0
11529 13402 0
3677 19563 0
1122 11839 0
2765 10256 0
1826 8376 0
1847 9216 0
5089 16949 0
125 10063 0
666 5663 0
540 16524 0
3235 8441 0
1397 3068 0
6743 18169 0
4357 4992 0
15381 15914 0
1997 3342 0
861 8590 0
5042 8303 0
12155 13652 0
6911 12443 0
746 12400 0
7408 10647 0
8253 11483 0
8020 13447 0
16538 17104 0
5565 6152 0
1008 2938 0
332 5279 0
228 8901 0
1359 8411 0
4308 12061 0
9345 13944 0
4473 10764 0
2174 19397 0
7605 7913 0
6861 10660 0
8927 13453 0
612 2844 0
2552 11876 0
11009 14275 0
6561 19307 0
1331 6266 0
5771 17327 0
11510 18248 0
552 6092 0
7672 14623 0
4403 12499 0
4248 7446 0
4341 15355 0
7481 16759 0
6213 11113 0
3325 12805 0
1226 2502 0
12687 13779 0
16087 18762 0
2338 12485 0
4881 10224 0
4283 11426 0
1312 15595 0
12032 17100 0
322 1039 0
11677 12530 0
5872 10443 0
4495 15631 0
1190 4584 0
5214 10759 0
7396 11836 0
5955 10600 0
3425 10212 0
10078 12368 0
14543 19032 0
6687 11045 0
10049 17861 0
4067 11925 0
5754 11236 0
757 7965 0
5387 13491 0
2515 11965 0
8261 11469 0
2731 9884 0
1445 7735 0
1679 5877 0
7155 11008 0
5608 14567 0
1331 3833 0
3232 16292 0
9179 15700 0
9775 17418 0
3426 14651 0
6120 7796 0
1754 13208 0
3941 9582 0
3074 7260 0
6881 16281 0
11402 17473 0
11999 19498 0
2672 10188 0
5099 15746 0
4247 10641 0
7443 8153 0
453 7071 0
1125 3006 0
2327 13472 0
7635 8757 0
2791 7679 0
9918 19499 0
3906 5766 0
3290 5233 0
7186 12444 0
6015 8751 0
7680 8421 0
504 1997 0
2461 11759 0
10381 14547 0
1086 18017 0
5220 13438 0
4617 9157 0
11361 13035 0
3674 9704 0
7026 11487 0
1742 17138 0
5555 9645 0
387 6812 0
759 5192 0
3475 8894 0
2218 17121 0
4865 12736 0
979 5288 0
4601 17142 0
17878 18245 0
3643 9628 0
155 3351 0
644 6949 0
2936 18277 0
4818 12605 0
2383 11588 0
295 9573 0
3891 18381 0
8745 10415 0
217 10579 0
8515 18402 0
8644 12750 0
11396 12634 0
3246 18044 0
2719 10117 0
8253 15267 0
18314 19847 0
6009 12739 0
8960 13078 0
78 8171 0
62 3839 0
17345 18605 0
6815 15946 0
6655 18380 0
14506 17128 0
9154 11664 0
4424 15523 0
2060 10615 0
6026 7251 0
5640 11498 0
3151 5594 0
1069 15138 0
1386 9314 0
8994 11228 0
84 11775 0
3397 4697 0
6477 11679 0
2317 2551 0
4919 11968 0
3029 11464 0
17465 18773 0
5905 9569 0
17469 19589 0
2074 8386 0
3179 11121 0
10903 12477 0
4778 9335 0
257 3014 0
8044 10844 0
2342 19732 0
8835 10208 0
2346 10370 0
3935 10526 0
11650 15024 0
6216 12591 0
7511 10307 0
4412 7407 0
1797 3494 0
11057 11097 0
409 4390 0
12667 19555 0
13514 17765 0
3483 8398 0
2753 18280 0
11233 13957 0
5114 7799 0
7341 16536 0
1886 2823 0
9695 10161 0
941 8078 0
9649 12664 0
3749 3964 0
3474 8216 0
2236 7489 0
3839 4229 0
11443 15993 0
13031 17434 0
608 2564 0
5661 12103 0
5416 5932 0
3054 9015 0
1357 19987 0
4231 11344 0
3360 14375 0
5437 15942 0
7760 17324 0
8701 10799 0
3412 11773 0
2074 10928 0
8390 10915 0
11719 12520 0
15689 19962 0
1488 10966 0
4633 5690 0
4569 10135 0
5287 19714 0
7718 19808 0
4511 11466 0
8686 12974 0
962 4496 0
2046 11259 0
10351 17705 0
5421 11507 0
2465 12169 0
3352 18484 0
1380 19339 0
6081 10187 0
4505 9449 0
6 3303 0
7877 12726 0
12179 13466 0
675 8707 0
3949 4540 0
4653 13534 0
13510 16139 0
1102 9368 0
3640 6264 0
1303 4277 0
8787 12372 0
8445 15856 0
1824 2447 0
11477 13017 0
8008 14515 0
6758 12869 0
14330 17658 0
2407 4566 0
3688 17076 0
15600 19678 0
9668 18825 0
16598 19985 0
5080 9216 0
8297 16442 0
8308 15444 0
10815 11100 0
11231 13054 0
1295 15594 0
8789 15903 0
3053 19801 0
6303 7835 0
4908 12274 0
879 2734 0
2783 14521 0
17789 17984 0
5000 12312 0
874 3593 0
6598 13174 0
1388 3429 0
6325 11766 0
434 3152 0
1451 12183 0
13396 13939 0
8928 8944 0
6570 9840 0
3857 9704 0
475 14545 0
2764 8367 0
12673 14470 0
575 2285 0
9228 11618 0
6671 19595 0
9951 14459 0
10331 11568 0
684 816 0
1246 8478 0
12395 15123 0
2363 9864 0
9619 12783 0
12321 14862 0
9135 14675 0
4763 18537 0
285 3250 0
9684 14604 0
2996 4704 0
1649 11560 0
1774 17155 0
5541 11225 0
5119 12899 0
7095 11708 0
10893 13738 0
9782 17985 0
1349 17398 0
2000 16110 0
1713 14332 0
7453 10075 0
7907 12296 0
5561 9808 0
7459 10592 0
4267 11365 0
11141 17564 0
5461 12460 0
3717 9249 0
8115 9785 0
5654 7638 0
7034 19291 0
7880 10012 0
3456 16891 0
1182 1435 0
3333 8366 0
3760 3835 0
3524 10854 0
976 3462 0
1834 7389 0
550 9155 0
12431 17241 0
5398 8186 0
3877 4381 0
7398 11270 0
16568 16651 0
2526 17401 0
14978 16398 0
5693 8645 0
4441 16687 0
2839 10562 0
1054 5122 0
5868 17742 0
2640 7799 0
5528 8138 0
9391 13233 0
323 9310 0
3714 12745 0
9786 17671 0
1764 4793 0
5363 15313 0
4808 7004 0
5817 7339 0
1073 8724 0
12262 16461 0
4110 14129 0
6187 19182 0
6508 8219 0
5271 5380 0
3924 7255 0
1914 6518 0
3815 3979 0
727 8243 0
4035 9235 0
9014 10269 0
4271 19810 0
4647 15591 0
4676 10858 0
6220 14759 0
10150 12814 0
7101 15927 0
7551 10561 0
6693 11639 0
1852 15917 0
6185 9092 0
6397 17373 0
9579 10772 0
1579 15378 0
2658 3426 0
14457 17395 0
4101 10082 0
5833 10101 0
11330 16198 0
9079 11626 0
6429 6662 0
7130 19585 0
8556 8987 0
3712 12394 0
11004 15557 0
2591 13124 0
106 16710 0
4402 14817 0
9099 11941 0
2673 17968 0
107 19237 0
9712 19770 0
3987 17129 0
5542 15071 0
1616 3876 0
4732 11683 0
760 16733 0
986 1443 0
10099 11386 0
2157 3729 0
1270 3057 0
1521 5766 0
5144 9453 0
5027 12433 0
11898 11912 0
1982 9089 0
2590 17295 0
150 10524 0
4627 7808 0
1382 19071 0
2606 8933 0
6764 12217 0
9516 14364 0
77 4171 0
14352 15251 0
3624 11955 0
8486 15720 0
8116 19247 0
639 14541 0
1372 4292 0
4089 8957 0
3377 9862 0
14541 17071 0
12494 12982 0
7710 9388 0
4534 14954 0
11583 15331 0
4340 13154 0
778 6706 0
1529 6483 0
325 1862 0
9392 9457 0
3933 11002 0
3534 5597 0
2250 2874 0
3587 16786 0
17095 17732 0
8810 17790 0
4344 8549 0
6623 11777 0
632 12364 0
4240 15811 0
183 8844 0
2997 5274 0
15099 15671 0
365 9197 0
3408 10579 0
4616 11977 0
5620 16238 0
317 5453 0
4142 12384 0
6432 16787 0
3742 4260 0
6761 14921 0
2455 6872 0
11830 16591 0
956 2595 0
15334 18074 0
1119 12470 0
6356 12350 0
2964 18773 0
3802 19239 0
2683 4308 0
10446 13724 0
5805 7904 0
1377 1859 0
1401 9008 0
1408 3803 0
9776 14410 0
7048 16431 0
6212 11374 0
7448 10906 0
19471 19949 0
14440 14687 0
5053 12956 0
896 13150 0
2272 7810 0
1800 15258 0
11182 17532 0
3339 4674 0
11433 11634 0
2400 6776 0
1738 17131 0
1528 11989 0
1452 15240 0
4443 7001 0
6891 9148 0
8477 17006 0
8215 10276 0
9070 14936 0
8771 9227 0
929 7988 0
7899 15906 0
1711 11277 0
3640 10272 0
374 8645 0
295 18371 0
5330 11442 0
10415 18052 0
3661 9947 0
888 1783 0
4126 19213 0
12844 17441 0
1885 6895 0
4831 12122 0
4780 10068 0
9365 12672 0
6325 18848 0
5907 6694 0
9116 10324 0
5903 11433 0
763 7317 0
13747 19335 0
3195 3247 0
11262 14501 0
6179 17545 0
5809 9627 0
5078 19077 0
17160 19838 0
6495 11800 0
7380 10855 0
12880 18339 0
8380 13617 0
1 6365 0
4279 7424 0
3312 8942 0
63 905 0
2036 11292 0
6345 14243 0
10288 13850 0
4119 13197 0
6679 11587 0
3344 10490 0
7362 11524 0
3773 10770 0
5341 5966 0
5422 9263 0
8061 9090 0
11264 15095 0
9881 11704 0
1101 8009 0
12827 19978 0
6848 11018 0
10529 15128 0
8270 12722 0
7668 9840 0
4476 10746 0
8487 12522 0
311 3635 0
425 19329 0
237 8285 0
3817 8512 0
5677 9589 0
1131 8315 0
5448 12619 0
6042 6643 0
2837 11681 0
4059 18410 0
2735 14511 0
1372 4591 0
128 2900 0
9019 10715 0
7827 10984 0
2744 10843 0
7739 7952 0
500 11251 0
6815 8791 0
1645 11459 0
795 9837 0
585 4316 0
5475 14589 0
4747 5704 0
10824 12336 0
1520 8335 0
2670 3957 0
5062 15617 0
7629 17182 0
69 3933 0
8048 8288 0
9002 10771 0
5074 11772 0
2853 17016 0
9944 11452 0
9493 14188 0
4111 14559 0
8190 10432 0
15702 19592 0
2529 6977 0
6975 10524 0
1372 14966 0
3986 16776 0
14991 17406 0
8905 13402 0
17973 18291 0
15266 17397 0
6903 7065 0
6426 18136 0
1360 7741 0
10458 12105 0
8771 12568 0
7251 8324 0
6343 17225 0
3063 10871 0
11973 14197 0
251 12517 0
879 9648 0
5446 16188 0
8900 18648 0
3077 12246 0
5379 6020 0
910 13442 0
811 6371 0
1966 17418 0
6267 10940 0
595 18577 0
1128 16695 0
8858 17607 0
8427 11953 0
5840 5854 0
3656 5876 0
3450 7981 0
8925 12104 0
114 9418 0
6140 8120 0
4998 5905 0
280 2312 0
2901 5061 0
77 6504 0
6291 12172 0
383 10491 0
9329 11335 0
2385 8027 0
451 19850 0
6943 7843 0
10420 15565 0
12463 16217 0
4927 16560 0
4030 12423 0
1362 5077 0
26 636 0
6872 9211 0
15 8547 0
3942 8880 0
2613 7793 0
3425 11687 0
13901 19497 0
9639 10228 0
2621 13766 0
3340 11630 0
5680 16208 0
6754 11300 0
1896 5269 0
5715 19686 0
6669 11505 0
7764 12111 0
1687 11499 0
9476 15661 0
1940 2250 0
5330 10161 0
6651 11940 0
9578 11368 0
5562 18674 0
1212 19477 0
5814 14445 0
8380 12749 0
12341 13380 0
2433 10106 0
1558 18054 0
5430 7438 0
4280 10521 0
753 11072 0
14730 17997 0
5539 12333 0
392 2267 0
7174 15355 0
1248 15363 0
541 1505 0
5931 9681 0
4122 10141 0
9419 9890 0
3597 13067 0
4412 18671 0
262 4893 0
12449 17122 0
12840 19048 0
9971 17739 0
969 8840 0
3582 11064 0
1493 14300 0
4233 5689 0
358 12907 0
4611 5325 0
7071 15724 0
5943 12110 0
3542 8186 0
969 11544 0
4445 6093 0
11223 19552 0
6930 11913 0
8203 10698 0
11829 13097 0
15968 16771 0
11657 16922 0
7146 18227 0
2589 8887 0
7181 19213 0
1091 5935 0
260 12706 0
5066 11440 0
3953 12598 0
3018 8432 0
8715 19506 0
4881 8524 0
8181 10183 0
2816 13734 0
5085 6068 0
2202 5011 0
6914 17121 0
741 2144 0
4797 8242 0
6563 19860 0
13463 19029 0
3748 13858 0
10307 11939 0
3376 11417 0
17865 19931 0
2049 9748 0
2568 10075 0
360 10026 0
502 9380 0
2816 18401 0
1275 19674 0
5306 15908 0
6357 11078 0
7823 12427 0
1269 17269 0
8628 11817 0
416 8215 0
2786 14312 0
10401 16239 0
284 3456 0
3915 8399 0
1782 2124 0
3634 6657 0
4424 6016 0
2554 12343 0
3085 12706 0
11109 13503 0
3752 11177 0
5757 8561 0
491 9396 0
3451 6547 0
9294 18518 0
6670 6862 0
9174 10123 0
3302 6621 0
8639 11856 0
1703 10625 0
6320 12593 0
1493 15256 0
2299 16388 0
3425 6786 0
4899 5547 0
1186 4505 0
5853 6664 0
1015 2275 0
9829 15025 0
1840 12013 0
10938 11858 0
5663 9178 0
7517 16010 0
2376 9655 0
11639 13965 0
3934 11668 0
1408 6544 0
5323 5668 0
1440 9881 0
5057 14797 0
8259 12636 0
6073 12739 0
1445 6070 0
8677 17050 0
10949 16186 0
450 17779 0
8758 9216 0
7188 13021 0
2042 14310 0
725 4943 0
8751 9162 0
3027 11328 0
1480 15146 0
6926 10605 0
9208 9787 0
4571 8823 0
1197 3347 0
9027 11268 0
607 1779 0
3032 7206 0
7025 11688 0
561 3460 0
89 1993 0
10188 10935 0
2690 14410 0
7534 8774 0
7003 14807 0
2438 3913 0
10119 11486 0
9790 16628 0
2650 4182 0
9924 10477 0
1746 8129 0
14528 19163 0
9791 9803 0
5914 19516 0
2259 4850 0
5763 6365 0
5363 15099 0
6151 6310 0
3028 9299 0
4530 12123 0
8280 15091 0
1868 16408 0
8989 12268 0
2517 6876 0
1726 2064 0
7174 12194 0
9856 9976 0
15644 17981 0
2490 19114 0
2182 10498 0
565 19277 0
4113 6563 0
736 1116 0
6789 13388 0
10502 10863 0
8130 18510 0
10590 10856 0
741 12686 0
8907 12276 0
7785 8721 0
8804 11720 0
1311 16858 0
6565 10793 0
6793 9623 0
2234 8645 0
10269 10327 0
1810 4318 0
709 5388 0
157 11440 0
3591 8328 0
7221 10783 0
5596 6143 0
9385 18264 0
233 11025 0
983 4304 0
9284 10216 0
4332 10593 0
9685 18383 0
890 6204 0
4559 13826 0
13407 14781 0
6861 10923 0
6250 12775 0
11970 14550 0
6113 19548 0
8268 10907 0
7366 19743 0
578 16847 0
5922 9374 0
10155 19377 0
5996 11476 0
10061 11131 0
1432 8983 0
6356 19508 0
506 9782 0
3238 18149 0
10450 12776 0
1772 11082 0
9628 10886 0
175 7130 0
8085 8540 0
12308 18979 0
11335 18368 0
339 3292 0
3291 5476 0
10532 17171 0
2155 8415 0
1348 13673 0
3204 7215 0
4048 4309 0
7265 9849 0
6523 15220 0
6554 11905 0
1281 11438 0
4072 8509 0
7662 12757 0
7226 11531 0
5090 14655 0
3125 9221 0
1295 14537 0
5411 15965 0
5154 11146 0
2378 6108 0
14602 14738 0
2131 10693 0
6658 18458 0
12387 18131 0
11662 16878 0
14025 15092 0
1687 5993 0
4652 10863 0
874 7580 0
12087 14244 0
12334 19863 0
7371 12532 0
8787 10711 0
2010 15495 0
1590 13188 0
40 9547 0
9302 13822 0
11749 16538 0
14403 18538 0
1136 19541 0
12287 18579 0
13376 17056 0
1604 10279 0
1937 16592 0
2822 9485 0
3166 8756 0
3074 11520 0
1640 4526 0
2332 12234 0
2341 13665 0
3312 10353 0
4270 13508 0
1494 4928 0
5806 7192 0
2120 6510 0
694 2606 0
111 12163 0
7870 16998 0
3741 10194 0
2539 6606 0
12702 12940 0
8176 8859 0
5348 16469 0
5041 5421 0
360 610 0
4567 18388 0
626 11792 0
2734 8693 0
4688 6288 0
1678 3170 0
7229 8989 0
3726 4839 0
319 7069 0
1422 6235 0
4692 17753 0
13600 14050 0
13868 15486 0
5498 8748 0
6126 19228 0
3513 10303 0
11505 18215 0
1910 2524 0
1818 14212 0
380 8520 0
6255 15047 0
9685 10342 0
1576 3695 0
1429 10754 0
7654 12105 0
6304 7729 0
7176 11612 0
5520 10509 0
5160 19180 0
1414 10875 0
2570 4745 0
5687 8172 0
5702 15051 0
329 10032 0
8647 13610 0
29 1307 0
8280 11932 0
4487 6401 0
8356 17001 0
6471 10628 0
1620 16856 0
4052 16870 0
996 10577 0
5839 10425 0
8744 9983 0
11808 19167 0
7918 11272 0
1881 9734 0
1061 12940 0
6384 9364 0
