5000
11108 12219 0
3985 15884 0
2103 24581 0
8633 17757 0
4929 22813 0
17082 23638 0
25629 32533 0
13783 28077 0
12435 29740 0
4061 19049 0
18290 27889 0
933 23641 0
5897 22730 0
9383 17030 0
17324 23152 0
7496 23015 0
4209 20021 0
8382 27253 0
11692 19072 0
17628 19561 0
9710 25048 0
23056 28471 0
4606 32228 0
15114 18663 0
1609 24826 0
4092 12762 0
11 2047 0
3117 9777 0
16282 32528 0
1821 2992 0
17258 30087 0
6025 21939 0
6801 23158 0
1689 12547 0
13743 23224 0
8382 12793 0
3895 26546 0
29140 30555 0
10450 18665 0
16812 27859 0
17916 20580 0
6260 25986 0
17543 20785 0
3511 19465 0
9697 17688 0
1630 17280 0
9128 18183 0
8122 31599 0
16388 29116 0
10911 21430 0
5710 24094 0
8769 25768 0
1485 10106 0
5479 29922 0
12753 31340 0
11261 12977 0
14705 19494 0
2695 28577 0
38 24779 0
32 29060 0
4388 5918 0
9815 12681 0
9153 29461 0
1983 29883 0
14091 29001 0
14290 21262 0
11719 14834 0
14007 21159 0
12511 28029 0
17306 29819 0
1966 23356 0
7229 13249 0
4506 30414 0
1908 6776 0
4650 23306 0
13494 24786 0
2419 8338 0
14815 20086 0
12813 28378 0
13280 22731 0
30181 30300 0
17116 17888 0
4981 6748 0
14949 31535 0
19460 29096 0
15412 16861 0
4945 9710 0
18755 29868 0
3484 25781 0
28742 28795 0
19579 29061 0
7179 17635 0
3963 5190 0
4255 5659 0
28368 32145 0
20010 30996 0
13010 24118 0
11629 30205 0
14924 20453 0
9497 16881 0
3745 28692 0
28234 31093 0
2130 19052 0
3192 22411 0
2308 3537 0
15179 26333 0
8827 13403 0
10336 18167 0
22491 28955 0
6024 26377 0
25895 30623 0
4249 5912 0
17941 25619 0
15222 19187 0
5252 11224 0
6565 24478 0
25236 29283 0
13726 19202 0
10366 10857 0
10009 22175 0
5318 13484 0
1479 19417 0
3849 11308 0
3059 20556 0
4786 14964 0
11517 11869 0
23225 31450 0
13782 29618 0
2875 16358 0
8116 15750 0
18065 19774 0
25108 26025 0
13597 32470 0
26947 27373 0
8726 15139 0
1430 16632 0
24123 32621 0
6651 16559 0
3288 25029 0
2596 14599 0
382 25168 0
6108 28856 0
21484 26206 0
23452 27811 0
15501 19175 0
26222 27887 0
2893 15552 0
18341 26196 0
13181 23468 0
6735 21413 0
12764 25432 0
9412 21827 0
11092 31652 0
550 9887 0
703 29136 0
23998 25049 0
2753 13744 0
5317 15611 0
10446 17820 0
15807 16793 0
4168 25178 0
13285 24684 0
18423 22685 0
13278 21400 0
3877 19187 0
27139 28517 0
980 6790 0
6978 14431 0
13729 17216 0
2184 7913 0
3106 17513 0
29786 30890 0
15290 23250 0
11269 22104 0
25899 28746 0
24295 27498 0
12629 28370 0
5570 13780 0
8654 16150 0
20269 24711 0
10431 24449 0
14789 26696 0
13792 26185 0
4394 32178 0
19279 23445 0
2766 14177 0
7888 26432 0
12219 14137 0
14328 25002 0
6166 19925 0
2007 19216 0
11465 30693 0
19857 22006 0
12463 29694 0
20073 32277 0
16015 17317 0
14882 21248 0
2735 18613 0
20093 25508 0
484 25940 0
6767 27153 0
2957 22770 0
1605 4697 0
20378 31051 0
2511 29537 0
7022 11389 0
1890 17122 0
9583 25724 0
7126 29802 0
7027 12195 0
521 9432 0
24631 31295 0
11354 12259 0
13156 17801 0
4628 29103 0
11112 27853 0
12143 13767 0
614 30586 0
16393 19374 0
1947 9917 0
363 29518 0
4174 25486 0
13184 27531 0
30280 32578 0
14050 17137 0
79 27137 0
4844 8354 0
6078 31803 0
27817 31849 0
17699 22789 0
17695 28527 0
26927 29734 0
1200 6102 0
4250 23865 0
4478 20826 0
19689 26082 0
21949 24061 0
4341 9290 0
5907 7592 0
11440 13913 0
14283 15348 0
18817 25690 0
22013 24584 0
4826 30564 0
10318 32466 0
4396 15719 0
27125 32270 0
30696 31278 0
4323 27916 0
5232 5992 0
8713 32634 0
30282 31607 0
6576 21509 0
24561 30627 0
6840 21532 0
772 19176 0
2123 2361 0
8173 8524 0
12412 16712 0
18266 20842 0
15711 19594 0
10432 27889 0
4538 12262 0
8485 28883 0
6102 17691 0
14352 26461 0
20393 31631 0
308 1412 0
2436 19622 0
18369 24217 0
3004 9499 0
4911 7808 0
11642 14634 0
24058 29165 0
18345 25252 0
14350 25341 0
1692 32335 0
8674 23838 0
12163 13669 0
11569 19276 0
8990 27119 0
21458 24642 0
1829 23632 0
7504 28640 0
17273 23840 0
8214 19708 0
7909 16222 0
527 1989 0
11214 23246 0
8129 26021 0
197 8795 0
28419 32146 0
17348 18402 0
16262 22139 0
5899 24142 0
6882 17985 0
1134 23892 0
3055 18782 0
11056 17037 0
13596 27534 0
3876 29020 0
8417 22105 0
4027 19166 0
26351 27370 0
1910 32121 0
9859 26293 0
271 7854 0
13365 13482 0
12610 24664 0
8504 17658 0
16822 21694 0
5443 29223 0
2557 9364 0
11506 16805 0
265 27781 0
23935 32551 0
14789 28572 0
13489 23461 0
893 1500 0
16095 18019 0
2921 27056 0
8028 29567 0
11719 13787 0
11832 15668 0
15446 19954 0
4980 26529 0
5852 21724 0
13175 29531 0
18336 32601 0
5686 21820 0
3568 22648 0
28081 28401 0
20637 32288 0
14762 18999 0
20360 32378 0
17891 22952 0
29409 30654 0
18421 31194 0
1572 11309 0
20960 32218 0
4673 22254 0
26491 30895 0
19366 19712 0
190 31261 0
10963 21417 0
19582 27362 0
5926 17575 0
2342 13050 0
806 8427 0
8462 31825 0
4373 31487 0
566 6656 0
4382 26592 0
8304 9509 0
24962 28104 0
30042 31726 0
398 8258 0
11916 29284 0
8034 8539 0
630 15505 0
19307 23851 0
23799 24807 0
8682 12112 0
16707 21854 0
9456 14319 0
3122 7196 0
20622 22146 0
13848 16553 0
866 12372 0
19536 32093 0
2824 29445 0
1182 9979 0
5017 5138 0
3841 14823 0
322 1595 0
2323 9665 0
12833 26282 0
4328 22919 0
22197 29564 0
15575 19146 0
18876 25321 0
7189 21530 0
4646 28751 0
18149 25546 0
1884 9964 0
15073 16053 0
15394 17910 0
25850 30001 0
5304 22918 0
6861 18629 0
10375 26593 0
2180 32062 0
10443 31183 0
12944 30209 0
4380 14614 0
16850 26835 0
6093 12058 0
21047 28234 0
5801 27420 0
19851 26100 0
6396 25399 0
15764 17212 0
8024 32662 0
5862 16793 0
8010 18882 0
8828 23024 0
2174 30333 0
7461 25134 0
16922 22375 0
6037 19502 0
5297 16395 0
17041 22680 0
27072 30048 0
12228 13568 0
12464 22477 0
5908 30107 0
14034 31269 0
16559 18989 0
1315 4841 0
3863 29437 0
14703 21028 0
15554 25142 0
7775 22617 0
26933 28112 0
5175 15564 0
10245 24452 0
1415 26568 0
349 29521 0
2231 8221 0
17022 26107 0
508 30754 0
4999 7738 0
7599 16998 0
7544 9665 0
13590 31711 0
21174 24500 0
8020 10751 0
11066 11132 0
3251 3692 0
20212 31076 0
10019 30074 0
12045 20562 0
9938 28826 0
25684 28258 0
8049 14353 0
26140 28931 0
5811 9079 0
18857 21644 0
10962 29243 0
985 20879 0
18697 25629 0
1456 16210 0
8627 29723 0
3785 8285 0
6859 29925 0
7722 28834 0
20849 32353 0
3927 10096 0
10540 11623 0
4582 16089 0
10670 29946 0
23248 24936 0
2685 8610 0
4964 14887 0
31611 32739 0
3799 24082 0
4578 15936 0
528 4940 0
26313 32183 0
21925 24098 0
14305 16392 0
12415 13666 0
15962 32710 0
10733 28499 0
20947 23664 0
7722 27680 0
17358 28154 0
18718 23076 0
17743 28207 0
18765 29172 0
8606 27882 0
22113 24281 0
8638 15272 0
9264 23239 0
10602 32643 0
10885 17812 0
7703 22837 0
12492 22605 0
4727 10384 0
14982 22468 0
9737 31731 0
1388 5481 0
6064 11442 0
2367 20094 0
4506 8747 0
12169 13136 0
7264 19885 0
726 22280 0
11479 27549 0
28257 28403 0
9332 12833 0
10859 17714 0
13319 32082 0
21448 24618 0
13825 25607 0
4662 31536 0
18994 27405 0
9205 31214 0
16221 19097 0
16993 25288 0
12115 24868 0
124 16215 0
14926 26396 0
2630 31757 0
1792 15820 0
8283 27543 0
1249 23571 0
16233 32361 0
3063 15768 0
15283 26169 0
2378 9560 0
31362 31634 0
9759 17773 0
16643 28143 0
17347 29247 0
8138 14141 0
15110 29196 0
7095 12792 0
24003 27230 0
3006 23131 0
13074 29404 0
755 25438 0
15877 32137 0
27243 31694 0
11047 14408 0
17339 19150 0
6273 13269 0
17899 29161 0
7296 11234 0
5039 21971 0
32152 32368 0
15644 31675 0
6546 21380 0
170 1857 0
870 28235 0
13098 29064 0
10823 21778 0
24455 26731 0
25548 30229 0
7386 22391 0
12420 29172 0
4591 9048 0
24249 26603 0
6569 9339 0
21359 31699 0
2981 23919 0
8417 28327 0
9637 28787 0
18190 27894 0
1370 25775 0
20341 25127 0
13199 14860 0
589 4671 0
10579 25346 0
15478 29431 0
7118 22477 0
18240 25323 0
10129 10773 0
3528 25410 0
8578 21252 0
4140 29567 0
19385 32110 0
4437 4780 0
22578 25112 0
9187 16761 0
6211 22342 0
11210 28566 0
3631 24103 0
20444 22831 0
17657 18945 0
20036 24943 0
29417 31918 0
8265 32189 0
9581 31161 0
16050 24664 0
1857 16185 0
4390 22519 0
16208 26092 0
30220 30440 0
9142 19769 0
11354 14403 0
571 4528 0
3288 13733 0
1097 18457 0
13094 19756 0
2769 8335 0
24437 28350 0
5976 23659 0
12881 28475 0
23863 31760 0
11849 30172 0
16264 24567 0
4873 28689 0
18729 20393 0
13638 26778 0
10694 23486 0
729 4718 0
3371 17794 0
19014 28717 0
5918 8738 0
8543 15492 0
18436 29955 0
2083 30281 0
14605 21140 0
26020 29336 0
20695 27316 0
9363 12101 0
30002 30180 0
23992 30566 0
6502 9733 0
29954 30020 0
2075 15216 0
164 23094 0
761 9304 0
1774 4053 0
2028 22147 0
16326 17783 0
19864 20951 0
22784 23262 0
4005 13069 0
5724 20280 0
10019 23117 0
701 32488 0
16757 21320 0
26158 31871 0
2274 11170 0
7237 26976 0
13324 17016 0
1970 4390 0
8446 27737 0
8721 18652 0
3963 22517 0
17990 29595 0
907 10894 0
3546 21552 0
3548 5782 0
4831 23095 0
11204 15026 0
6769 26266 0
16996 17811 0
3763 8339 0
2498 2525 0
20617 21237 0
29467 30419 0
4659 8332 0
652 32179 0
7456 11600 0
14155 18552 0
23856 25118 0
18535 31774 0
8535 23320 0
1916 13546 0
7520 29922 0
20952 21575 0
16160 26219 0
19831 25292 0
7301 8675 0
10660 20119 0
30800 32512 0
29766 29955 0
4620 31236 0
15543 16080 0
4490 14146 0
23222 30769 0
26741 28816 0
2448 13474 0
12181 18169 0
8008 30402 0
11039 19832 0
12958 18763 0
22638 27190 0
14942 16065 0
5350 32430 0
13448 18768 0
14811 31425 0
24543 24632 0
10586 24303 0
8266 23143 0
4811 26296 0
15471 20461 0
1621 17456 0
14463 15905 0
6077 11306 0
5615 9968 0
21049 29021 0
10070 31742 0
21221 22770 0
8323 11659 0
15637 30004 0
5039 11337 0
4984 31593 0
4401 10404 0
975 1822 0
10925 20112 0
3666 25024 0
10591 11844 0
5393 16958 0
23871 27665 0
1108 21413 0
23842 24388 0
12646 25944 0
3744 18752 0
2196 11280 0
15611 23954 0
949 6738 0
27073 28760 0
22118 25402 0
147 8561 0
7841 22744 0
7711 21644 0
7836 8543 0
10315 14320 0
4090 13032 0
9633 27681 0
16624 25941 0
3328 4895 0
15442 22845 0
25457 29084 0
13916 31277 0
7787 11187 0
26737 29150 0
13251 13305 0
4297 22414 0
22765 27449 0
20243 25181 0
26009 31968 0
10546 21387 0
948 19954 0
4773 15898 0
15632 28261 0
15468 26078 0
6500 23078 0
27530 30720 0
7346 14763 0
4990 24458 0
3858 14639 0
8617 18680 0
1840 32047 0
20451 32422 0
2248 25329 0
10850 29166 0
2352 15097 0
17164 30414 0
23443 31695 0
21735 28542 0
11596 17566 0
2223 14041 0
887 16046 0
10305 31726 0
7330 31404 0
3650 16735 0
6449 26437 0
25824 28060 0
21472 30629 0
16065 24820 0
4064 21598 0
1488 5578 0
17744 19947 0
16036 19500 0
19073 21101 0
3013 21904 0
3724 12820 0
12196 16860 0
8275 30496 0
4936 26550 0
1409 19935 0
16570 22810 0
1798 22325 0
19082 19158 0
5530 17169 0
15903 20794 0
4344 26684 0
7217 30363 0
22448 29567 0
8525 25042 0
23050 29635 0
3259 24148 0
11544 17919 0
2742 8443 0
504 31993 0
11340 24361 0
3205 14736 0
16676 25595 0
25299 27199 0
16411 30388 0
2382 15878 0
25344 28151 0
7841 22395 0
4963 20998 0
5629 20870 0
21769 24894 0
16594 21674 0
19827 22430 0
29260 29316 0
25334 32422 0
14760 19066 0
986 30012 0
20445 23310 0
24387 26050 0
16804 30423 0
18925 28761 0
17666 28156 0
17514 21413 0
4557 5288 0
11598 18849 0
28426 29871 0
20504 26545 0
9378 31452 0
4528 16685 0
60 28943 0
15317 19180 0
6307 6625 0
2825 23640 0
19515 28967 0
2097 17619 0
16034 19795 0
11662 30137 0
15412 31477 0
8660 30285 0
7168 14784 0
19753 23988 0
231 14954 0
18619 21098 0
8992 29745 0
6083 8240 0
30990 31482 0
12758 23753 0
12327 25968 0
4062 27127 0
2467 12119 0
13463 23557 0
635 12421 0
1300 28734 0
7527 20975 0
4979 28984 0
22394 30721 0
27709 30841 0
3539 23544 0
13617 16041 0
11671 31454 0
10335 28532 0
8836 9729 0
2875 24955 0
20854 26470 0
21987 32272 0
26274 29329 0
6143 19279 0
10927 28271 0
22331 23722 0
6252 24216 0
10918 26249 0
7804 16557 0
13597 21212 0
6158 21143 0
2478 19386 0
854 31509 0
3963 9856 0
4184 14829 0
17988 20035 0
3535 6660 0
17421 21805 0
5213 17714 0
14687 24378 0
1552 9148 0
26567 31420 0
12489 14572 0
10325 18648 0
2885 17667 0
542 30215 0
22409 25048 0
663 20666 0
18154 32201 0
23335 31430 0
336 21365 0
14435 16686 0
13938 14216 0
885 27062 0
6855 23237 0
1688 32102 0
932 19689 0
7561 26401 0
7341 17977 0
9751 12813 0
30275 30741 0
15677 23421 0
25613 28018 0
4102 28940 0
15190 27510 0
20352 27562 0
555 16732 0
9497 27197 0
14900 23711 0
14120 15389 0
7200 19594 0
6057 24915 0
12134 18809 0
17233 23177 0
4392 27889 0
3205 27920 0
1454 32557 0
22782 29755 0
12644 32027 0
2020 27209 0
3485 17049 0
13031 30280 0
5603 23592 0
4014 14757 0
20887 23623 0
24199 28802 0
29634 31401 0
8806 10414 0
1535 2114 0
1856 10837 0
4855 17366 0
16001 19071 0
25731 31435 0
8599 22410 0
4883 14540 0
18335 29314 0
1780 25982 0
2621 22849 0
6279 9033 0
14275 25415 0
6145 9881 0
10193 31781 0
22689 27052 0
4070 15840 0
12153 19646 0
20691 29317 0
14335 20611 0
19364 28223 0
1329 17410 0
1826 30930 0
13191 29082 0
7753 20007 0
13402 29349 0
13013 31425 0
136 31694 0
10428 20287 0
10147 11493 0
326 5190 0
1928 6216 0
25489 28928 0
1610 10227 0
24984 29965 0
17738 26992 0
513 15807 0
5483 30879 0
20266 30213 0
6868 6897 0
9350 30738 0
12270 31600 0
24901 27059 0
7532 29106 0
26839 27341 0
1388 30140 0
6438 11814 0
23518 26262 0
14598 31215 0
11765 25056 0
5443 22969 0
220 25623 0
8198 11793 0
2559 28499 0
14817 29299 0
10228 20823 0
3459 20629 0
10511 31744 0
720 31827 0
5942 14450 0
15958 25394 0
21085 27548 0
23986 32516 0
1443 24598 0
21298 26945 0
1220 1978 0
8233 28595 0
18696 32166 0
11919 27097 0
4861 17295 0
2732 3638 0
5900 21541 0
22713 27578 0
2118 14154 0
6114 30134 0
16025 23258 0
9645 12152 0
21512 21619 0
31776 32041 0
3401 14296 0
1989 15557 0
13529 23263 0
671 14886 0
13362 15159 0
21466 32343 0
3986 24997 0
3313 24938 0
11856 22697 0
12280 13103 0
14293 28303 0
22583 24991 0
19941 31259 0
637 24446 0
19453 31282 0
23227 26059 0
18286 21692 0
13053 27582 0
5779 28273 0
3142 27891 0
1547 29852 0
14539 30249 0
11676 26423 0
1920 2235 0
6500 11967 0
5689 14204 0
8974 25083 0
2196 16074 0
6865 7165 0
15782 32229 0
19324 22296 0
4115 17881 0
10181 32399 0
13084 27497 0
2491 20007 0
2792 15821 0
1888 31877 0
9846 15291 0
14317 21748 0
6507 18587 0
4008 6791 0
8070 30742 0
5639 28920 0
9483 21667 0
2784 13949 0
10034 11811 0
9158 9573 0
2961 20842 0
1935 6034 0
7431 31330 0
14076 15573 0
15558 29173 0
10361 32301 0
2769 5270 0
2246 7195 0
24194 26809 0
13305 29858 0
3846 17751 0
3853 18618 0
2155 3039 0
7133 10065 0
17761 23927 0
24409 26138 0
5120 25909 0
11 16900 0
1549 22233 0
990 16500 0
3756 8222 0
4755 27605 0
2473 4205 0
14950 28140 0
3046 6003 0
5871 10234 0
17965 20809 0
9849 31848 0
23373 32609 0
14693 24156 0
14625 24179 0
16181 25528 0
3347 16644 0
24613 27257 0
4959 12062 0
1153 12387 0
22833 29490 0
12015 30652 0
7813 26427 0
9997 15271 0
432 22576 0
28622 30923 0
29984 32586 0
12880 24956 0
7877 29079 0
19034 20539 0
11874 30888 0
11745 16184 0
12773 19775 0
5173 24601 0
8087 31767 0
20746 24574 0
13378 22212 0
5154 9934 0
9790 28580 0
13965 26876 0
25305 27512 0
14464 26795 0
3565 28874 0
10838 11186 0
3031 27899 0
953 9074 0
23105 27256 0
5587 6562 0
14261 30756 0
14891 16500 0
21506 26613 0
11432 30613 0
8588 19622 0
25455 29511 0
6840 25415 0
20444 23153 0
288 25355 0
27203 31194 0
20311 31367 0
11080 27087 0
11196 11224 0
19222 19949 0
2429 23205 0
11472 18611 0
5059 28661 0
1827 4592 0
3361 27066 0
3453 27783 0
14674 16406 0
1900 3603 0
8108 20968 0
5550 14551 0
13994 18501 0
15961 28312 0
2200 24774 0
11749 20112 0
9223 19479 0
4873 14482 0
11305 19612 0
1708 17431 0
8945 31568 0
16551 19073 0
15795 25124 0
8210 32201 0
14803 30292 0
720 4088 0
2837 6415 0
25275 29939 0
3465 29844 0
11777 18726 0
8060 20795 0
15984 31030 0
11341 22948 0
7789 31752 0
10719 19522 0
19915 27881 0
16217 25498 0
11470 24464 0
15353 20085 0
13176 18381 0
8527 29856 0
4704 22451 0
19393 32107 0
4734 32457 0
26155 27401 0
19395 29308 0
10424 19122 0
3329 25896 0
27295 29168 0
3816 21033 0
26501 26674 0
22611 30853 0
483 13164 0
4171 18412 0
7729 27629 0
2041 30152 0
59 11782 0
14421 32394 0
18417 19518 0
18577 32322 0
10091 10313 0
1288 30895 0
11069 22971 0
27271 27894 0
21033 25932 0
7852 23618 0
3022 27960 0
8321 30763 0
11625 19306 0
4858 5943 0
14282 15005 0
16083 20986 0
7779 24121 0
5878 32182 0
4807 9699 0
4709 12651 0
26249 31381 0
4650 7911 0
20419 26906 0
16412 21254 0
8081 14997 0
6331 10961 0
2196 23802 0
15643 24727 0
7059 30064 0
6650 9170 0
10108 28494 0
14664 26276 0
5211 28711 0
9687 31013 0
7750 19417 0
10060 11379 0
28715 30918 0
6773 14680 0
14987 26642 0
2265 18368 0
16231 18616 0
5779 32729 0
10118 24905 0
4819 22677 0
11303 30004 0
22620 30252 0
4024 15118 0
6295 32260 0
25104 26464 0
6678 22327 0
24594 31740 0
17524 32170 0
22350 29537 0
3484 21455 0
5583 16359 0
2548 12653 0
11767 22252 0
26371 26635 0
24316 30543 0
7130 29047 0
19815 32758 0
208 5909 0
2964 22088 0
8796 15872 0
23731 29237 0
18889 23895 0
18639 31016 0
25380 30540 0
11162 15931 0
5361 16504 0
12582 13443 0
6883 25625 0
18577 19294 0
24418 27023 0
23634 25902 0
6185 30403 0
2806 11666 0
574 21287 0
16447 28493 0
7659 19140 0
7893 31125 0
10869 12670 0
8970 11342 0
7579 19096 0
14001 29491 0
2201 8880 0
720 25380 0
2844 15307 0
14023 16895 0
3800 20670 0
7779 8076 0
7874 23797 0
15080 19316 0
18032 31766 0
2779 31865 0
8226 31474 0
837 9776 0
14966 28883 0
18146 28881 0
19993 26831 0
1143 27111 0
25043 31928 0
10508 16654 0
20662 28142 0
8207 22231 0
9678 18606 0
4143 12008 0
7759 16614 0
9129 14001 0
9949 29675 0
2392 13151 0
943 24410 0
1670 32516 0
3567 8880 0
15512 29169 0
815 3807 0
16454 23163 0
4303 23008 0
9082 25119 0
7975 29323 0
2764 18179 0
7970 12801 0
20648 26576 0
20435 29968 0
492 22038 0
13529 25812 0
11307 30472 0
16996 27052 0
12816 32279 0
5419 29260 0
29046 30177 0
2810 14892 0
13536 23981 0
24885 27134 0
7235 12207 0
8367 19171 0
25994 26488 0
25718 32406 0
2827 4744 0
23417 23755 0
110 8805 0
8824 22586 0
15153 21271 0
336 24664 0
2852 8619 0
20968 31082 0
17134 21169 0
12655 27200 0
2237 12422 0
12330 19311 0
26043 27369 0
14389 16271 0
20653 23378 0
10985 21710 0
9297 15767 0
3016 14606 0
4337 19805 0
5642 25423 0
1229 19626 0
9375 19124 0
4884 27628 0
9194 29635 0
2557 25314 0
26574 31067 0
12524 16759 0
30578 32751 0
12906 29893 0
9734 15296 0
19354 26282 0
15847 17596 0
8891 22075 0
63 30170 0
13791 30739 0
10323 10447 0
2409 14038 0
22464 26830 0
2955 7855 0
15853 18973 0
12106 29009 0
445 24408 0
13811 27513 0
4803 10056 0
9073 16291 0
5831 15957 0
17859 23952 0
803 17454 0
2486 19591 0
25713 29469 0
22471 23929 0
2438 13317 0
4086 7723 0
23292 26080 0
20561 25006 0
1846 12466 0
1319 24359 0
2380 23975 0
3492 7226 0
21551 27366 0
6975 31893 0
12986 19079 0
19511 30325 0
11714 31615 0
10231 17735 0
5650 24227 0
13822 25017 0
10537 20718 0
11848 16468 0
3114 20369 0
13096 26277 0
7503 9594 0
29115 31169 0
5866 10072 0
11437 17037 0
14185 19096 0
8665 14098 0
6210 28023 0
6215 15240 0
1794 31983 0
13870 31563 0
23549 32015 0
11694 19241 0
22729 27003 0
10254 11555 0
5825 26090 0
5063 20829 0
1411 16039 0
10078 16966 0
14608 31090 0
7637 14123 0
13338 18997 0
21548 26033 0
311 6347 0
2097 4617 0
6181 6846 0
18859 19649 0
18290 18595 0
2392 29386 0
25814 27836 0
21384 25048 0
15714 20939 0
14989 23799 0
23934 31247 0
1030 3646 0
11536 25125 0
18516 30299 0
17876 27051 0
4044 15964 0
7926 18086 0
7992 14903 0
10858 26413 0
11519 25243 0
10674 31646 0
20869 29584 0
5421 20054 0
7091 18164 0
7376 25071 0
1909 11512 0
11284 27741 0
1085 5281 0
16962 23958 0
1096 2943 0
9092 28043 0
18227 25114 0
10809 27087 0
3224 18518 0
13435 18193 0
17176 19817 0
4160 5116 0
6384 24130 0
1293 11911 0
22516 22676 0
20087 26734 0
6274 9951 0
1453 7337 0
20522 24776 0
19209 25828 0
14663 29313 0
506 7303 0
6047 18219 0
9426 11251 0
7573 12962 0
5352 14170 0
13432 22569 0
16586 22416 0
5338 8479 0
7836 24235 0
7847 21468 0
18054 23700 0
21853 26241 0
12096 24958 0
13582 22770 0
7482 28090 0
162 30098 0
10553 10780 0
9168 24146 0
3665 14595 0
17244 19308 0
1158 23220 0
14976 15612 0
1455 1915 0
14977 27240 0
1050 30722 0
3242 28526 0
4457 7545 0
17223 27166 0
4693 27858 0
9055 16423 0
8406 23446 0
1896 19233 0
1412 9607 0
14476 28232 0
20748 21033 0
8133 13407 0
6176 30676 0
8620 8931 0
7827 28567 0
10332 16167 0
6087 21450 0
16286 24871 0
20103 30517 0
10110 28663 0
6188 28902 0
9807 16055 0
1500 18938 0
10046 32010 0
10237 31012 0
907 23763 0
5931 30907 0
11547 13997 0
6788 8043 0
27757 31471 0
82 9866 0
2362 6156 0
2885 31716 0
18964 27129 0
22584 31470 0
1860 30282 0
24568 27141 0
2051 15869 0
7628 13029 0
9398 10809 0
19145 26192 0
23697 26034 0
17224 30114 0
4256 28823 0
725 13782 0
24538 29576 0
26361 31688 0
31342 31557 0
4784 30642 0
16500 18682 0
1008 16050 0
10200 15193 0
27722 28961 0
2873 11962 0
5286 13783 0
3246 10579 0
26407 28492 0
8412 16163 0
5808 13071 0
12179 16475 0
5279 21259 0
874 30904 0
143 19655 0
11450 23439 0
12881 32363 0
6791 23009 0
2764 29924 0
3706 15716 0
2075 22206 0
13228 16564 0
7083 27920 0
817 14795 0
13912 22103 0
24424 28079 0
2384 25749 0
12085 17467 0
15202 26375 0
7518 14270 0
1569 27644 0
3035 28846 0
5219 8534 0
23022 28302 0
1293 28866 0
107 15017 0
1054 26027 0
1173 9265 0
9242 13009 0
5759 12513 0
7601 12698 0
8263 31937 0
2450 18251 0
23158 29892 0
19535 30747 0
7642 13301 0
7613 16088 0
12043 18151 0
7600 14118 0
4808 18017 0
14701 22291 0
746 12650 0
8833 30523 0
2868 32626 0
8537 24371 0
5337 9173 0
1946 4655 0
3436 21990 0
11841 28646 0
8524 9602 0
21111 22198 0
3439 22604 0
6307 32668 0
19430 19486 0
21945 29660 0
7541 23675 0
7236 7934 0
23351 24550 0
6949 28426 0
5321 14518 0
4840 15926 0
3198 26600 0
5715 20822 0
18347 27594 0
16241 16849 0
9902 30462 0
21428 22653 0
12301 21588 0
2067 10375 0
15488 18880 0
25541 27569 0
6523 25813 0
27075 30675 0
3730 17501 0
5964 16216 0
11925 30269 0
8639 29284 0
4696 19374 0
3099 10320 0
8637 32566 0
15387 27027 0
7561 31179 0
17684 25571 0
16179 25102 0
15694 29657 0
11790 13848 0
16856 24607 0
15010 32553 0
6306 22105 0
7440 25147 0
53 6757 0
7751 9687 0
10268 27899 0
24745 30824 0
4187 27442 0
20962 28007 0
4461 9599 0
2035 28498 0
12247 19240 0
1576 10674 0
18835 23506 0
10055 11758 0
556 31343 0
15662 17072 0
534 19675 0
23411 26685 0
29298 32544 0
1999 22293 0
16449 24381 0
6576 12117 0
17081 30168 0
20058 21407 0
9117 15582 0
16310 16712 0
8332 23867 0
19769 22131 0
6835 32290 0
9131 22851 0
9003 30645 0
17834 24161 0
1354 26543 0
16249 25638 0
31166 32078 0
1766 8637 0
14954 17518 0
1281 3169 0
11854 14505 0
3869 19814 0
887 19045 0
30894 32597 0
13903 22146 0
7508 21219 0
10939 27708 0
11606 20858 0
23530 23644 0
7034 24151 0
2653 10806 0
3851 5006 0
8841 9214 0
226 21498 0
12224 20193 0
9418 28894 0
11116 22227 0
15649 17733 0
14986 28677 0
15041 25871 0
7858 25835 0
241 2060 0
17962 25888 0
7925 24423 0
1792 2383 0
8952 12729 0
5670 31513 0
7408 10026 0
7955 23664 0
9361 29308 0
12417 14812 0
19922 27527 0
5184 29095 0
15083 27703 0
16059 25432 0
20260 27843 0
4534 11252 0
986 23970 0
26432 31246 0
14939 25782 0
8739 15445 0
7775 27083 0
11336 16947 0
10949 24801 0
20452 24989 0
973 7916 0
8094 28140 0
7353 17210 0
11367 16650 0
9660 14461 0
8393 16159 0
13299 23508 0
9763 28757 0
12086 15870 0
18494 31814 0
4588 29315 0
2214 21917 0
7850 18707 0
2501 11781 0
9376 22555 0
7269 26523 0
533 10570 0
22850 23143 0
1593 26301 0
18237 27936 0
23251 24661 0
16494 20257 0
26976 30097 0
11123 15893 0
9145 31726 0
25442 32008 0
21481 32271 0
24344 27672 0
5901 12252 0
7181 15516 0
11628 28013 0
16813 19668 0
27115 31378 0
1144 9153 0
707 16672 0
4012 18047 0
23041 30576 0
2026 21661 0
5639 22237 0
10101 27365 0
2569 25161 0
19861 29422 0
15513 28304 0
1977 22788 0
3893 27130 0
845 14669 0
137 26872 0
949 26831 0
14982 18191 0
16043 30735 0
289 18200 0
3401 16656 0
22739 23488 0
8574 20692 0
15640 16393 0
28089 32436 0
24519 26352 0
28962 32556 0
4131 9057 0
9418 13731 0
6171 14835 0
2500 17753 0
2304 25395 0
21691 25804 0
20272 26359 0
20334 23359 0
8569 15361 0
7993 31024 0
7229 23507 0
1284 30569 0
1446 19841 0
22034 32047 0
17256 24302 0
6204 25357 0
9953 26536 0
6282 23348 0
14255 27992 0
14771 16894 0
19395 23211 0
10763 26369 0
1489 12258 0
25812 27326 0
8229 18174 0
16059 28960 0
4217 7917 0
13291 29295 0
17695 27992 0
8840 32720 0
14209 15149 0
2681 25214 0
24843 32429 0
1337 25335 0
7927 9891 0
20607 23896 0
12161 27697 0
11462 25037 0
18448 27559 0
7782 21122 0
4444 14170 0
9488 27423 0
28658 32291 0
16708 23124 0
7347 16861 0
3628 9987 0
3412 7659 0
2599 18094 0
7599 11487 0
9773 19736 0
8980 25649 0
21017 32501 0
23813 29307 0
22602 30033 0
5569 19956 0
26489 29367 0
862 25172 0
19318 26989 0
5919 12414 0
15860 18868 0
12369 27298 0
5088 21352 0
16415 32619 0
2424 10478 0
14495 14833 0
4710 15892 0
23967 24556 0
26637 26825 0
4848 12904 0
3544 23502 0
14839 16182 0
24499 30518 0
17516 23853 0
11850 27439 0
1826 18525 0
14204 24205 0
19756 24051 0
12896 25028 0
2369 6606 0
632 6831 0
2224 29323 0
1006 14179 0
6761 8576 0
9493 29596 0
12697 20256 0
5280 27025 0
10926 31984 0
16093 29622 0
25284 32035 0
15351 32122 0
11115 28112 0
13531 15713 0
8850 12291 0
2942 3009 0
8351 10413 0
14350 25741 0
2273 32558 0
4347 24143 0
1557 20429 0
5637 32279 0
9547 24537 0
13035 29651 0
9248 32361 0
18688 28591 0
11432 22392 0
15256 21683 0
5910 8506 0
7087 11282 0
2323 19394 0
25304 26949 0
2800 6868 0
7124 8300 0
21162 27107 0
15993 26986 0
8604 15704 0
12424 32273 0
614 21425 0
11476 20984 0
8360 31942 0
14802 31467 0
12376 16747 0
7879 31422 0
17871 31343 0
18271 31416 0
5742 24303 0
14865 21547 0
3756 7497 0
16450 18261 0
17360 30820 0
9642 31477 0
19031 24648 0
25702 28483 0
7810 22675 0
1749 6919 0
5154 14249 0
4561 24683 0
15378 20541 0
24649 28760 0
3612 13931 0
7099 28932 0
13641 16998 0
5556 9065 0
3320 16999 0
10888 24470 0
1256 9629 0
8141 29999 0
5765 30175 0
4830 23531 0
29232 31084 0
13333 30553 0
10670 14196 0
5899 9633 0
22828 24088 0
14274 31069 0
2139 20557 0
21312 32759 0
3474 4537 0
14111 28960 0
15430 18238 0
23365 29714 0
20371 23403 0
17954 31320 0
23654 31580 0
3659 23856 0
6244 7880 0
4141 9940 0
7414 29693 0
26524 30707 0
25769 29050 0
4923 9028 0
12469 24430 0
22611 26799 0
17546 27431 0
428 13687 0
17031 31065 0
10957 14325 0
11144 13722 0
27825 29162 0
11775 12859 0
4258 9372 0
7324 16555 0
4434 20163 0
5884 30658 0
18689 23905 0
24069 28262 0
1283 22332 0
13539 18836 0
10878 22304 0
11504 16239 0
17069 32411 0
4235 23404 0
9599 10847 0
11964 16820 0
15459 28281 0
2825 28227 0
2659 11568 0
27115 30592 0
23643 26064 0
11697 24656 0
24983 31504 0
6253 25905 0
20103 20314 0
15630 31256 0
3212 13311 0
9091 30036 0
11010 30508 0
14868 19765 0
11067 30449 0
3693 28153 0
25072 32463 0
9918 20409 0
28213 28611 0
547 17653 0
8758 22156 0
1372 15586 0
24277 28425 0
8736 11033 0
612 29825 0
23955 28699 0
2610 7961 0
8852 22022 0
16566 29856 0
7712 25394 0
9866 16034 0
16349 26793 0
21102 26966 0
12780 31055 0
7666 30206 0
11258 26068 0
18835 21960 0
11070 13239 0
22061 28505 0
18782 21856 0
11284 14007 0
22779 31892 0
4434 22025 0
21231 31798 0
5642 16438 0
5231 14631 0
13778 28298 0
8197 30795 0
4222 26347 0
9742 17675 0
18086 32340 0
23866 26579 0
5572 15282 0
11024 27797 0
8635 28005 0
7271 14661 0
6204 17621 0
11758 13403 0
784 9004 0
25765 31573 0
25390 32061 0
10546 13921 0
8717 18737 0
11511 16972 0
21057 31984 0
12333 22883 0
10755 12945 0
3425 22262 0
2238 8659 0
18731 22179 0
755 29496 0
27004 27656 0
1513 23376 0
8745 25908 0
257 4207 0
30198 30882 0
2191 9928 0
18998 24723 0
21651 28864 0
4897 15806 0
3492 28918 0
25131 30710 0
23117 27635 0
7101 22381 0
24824 25910 0
13992 29770 0
23314 27413 0
16091 17130 0
564 26767 0
9021 13582 0
10341 11280 0
22877 25891 0
2625 5189 0
19594 22063 0
24226 24438 0
8202 16540 0
1501 15175 0
5798 6565 0
12401 15629 0
6184 23775 0
4273 12060 0
6626 21164 0
2914 16179 0
21290 27334 0
9736 20263 0
5051 21719 0
13618 26009 0
17094 20587 0
5265 29924 0
6744 8331 0
4476 20371 0
2289 14628 0
26650 27191 0
3349 21114 0
3503 12318 0
9613 18400 0
18985 26820 0
19090 19859 0
21784 31196 0
29192 31613 0
14226 17513 0
5175 14203 0
11996 24855 0
5646 6686 0
20965 31169 0
12170 14140 0
15191 32352 0
17174 21912 0
13916 14146 0
7094 8118 0
3942 4936 0
12213 12327 0
15215 32673 0
570 24314 0
9548 31098 0
13508 16190 0
9274 22127 0
5775 32414 0
5715 18714 0
1188 21580 0
19473 29833 0
18796 20598 0
23811 30350 0
954 1079 0
2125 17984 0
16024 22731 0
8827 25893 0
5692 14745 0
4187 25432 0
7000 24550 0
7107 27077 0
17483 28831 0
28891 31710 0
26421 29003 0
13714 32550 0
26520 26982 0
23999 26126 0
21319 29809 0
2886 11990 0
16412 29506 0
45 12401 0
6804 11360 0
23688 31644 0
16761 32607 0
4298 26510 0
2517 4075 0
22330 30594 0
15064 22755 0
24864 27787 0
2430 8111 0
1488 13700 0
26682 29594 0
16653 28598 0
27885 30426 0
3529 27408 0
4343 11644 0
60 20243 0
9806 30543 0
8879 23818 0
1427 12497 0
9723 16003 0
2549 26184 0
4808 13082 0
2886 26799 0
6538 32627 0
9335 30268 0
18992 21650 0
20779 27595 0
6848 18490 0
2730 22246 0
3057 3926 0
2968 16666 0
10939 15208 0
10658 17726 0
5680 21423 0
1065 12241 0
23160 31022 0
5813 7037 0
2004 11940 0
3940 10677 0
4121 14872 0
24439 24861 0
13527 21930 0
6026 8278 0
1414 12397 0
22973 23253 0
19386 24877 0
12342 20837 0
20143 25065 0
6816 29597 0
6220 27083 0
16799 31610 0
28076 29604 0
875 4022 0
12521 15129 0
1080 17007 0
3153 20598 0
5777 6077 0
13146 30392 0
16221 20663 0
14844 19249 0
2280 18279 0
5263 9386 0
4252 28689 0
8744 18438 0
382 19894 0
19010 27039 0
27078 27515 0
16028 27231 0
23896 26930 0
2487 10308 0
9140 23658 0
7907 11612 0
3287 27273 0
20755 22498 0
15506 19582 0
172 11132 0
231 10078 0
20737 31418 0
13802 14207 0
3860 16211 0
4229 29886 0
3410 23914 0
3406 29350 0
721 17238 0
3634 29115 0
3008 18471 0
23492 27962 0
10143 27768 0
13595 31282 0
17704 28032 0
9724 16476 0
3520 30886 0
15479 29565 0
9456 19199 0
29773 30465 0
11953 27151 0
7667 26106 0
701 3948 0
23646 25680 0
10563 11026 0
9460 19924 0
10961 29299 0
14560 19432 0
743 11498 0
5300 21727 0
5176 24182 0
340 27156 0
10869 17647 0
3699 19561 0
19685 25713 0
13638 26775 0
10874 23105 0
14249 26375 0
2534 3010 0
11534 28133 0
4083 24337 0
5050 16099 0
10882 12049 0
18759 19893 0
12549 27112 0
21280 26259 0
16258 21763 0
25786 30471 0
24589 25239 0
9107 30955 0
19067 20721 0
10410 32746 0
8916 11012 0
16395 26881 0
5910 18849 0
11387 26056 0
2193 10531 0
196 21033 0
24955 29400 0
2016 23353 0
23228 30255 0
18424 27444 0
2118 15207 0
4047 27414 0
25567 30663 0
9796 16917 0
4454 10320 0
15546 29244 0
13661 31288 0
5473 24865 0
7578 16702 0
19644 23902 0
4309 10003 0
21072 21733 0
10746 12042 0
20393 31990 0
20129 32424 0
5668 21339 0
15331 28613 0
9344 26577 0
6918 31459 0
16819 28731 0
2177 3887 0
8117 13517 0
1110 24863 0
3562 19624 0
10478 21149 0
1488 24620 0
8474 31745 0
11936 21591 0
5350 7745 0
14928 31934 0
3248 32473 0
469 28245 0
14141 16566 0
4610 16774 0
6732 12961 0
29765 30840 0
20568 28803 0
16347 31963 0
14584 29182 0
16358 26836 0
19675 21876 0
24151 27408 0
8865 23087 0
7615 31730 0
5548 6287 0
7446 26834 0
8840 25763 0
11491 11725 0
24560 29728 0
8294 29601 0
10306 13298 0
14291 21617 0
17325 32011 0
16296 19308 0
6915 8341 0
405 13031 0
5121 10915 0
4702 17789 0
13276 16043 0
15966 24713 0
13093 25245 0
3386 3953 0
623 14656 0
19140 29131 0
11037 16481 0
12783 24418 0
9477 31286 0
11525 22273 0
15422 26249 0
12457 12915 0
24705 29276 0
26657 26936 0
6278 9094 0
16635 21470 0
15176 24183 0
882 17058 0
18498 27896 0
24572 32476 0
11941 30190 0
4536 6032 0
6661 20409 0
12842 23737 0
12842 16218 0
564 17741 0
7697 21623 0
7633 19068 0
2450 8880 0
1472 19726 0
11586 22722 0
1979 31782 0
11078 25268 0
18559 31293 0
26109 29222 0
1361 10908 0
21487 26986 0
15450 30720 0
3177 28134 0
6548 13996 0
5534 6386 0
7242 11755 0
18070 29923 0
292 15620 0
15058 18551 0
17239 18694 0
11161 23670 0
2335 8019 0
3670 23647 0
22623 28671 0
2833 16108 0
12562 16987 0
13567 19586 0
13274 15723 0
8368 10242 0
19321 19821 0
20288 25243 0
11140 21536 0
3293 31808 0
2275 32585 0
16935 20811 0
8787 12082 0
15690 28769 0
6374 27942 0
6793 12521 0
6274 29174 0
10502 11587 0
15480 20574 0
6376 21411 0
14338 15240 0
2456 30415 0
14690 29427 0
22631 32386 0
25898 30240 0
1383 24971 0
9036 18061 0
1614 4589 0
67 30084 0
28437 29506 0
12981 28028 0
20338 31806 0
19812 28456 0
5514 13053 0
28211 29045 0
12895 18326 0
2400 17738 0
5097 14596 0
24230 28520 0
917 30115 0
608 20043 0
8600 16097 0
2064 32417 0
2497 17254 0
6461 13157 0
12124 25147 0
3935 27391 0
6549 27995 0
658 3976 0
13752 13950 0
25240 27852 0
21033 21272 0
18270 20163 0
2099 20881 0
22918 26635 0
11622 18147 0
5764 15555 0
8723 24349 0
2337 30992 0
12241 15843 0
20988 22427 0
12012 30715 0
4 6161 0
9859 29231 0
1443 14591 0
4614 31440 0
3460 12806 0
29061 30826 0
25965 30726 0
26552 27317 0
2112 16924 0
17538 24345 0
7632 14538 0
6168 15489 0
3791 28941 0
17652 28782 0
11744 12869 0
15412 20885 0
3282 28676 0
12107 27946 0
14511 15603 0
5651 24534 0
11775 26009 0
18867 31179 0
19841 27293 0
28336 29624 0
2326 8923 0
193 25069 0
7860 12148 0
4428 21736 0
9379 32396 0
309 24190 0
22860 27265 0
20553 24947 0
13024 31039 0
14889 29584 0
698 26594 0
30912 31276 0
19022 25795 0
21492 22907 0
15252 32271 0
1987 11633 0
14919 28553 0
16165 19935 0
193 11438 0
22462 27074 0
15751 21029 0
4927 5349 0
20721 22301 0
5463 26857 0
3965 6646 0
11254 15369 0
25655 27865 0
21527 31562 0
9362 20704 0
18823 22970 0
30096 32752 0
8237 22053 0
14868 19813 0
15900 16382 0
29425 29950 0
10214 18968 0
256 26578 0
25156 26611 0
25749 31700 0
512 23766 0
4200 26600 0
7724 18586 0
11731 11946 0
6488 15728 0
20113 31661 0
9132 31945 0
2405 30163 0
25134 28434 0
8623 26299 0
9144 28090 0
3141 25828 0
8341 25241 0
5099 15928 0
2962 30170 0
16747 32499 0
1915 14211 0
16737 23253 0
2512 15294 0
20752 28500 0
23260 31172 0
14419 22687 0
1255 7075 0
4269 22940 0
14342 14715 0
4519 24190 0
4340 4504 0
4860 10657 0
9485 23425 0
10862 17583 0
5682 29455 0
14324 25463 0
5921 29463 0
14206 24873 0
14242 26679 0
15568 29556 0
11728 26265 0
17485 26821 0
10925 29780 0
19464 32300 0
13981 19445 0
654 32668 0
13528 22543 0
3414 12404 0
12048 18064 0
10333 15074 0
15100 25149 0
3938 13745 0
16920 27114 0
9377 19583 0
11908 25249 0
5972 18506 0
4378 20619 0
9944 23361 0
2569 3408 0
193 12727 0
2108 10170 0
6563 26710 0
2889 8378 0
9885 16787 0
6023 22109 0
9429 11576 0
13114 17816 0
16371 20705 0
6570 30260 0
18595 24704 0
21158 25164 0
15126 18139 0
7501 27268 0
7689 21889 0
13047 21020 0
16029 30712 0
3601 5914 0
15398 30442 0
24191 31971 0
13811 31069 0
3877 26037 0
381 23942 0
8809 13603 0
24517 29290 0
16150 25142 0
23253 26971 0
4218 5703 0
22809 29093 0
9240 11862 0
25993 32604 0
1271 24247 0
5389 21759 0
10978 25295 0
3928 18842 0
14182 16155 0
12471 22002 0
17879 20522 0
4974 6709 0
2314 27614 0
25607 30875 0
5020 14383 0
18518 32112 0
11175 22122 0
28562 32242 0
12055 24039 0
3450 11311 0
1674 10273 0
8488 16182 0
5532 32621 0
16037 30839 0
9267 13487 0
10654 14366 0
2051 21718 0
4426 20514 0
94 3080 0
4618 29093 0
14461 16991 0
5732 6913 0
1287 23901 0
3009 4611 0
15552 17983 0
5796 16052 0
25519 32218 0
16470 27825 0
6592 19699 0
7365 29772 0
8091 15979 0
4712 8609 0
22378 32121 0
13453 26961 0
24996 30689 0
14772 24866 0
2822 3831 0
77 2625 0
3729 21670 0
5143 31462 0
15956 16798 0
10521 29270 0
2147 28518 0
4043 21440 0
5299 6523 0
18637 24961 0
360 24577 0
11065 17878 0
14201 21029 0
15543 18883 0
17948 20905 0
7506 22596 0
14412 23653 0
10541 11156 0
3268 4936 0
10862 19010 0
25873 27205 0
4889 23639 0
2555 25327 0
11462 27298 0
6125 32525 0
23146 27628 0
6967 9048 0
6311 29608 0
1860 32583 0
7647 8417 0
1799 31648 0
11002 15478 0
5564 16571 0
14438 23319 0
21697 24481 0
15176 18195 0
6771 8761 0
20982 25316 0
1250 14219 0
26519 29832 0
22497 29879 0
1890 8516 0
3754 16972 0
4379 26669 0
22800 32281 0
7402 19781 0
6151 15780 0
5325 12055 0
584 18565 0
3348 15662 0
16254 31804 0
27878 32411 0
9995 27752 0
26299 26740 0
9849 15192 0
1103 16607 0
5584 25783 0
9931 28149 0
3231 26496 0
13832 30066 0
6593 27960 0
42 11294 0
2333 17203 0
8666 15511 0
11085 12777 0
31940 32717 0
24218 29434 0
9607 15898 0
14948 25800 0
11484 29967 0
10489 12190 0
11451 14685 0
21241 31055 0
25024 27748 0
9845 23827 0
19065 19436 0
15257 26082 0
11212 31933 0
12532 28962 0
131 2580 0
1544 29479 0
12674 31848 0
12085 25146 0
2923 4814 0
3246 7847 0
905 3337 0
9203 30795 0
8554 12529 0
7359 20636 0
8430 30564 0
9582 13638 0
21185 23242 0
14677 30936 0
1389 32008 0
12887 24615 0
2130 4997 0
7355 28031 0
347 24689 0
13116 25487 0
1234 18937 0
4095 29554 0
1441 30978 0
3504 6807 0
18508 21804 0
4089 31045 0
19702 27091 0
4810 16984 0
10315 15391 0
19390 30931 0
589 23358 0
27149 28411 0
12073 13959 0
14757 16946 0
2780 4316 0
3904 28137 0
14333 28890 0
8186 21252 0
23429 29720 0
8807 21962 0
7340 15938 0
21073 31011 0
1973 25939 0
5769 14279 0
13267 31408 0
28300 30108 0
1439 22442 0
2382 10213 0
18531 29504 0
21119 26375 0
28418 28715 0
129 24455 0
2859 21682 0
6045 11743 0
11692 14676 0
12208 22477 0
2899 4842 0
6371 18072 0
3300 29103 0
1050 7591 0
10014 22583 0
16622 23424 0
10860 31430 0
9104 13039 0
13834 15141 0
16294 28447 0
2851 9352 0
3481 19791 0
703 9372 0
23422 27375 0
18335 24750 0
25311 28363 0
12673 18790 0
9455 19428 0
448 11558 0
3497 7497 0
1826 17214 0
11275 19677 0
8416 14307 0
8194 25708 0
3528 19469 0
23599 27367 0
7552 29492 0
16858 18289 0
18499 27280 0
18537 30949 0
5936 24531 0
22777 31040 0
6134 27764 0
13128 30645 0
19339 30200 0
4365 13400 0
3504 30069 0
15584 18482 0
16184 23622 0
8418 21915 0
20664 30812 0
30083 30838 0
9303 24941 0
8263 26216 0
840 12925 0
2580 30605 0
1284 12704 0
10105 23856 0
22894 29912 0
21110 26371 0
3972 27237 0
23430 28947 0
12833 27394 0
26058 26275 0
1492 2831 0
2162 24508 0
5404 32081 0
16568 20021 0
13429 24042 0
9271 19037 0
3757 21763 0
26954 27035 0
24192 27693 0
4336 21387 0
5710 21933 0
4437 13937 0
13035 26798 0
14076 25876 0
4390 31414 0
6302 16860 0
25294 31139 0
7183 30962 0
12596 22572 0
10154 28104 0
18552 29068 0
9353 14322 0
1537 27156 0
12488 20436 0
14983 23577 0
5743 22207 0
29335 32372 0
7294 25830 0
3858 23296 0
11271 25408 0
5408 11693 0
2901 12132 0
16438 24947 0
21664 25556 0
15166 17965 0
3863 24051 0
8770 24048 0
6983 20637 0
4593 31874 0
7031 15053 0
10073 22179 0
12509 26982 0
12544 16371 0
12990 24342 0
15313 27908 0
10316 22900 0
20808 25648 0
15412 15478 0
12290 21512 0
15806 20556 0
2428 17556 0
12919 20155 0
27015 32483 0
20915 26266 0
4996 24263 0
8601 32196 0
28939 29495 0
1455 24970 0
2707 29858 0
15958 26175 0
3371 3638 0
2179 18040 0
11158 11207 0
3965 4174 0
15550 27223 0
5771 15030 0
4258 12845 0
19606 28887 0
6564 23687 0
4364 19501 0
4879 15373 0
16236 26619 0
146 11359 0
25738 27399 0
18149 26731 0
27013 31651 0
9174 24929 0
4098 17013 0
17256 22674 0
15603 32428 0
13796 30821 0
327 15442 0
2962 10134 0
16298 19855 0
13171 31106 0
14311 15935 0
6349 16282 0
2909 11910 0
6775 8467 0
3987 16183 0
11515 26571 0
7820 24705 0
21284 22194 0
5932 20617 0
6245 24173 0
4961 17474 0
2486 13169 0
11873 24627 0
11241 18097 0
5794 17779 0
4497 32440 0
12164 28432 0
19113 30467 0
18728 22825 0
5114 24467 0
3831 20846 0
23844 26096 0
1961 5658 0
353 19294 0
11829 15359 0
789 22606 0
9434 23168 0
4283 26227 0
10786 21901 0
26996 27441 0
18704 19573 0
14653 27242 0
8483 20705 0
23162 25583 0
671 10641 0
603 13853 0
3337 29400 0
28 19873 0
3870 23980 0
21452 23973 0
19992 26461 0
17805 30624 0
17054 31652 0
14939 17795 0
2261 17303 0
21080 23154 0
17944 24301 0
28599 31447 0
5617 30213 0
11473 21839 0
10753 30975 0
13043 15067 0
12973 30226 0
5006 13488 0
14457 24362 0
12197 27592 0
4114 5348 0
16975 19810 0
8688 32235 0
13230 18186 0
19601 25530 0
21795 31077 0
12026 18205 0
11839 14911 0
12416 22377 0
24298 24935 0
25785 28042 0
9300 21177 0
7515 14627 0
2195 15750 0
25101 26560 0
5126 14893 0
18699 19247 0
7438 10593 0
1955 10243 0
16557 19087 0
5137 21177 0
7576 28616 0
3908 25846 0
17123 24086 0
11919 21198 0
18296 25859 0
13303 20863 0
6272 7989 0
6572 27379 0
23364 32649 0
16904 27842 0
13471 22690 0
2223 22033 0
8656 13078 0
9982 21029 0
3991 17746 0
13083 30801 0
160 15410 0
418 2380 0
14082 24698 0
9399 28444 0
1633 29629 0
12797 22046 0
13711 23992 0
3463 8474 0
2569 4051 0
2237 26970 0
12358 27603 0
4560 20022 0
2280 9646 0
14911 19857 0
3756 27796 0
6679 8088 0
4721 7659 0
10359 32061 0
1709 18652 0
8994 14248 0
11203 12537 0
14603 27815 0
571 27400 0
3572 16913 0
10004 28592 0
579 15603 0
6115 9816 0
955 28628 0
1897 16279 0
11143 15272 0
13716 27692 0
25157 27342 0
7575 7657 0
19972 25096 0
21999 30385 0
7860 21262 0
3178 31592 0
18011 25439 0
21577 21727 0
4119 21555 0
5472 20389 0
19108 30467 0
22286 24601 0
2270 27642 0
7816 29467 0
15688 25976 0
5720 21906 0
15412 25830 0
5851 6884 0
6381 31880 0
4990 32449 0
7613 22144 0
21330 23441 0
2875 21624 0
18516 25122 0
3436 22917 0
14115 24828 0
13070 29146 0
1940 17095 0
3970 12257 0
4278 29002 0
5139 12783 0
15215 16846 0
13832 15161 0
1942 24320 0
17197 32323 0
17564 24397 0
11375 20810 0
4848 29308 0
18496 19166 0
23207 31239 0
22313 31824 0
19257 30810 0
14195 23817 0
18357 29604 0
2819 9132 0
17832 17903 0
296 23374 0
12168 18865 0
14988 15998 0
3224 8431 0
16903 23925 0
11912 22164 0
16724 26722 0
6277 9835 0
4851 31880 0
10807 24857 0
18015 24324 0
2019 29438 0
22801 25295 0
22512 30130 0
12729 27781 0
8888 32559 0
5576 23508 0
5121 28511 0
2037 27648 0
25646 30179 0
14011 25695 0
22146 25302 0
6365 31448 0
7581 29007 0
14969 26063 0
16626 28905 0
24679 30663 0
25440 28200 0
22827 28012 0
5353 12234 0
744 26277 0
19940 27277 0
9010 28097 0
6839 9336 0
11426 28894 0
3731 12578 0
649 7488 0
459 16980 0
2598 19728 0
15955 27280 0
12822 24306 0
19576 24407 0
7810 18649 0
5104 18200 0
10017 14590 0
4049 21565 0
8313 19365 0
19891 29953 0
2901 15013 0
22061 31227 0
4730 7860 0
5267 7519 0
18098 21080 0
13730 29516 0
1901 2122 0
4487 11979 0
1074 10503 0
6921 16803 0
5242 14831 0
4052 6927 0
14796 31277 0
331 28135 0
11717 21420 0
19403 26725 0
11620 28369 0
24161 31594 0
9333 17928 0
13945 19920 0
3559 25716 0
13312 14151 0
5575 17140 0
13172 21831 0
1145 15331 0
15078 27918 0
11246 23787 0
3402 18252 0
4304 23764 0
5227 5429 0
9666 24387 0
9274 23595 0
3244 4724 0
12882 19781 0
9416 24613 0
7464 27921 0
6702 32017 0
688 3066 0
7878 12026 0
22534 23960 0
7144 31240 0
30423 31310 0
11711 25707 0
660 26895 0
21834 25430 0
10397 11834 0
24570 29281 0
18291 21346 0
10687 12414 0
1858 24010 0
2043 13317 0
18599 20124 0
364 29129 0
7578 30972 0
3207 32191 0
7497 23858 0
14936 16158 0
13374 26498 0
11578 14499 0
9713 23960 0
20114 29148 0
4030 10906 0
2964 14686 0
7855 22607 0
5596 17199 0
21105 23355 0
2272 16979 0
12635 19851 0
3553 25562 0
768 907 0
2122 8580 0
16258 19278 0
18546 28155 0
14979 20672 0
1497 31128 0
16936 28066 0
20676 24521 0
10389 28429 0
18042 29137 0
7439 27474 0
1224 8771 0
13272 18717 0
183 27985 0
11149 26902 0
13446 18894 0
28905 28961 0
19592 31568 0
18519 20936 0
14199 24799 0
17482 24295 0
3745 19398 0
4070 29694 0
6202 7236 0
1644 11210 0
7151 27637 0
7153 9868 0
24629 28552 0
5599 24712 0
2240 22335 0
4979 6279 0
1292 32625 0
18006 26173 0
3800 28939 0
8517 15012 0
12810 14501 0
4191 13993 0
3131 26115 0
765 4186 0
14629 16028 0
25181 27445 0
15376 21296 0
6967 32155 0
8432 15791 0
19953 28562 0
25179 31291 0
6430 32587 0
13996 14604 0
8341 18704 0
11298 16717 0
2163 31544 0
15293 15678 0
5897 17215 0
19087 30696 0
29820 32039 0
17354 25098 0
4751 6827 0
2314 8403 0
8480 24001 0
27005 30134 0
1688 28464 0
12519 28265 0
17751 26652 0
16606 27303 0
7783 32345 0
12175 31854 0
22534 27873 0
6199 30337 0
5447 11051 0
2791 15274 0
15781 29860 0
28880 31082 0
18199 19859 0
19993 25891 0
29676 29758 0
11571 12230 0
761 16318 0
9506 16009 0
17088 31702 0
572 8488 0
7669 11120 0
26876 28175 0
3995 17280 0
8632 21934 0
1700 22114 0
15253 15992 0
8117 18708 0
5421 23364 0
22871 28173 0
8860 25665 0
6620 11856 0
783 24673 0
22829 28321 0
987 24908 0
9802 30984 0
7851 9256 0
7551 21909 0
6925 28431 0
3158 21877 0
3078 29313 0
95 4900 0
3215 19419 0
13321 29849 0
10904 14689 0
11441 23605 0
11403 21427 0
14649 22830 0
9556 22726 0
18563 24589 0
6048 18342 0
20474 21294 0
8500 21536 0
16905 23363 0
25807 31712 0
4049 5281 0
2760 25808 0
22456 28593 0
11345 12504 0
10640 23492 0
1965 26790 0
13424 26692 0
12343 19114 0
568 14372 0
3647 10805 0
17060 17880 0
4887 31342 0
15632 24711 0
11031 31567 0
21891 30219 0
13494 16781 0
25841 27043 0
820 4839 0
8687 14921 0
6425 27312 0
13531 23942 0
22191 27216 0
69 17925 0
6592 14469 0
13965 31998 0
9710 30738 0
4674 30926 0
20352 23526 0
10957 14163 0
7573 9206 0
14043 19070 0
11981 14219 0
15123 22684 0
22278 26250 0
301 13381 0
2931 15448 0
5774 19640 0
2954 30194 0
7669 11060 0
4918 20150 0
11770 17272 0
23819 23857 0
10031 11423 0
3662 26139 0
5744 11730 0
6227 6637 0
2489 14452 0
4967 14600 0
14458 28362 0
19307 26123 0
4764 9208 0
15519 26639 0
9244 26473 0
1967 21915 0
11201 15634 0
15369 18762 0
4442 22074 0
8511 30572 0
16188 18170 0
12328 29668 0
15673 23109 0
352 25256 0
13286 23973 0
19395 30789 0
17251 31087 0
19032 29430 0
17995 31959 0
9694 28693 0
15149 25456 0
3366 29380 0
2024 24797 0
2494 3646 0
11613 23570 0
855 16757 0
22163 28468 0
12010 18152 0
4843 7273 0
19765 29996 0
14418 15008 0
289 26496 0
528 1482 0
16011 28172 0
3612 12411 0
111 5802 0
15941 29131 0
18328 19779 0
15319 20651 0
277 29778 0
576 18499 0
21689 30052 0
4266 9559 0
922 8607 0
28164 28991 0
22163 25144 0
1722 25386 0
7362 14587 0
23232 24860 0
4295 14858 0
14282 21677 0
17810 24079 0
9968 11372 0
3930 14404 0
13119 25672 0
11087 19908 0
13829 26701 0
3451 9894 0
4070 27264 0
28227 32638 0
14587 16848 0
18132 27635 0
12993 18205 0
18405 24309 0
6307 29619 0
5812 19657 0
7881 29046 0
2179 11911 0
12435 27501 0
8298 9033 0
24833 27734 0
11478 20907 0
9375 21433 0
17401 19036 0
6484 7455 0
5077 30487 0
9360 12509 0
10031 29860 0
14268 28326 0
2990 27594 0
13097 31137 0
17864 31827 0
12993 31408 0
6214 13455 0
16895 23424 0
331 13134 0
9493 19546 0
25543 32105 0
4298 15184 0
4895 20765 0
4710 31556 0
23006 24153 0
22053 27779 0
6373 18062 0
7194 22230 0
12647 12721 0
4437 16227 0
14756 30854 0
4331 13987 0
4329 20376 0
8419 19060 0
7205 10667 0
20165 30861 0
1239 30666 0
10071 26045 0
3113 13611 0
2807 6292 0
1611 10969 0
12265 26132 0
27630 32052 0
92 25259 0
607 731 0
11519 32416 0
8238 24316 0
24801 24882 0
12474 15573 0
15963 23214 0
12447 29242 0
15439 22063 0
18956 25158 0
22005 22739 0
3262 9311 0
9040 30790 0
4397 8198 0
17666 24041 0
12038 30046 0
8364 22907 0
2183 28886 0
5920 23008 0
1692 28161 0
14552 18346 0
29075 32235 0
4262 10606 0
12906 17609 0
2686 3061 0
3669 15729 0
12365 29801 0
6906 9246 0
2486 3987 0
4773 24893 0
16911 31460 0
6677 25251 0
16971 31110 0
11253 12044 0
25911 28451 0
2754 21309 0
27932 31038 0
10340 14699 0
5108 19972 0
5395 22861 0
7158 31420 0
23352 23363 0
28659 29290 0
4925 25480 0
17950 31240 0
6333 7159 0
14918 32078 0
26177 30555 0
16653 27256 0
5733 12098 0
11498 23620 0
293 1456 0
4927 17374 0
6791 9594 0
14209 27829 0
3975 9302 0
2707 19496 0
23376 27810 0
25962 30163 0
7228 18278 0
20775 25222 0
5435 6636 0
3329 22862 0
20760 24954 0
24179 28239 0
9142 12567 0
3143 14004 0
20902 26870 0
127 13768 0
16700 17497 0
8954 29012 0
29652 32600 0
13834 25602 0
24765 31470 0
3982 29513 0
12727 24442 0
9711 29038 0
1802 6065 0
18280 21820 0
29069 30093 0
9084 32652 0
9548 32426 0
641 12993 0
2274 15345 0
7486 18974 0
21955 22599 0
24237 26386 0
4864 17612 0
15517 26506 0
20315 32200 0
5526 14101 0
3183 32387 0
5378 31157 0
16984 31898 0
17089 27472 0
954 25337 0
13061 32468 0
23619 29278 0
1873 3121 0
1446 27479 0
2176 17755 0
20829 25476 0
23757 28477 0
6271 29887 0
15361 31883 0
1203 29484 0
18937 25151 0
2710 20942 0
16825 31617 0
23861 28180 0
6347 21838 0
11586 28572 0
1785 30137 0
28944 32573 0
13975 23205 0
10343 25137 0
1911 17868 0
10320 27977 0
2290 12732 0
3798 12331 0
1702 5141 0
1981 12190 0
15794 22348 0
15381 21747 0
4907 13116 0
4802 27776 0
5454 6891 0
8630 21348 0
14760 19822 0
11522 30584 0
4860 20211 0
25698 30915 0
25444 26032 0
8903 10476 0
16478 25805 0
2948 3346 0
11449 24953 0
3571 22823 0
7292 24065 0
17795 28379 0
2624 17276 0
13953 24540 0
22786 28402 0
5984 17288 0
2864 18770 0
6259 28214 0
22166 25222 0
20614 25501 0
12167 30024 0
10135 11031 0
8272 32434 0
21770 28788 0
761 21370 0
2863 22378 0
22567 30736 0
10328 10636 0
10171 20225 0
8626 10854 0
13992 21024 0
23158 24401 0
29751 29760 0
19638 26020 0
2995 16014 0
24085 31997 0
2942 14453 0
9873 32634 0
1545 13739 0
5542 23439 0
22228 24618 0
5443 28695 0
6499 28743 0
5704 24276 0
4013 21817 0
28054 28256 0
1154 16819 0
15846 16209 0
3551 14488 0
1747 15416 0
22676 28749 0
15950 24357 0
15763 19567 0
22831 26650 0
3783 32758 0
4005 14234 0
30728 31563 0
4286 6687 0
19297 20213 0
1615 9016 0
308 14980 0
3593 29548 0
22735 31469 0
8945 28104 0
7500 21684 0
9725 11842 0
9080 17667 0
25202 25684 0
24773 31156 0
12662 28275 0
5077 6092 0
3573 25893 0
84 20124 0
21276 23429 0
3999 26142 0
2783 28611 0
8430 32198 0
11169 19572 0
2511 31501 0
10966 13559 0
10184 18123 0
13124 20016 0
4767 18926 0
9931 31679 0
2646 3716 0
16783 31707 0
15959 26503 0
2183 6079 0
7759 28425 0
9628 18059 0
832 3100 0
30010 32437 0
18356 27046 0
10601 20975 0
11715 32595 0
7965 14038 0
19742 29329 0
6365 19789 0
3145 19536 0
201 31607 0
3973 6431 0
699 4754 0
12620 24489 0
11843 19457 0
14135 15057 0
4478 11632 0
11396 11825 0
19022 22175 0
18061 20636 0
7452 10655 0
1280 6890 0
26671 30330 0
745 26091 0
138 7512 0
14007 22888 0
3214 4825 0
1427 26566 0
11833 29912 0
6400 26468 0
4802 6609 0
20533 28750 0
8820 24579 0
20907 31133 0
78 3279 0
2833 26769 0
1851 3717 0
18770 26500 0
8227 17743 0
7695 20340 0
3238 14198 0
15991 30760 0
9306 13093 0
2231 16830 0
9454 15689 0
16400 18334 0
7225 18043 0
3443 11987 0
6761 30679 0
23454 30966 0
903 16503 0
3651 23553 0
10636 31323 0
18827 27089 0
21978 32753 0
2041 18755 0
12257 17525 0
2235 30428 0
3484 25197 0
18996 22856 0
25875 26923 0
2242 12687 0
2734 15737 0
4301 6151 0
2546 16346 0
374 26787 0
8070 12683 0
3867 3956 0
20319 23887 0
14354 17131 0
12893 26841 0
18886 19896 0
7179 11784 0
1398 6419 0
4989 8456 0
8560 14973 0
11040 14215 0
14765 29217 0
10191 24731 0
4392 14466 0
14301 19644 0
9972 22628 0
7065 9276 0
995 12321 0
12243 15301 0
10374 12976 0
9495 31772 0
7923 9431 0
28213 29340 0
1294 16871 0
30216 31338 0
10192 12150 0
15463 24202 0
30621 30727 0
2435 17789 0
8914 16248 0
12477 28011 0
3496 31273 0
2266 4849 0
8401 11602 0
7725 32246 0
20845 22044 0
6905 14409 0
8118 14825 0
22685 31602 0
2894 8460 0
9853 18643 0
8303 22683 0
5696 23645 0
8148 31103 0
1701 16578 0
2102 11774 0
13275 15902 0
3714 26752 0
10452 18335 0
13551 23421 0
7623 23560 0
2311 10862 0
13873 26288 0
7386 16291 0
19846 29131 0
4941 28396 0
9860 22045 0
12830 29337 0
29163 29503 0
20369 27851 0
990 6465 0
4259 30789 0
1821 21612 0
2099 14395 0
6859 11905 0
13622 26919 0
5076 11338 0
26005 27878 0
10513 16513 0
1543 18910 0
16102 32557 0
14848 16913 0
28091 30247 0
4415 11406 0
9584 18601 0
2091 25621 0
14610 17047 0
15870 24551 0
22625 24060 0
26618 28569 0
13623 31902 0
16143 23657 0
4346 6547 0
6853 15701 0
18860 23336 0
17320 29614 0
3076 24531 0
21401 31178 0
14299 14522 0
2878 7311 0
13616 21433 0
16861 31390 0
17384 19101 0
804 13702 0
2295 21754 0
21722 23319 0
3641 10073 0
4725 6344 0
2116 27738 0
9866 29002 0
22199 25458 0
9233 29248 0
8633 16995 0
11812 31626 0
3193 25025 0
20699 30044 0
3163 9408 0
20515 28782 0
7795 25279 0
16445 23678 0
15960 28528 0
20171 28223 0
5434 19140 0
6289 22682 0
24746 31015 0
28085 30577 0
12050 26108 0
5488 23271 0
2885 14110 0
19585 30706 0
782 9538 0
6066 25816 0
11215 13919 0
10556 25284 0
4984 27576 0
13681 22563 0
11349 21771 0
518 28756 0
131 15386 0
18109 18950 0
17788 20520 0
17995 19782 0
3532 4921 0
1545 17115 0
20457 21059 0
5956 14830 0
29557 30435 0
12018 32596 0
11094 27725 0
872 12001 0
4041 9271 0
3511 16640 0
17160 28976 0
5745 11508 0
25460 29562 0
21022 23398 0
1668 23830 0
3389 26969 0
8417 10414 0
12126 29726 0
14735 25958 0
12888 20753 0
10322 22399 0
22018 26858 0
2250 17455 0
21735 29187 0
4593 14640 0
298 8825 0
679 7980 0
12779 29120 0
16932 30795 0
12286 15089 0
5502 27059 0
27355 30426 0
12441 18832 0
7662 26031 0
8905 12664 0
12144 24362 0
13593 32546 0
10746 26625 0
3607 28570 0
2412 21498 0
4655 24037 0
21552 31657 0
2182 7465 0
6705 27767 0
14666 14681 0
5863 21916 0
2986 6207 0
17679 25439 0
10521 30012 0
441 27406 0
24803 31915 0
13515 29050 0
2060 19211 0
16758 18815 0
15987 26327 0
4699 30432 0
1286 18771 0
16007 22609 0
16256 23501 0
2522 22022 0
10839 24752 0
23945 30776 0
16969 19195 0
13321 27190 0
214 8380 0
1212 23999 0
9548 12560 0
10410 21823 0
19582 23398 0
17102 19081 0
7198 8999 0
27153 29657 0
15347 21884 0
20564 27597 0
5721 18387 0
11134 30547 0
9824 26814 0
3346 15638 0
9253 21145 0
15505 23066 0
7591 20922 0
12353 14328 0
3821 19263 0
6075 12619 0
5997 26295 0
6266 25640 0
24009 26968 0
11724 16678 0
8504 17310 0
11492 22095 0
8017 10876 0
24793 25122 0
2994 32435 0
9166 18794 0
1535 5596 0
4817 21087 0
7505 21999 0
14206 18946 0
6321 27597 0
1582 13552 0
12535 28765 0
138 15310 0
4093 10338 0
5381 15054 0
5371 24340 0
13752 31191 0
3334 11432 0
14215 31832 0
17358 17553 0
8833 16369 0
4809 9554 0
480 23406 0
9411 29679 0
16410 29110 0
11820 17060 0
11734 23000 0
6007 17791 0
6136 6143 0
7035 29443 0
11862 26040 0
2770 24519 0
5071 28901 0
14515 20639 0
9411 17466 0
18745 19281 0
19862 32704 0
11457 23097 0
24917 28977 0
486 18768 0
7466 24448 0
2122 12890 0
1604 23541 0
32252 32398 0
1788 13316 0
28 17635 0
26021 27007 0
9828 19858 0
21973 28750 0
14018 23925 0
5909 16063 0
7292 7659 0
4474 16361 0
19923 30249 0
18173 20826 0
11318 18964 0
11637 14361 0
4371 27752 0
7626 24690 0
21803 30307 0
22275 27118 0
26330 28807 0
5784 32250 0
4788 10479 0
5714 8457 0
20596 25962 0
12839 15293 0
5095 29069 0
11963 25439 0
20800 22879 0
14634 18712 0
11959 22201 0
195 28472 0
3268 18445 0
16534 20132 0
1857 3653 0
3831 5718 0
929 15748 0
9029 21652 0
5045 22893 0
16690 23211 0
3847 15039 0
9394 32764 0
15469 17606 0
3914 9135 0
5661 24646 0
9696 15846 0
29202 29206 0
10762 30056 0
138 23457 0
20887 30489 0
19301 23176 0
4916 14430 0
8275 23927 0
1477 1718 0
3069 10229 0
3885 10236 0
15293 28594 0
4368 23713 0
20582 26814 0
5848 16555 0
1404 23886 0
15272 21692 0
9834 22407 0
9001 21576 0
2876 9161 0
7695 16402 0
7441 11062 0
15203 23517 0
4661 30364 0
29085 29784 0
21668 26352 0
24195 28218 0
22149 24534 0
23611 24627 0
3757 10777 0
15013 26770 0
18480 25376 0
6301 17151 0
87 15861 0
7076 24535 0
3542 23307 0
13117 20429 0
5764 12686 0
11590 16018 0
4432 19561 0
12939 25918 0
4580 7587 0
19828 21159 0
375 17552 0
3772 30120 0
14812 20926 0
2468 12271 0
12293 23412 0
11752 27397 0
17143 19905 0
2491 9555 0
3982 5552 0
3212 24161 0
4606 24273 0
18834 25416 0
12244 18479 0
3768 9918 0
4409 10771 0
14913 14978 0
17097 29485 0
5588 9025 0
19506 28910 0
21026 27640 0
4280 11789 0
2336 4791 0
24837 32689 0
7373 30941 0
5385 27284 0
7310 11452 0
10688 25661 0
19229 29352 0
5223 16071 0
26373 27513 0
6567 28860 0
17193 19212 0
11450 13548 0
7874 12093 0
22759 32751 0
9215 12362 0
7046 25898 0
2351 11948 0
7011 32354 0
4891 8118 0
15906 21852 0
26132 27533 0
13076 14344 0
12454 20851 0
10610 16713 0
9317 24057 0
24875 26400 0
18028 27011 0
4489 4877 0
5830 8156 0
6891 20307 0
19780 21086 0
4530 31500 0
16753 32520 0
2378 7707 0
7965 27364 0
825 31014 0
3932 10260 0
22296 31893 0
10964 12930 0
16751 30906 0
7040 15641 0
20094 20999 0
15145 25162 0
889 22224 0
11040 15198 0
2106 29855 0
7432 9885 0
13469 27088 0
16649 18470 0
10921 19054 0
15442 25192 0
5776 16179 0
12177 32424 0
12800 24879 0
19837 25985 0
15611 32766 0
333 26463 0
5754 10261 0
9533 29956 0
2422 21703 0
2052 18704 0
12818 27154 0
2185 23368 0
13341 15648 0
29169 29582 0
11456 16795 0
30695 31893 0
20674 27238 0
3909 23096 0
1174 28814 0
5845 20409 0
7775 20555 0
6521 11424 0
6340 13608 0
7385 19712 0
6069 29758 0
7639 19468 0
27061 27116 0
17673 24222 0
23501 25827 0
20224 23017 0
6606 25826 0
9510 27041 0
5907 12539 0
2122 5231 0
24436 26006 0
25549 30653 0
5587 13546 0
2470 31417 0
806 30452 0
6065 14345 0
7810 8296 0
3512 5812 0
16482 28269 0
18375 24286 0
19947 31319 0
20856 21876 0
15379 21892 0
13783 15174 0
15206 23696 0
12064 19535 0
1600 18465 0
11211 18850 0
8089 11544 0
2265 11815 0
11963 16350 0
10895 25812 0
22324 31598 0
4936 24807 0
1881 12758 0
17924 19019 0
22206 27833 0
17039 28794 0
7632 29888 0
1076 6856 0
8036 9980 0
1061 13560 0
1237 22484 0
7574 31269 0
13553 15126 0
13375 15675 0
23996 31023 0
379 27357 0
185 8675 0
25338 27057 0
11878 20442 0
13567 20258 0
4952 23159 0
3376 5008 0
2371 25558 0
1329 5812 0
787 27575 0
16405 18738 0
2963 12240 0
12554 29927 0
3867 8483 0
6699 11554 0
6486 17719 0
11325 32216 0
16548 18868 0
17168 24144 0
7773 27430 0
18936 23461 0
2403 31075 0
1463 15832 0
1030 2222 0
891 26588 0
14573 29641 0
14004 26804 0
4796 9043 0
9432 24250 0
10072 24959 0
6109 13340 0
19092 26220 0
17242 18626 0
3438 22503 0
11270 14793 0
27260 31739 0
7699 31279 0
21025 27583 0
5701 22708 0
26192 30353 0
1108 3198 0
10715 29130 0
16151 28653 0
7823 31133 0
17062 20854 0
14055 15978 0
18537 19094 0
668 30506 0
25874 28890 0
5565 31063 0
18 3429 0
385 7964 0
1196 31460 0
5066 18129 0
632 29699 0
7349 11370 0
17116 19707 0
5864 16427 0
11293 16252 0
3310 8268 0
6013 9106 0
14088 14885 0
3989 8266 0
6918 18775 0
23392 28582 0
3188 22176 0
17445 18357 0
6727 10542 0
15792 16728 0
179 5060 0
18322 26118 0
6068 9530 0
2358 25264 0
10492 20873 0
10882 24102 0
18740 30599 0
23773 32527 0
5871 24827 0
1050 12798 0
11099 28906 0
340 11668 0
1358 14215 0
9287 12334 0
11579 11586 0
714 14176 0
19950 22792 0
8915 17659 0
18638 23298 0
2740 7626 0
2796 5771 0
338 14430 0
2694 5030 0
5740 17350 0
11777 22280 0
1381 13253 0
1416 18295 0
19639 30815 0
2443 28238 0
9916 13325 0
2045 26938 0
8187 13434 0
25734 26894 0
4473 26404 0
6145 20801 0
19014 32474 0
27729 31513 0
20290 25328 0
5506 31629 0
11221 28046 0
15536 22361 0
7136 12471 0
2026 6689 0
24072 29444 0
3380 25193 0
14775 22690 0
8068 29600 0
2985 26049 0
2567 14798 0
20678 25280 0
4687 26232 0
26278 27301 0
2279 24313 0
11829 30585 0
2428 23400 0
12147 19848 0
18984 22083 0
8333 25423 0
5876 12276 0
18119 20357 0
6442 26234 0
13085 15235 0
24919 27241 0
14066 32150 0
21811 28678 0
3599 24057 0
4262 11575 0
24427 25876 0
3107 12852 0
823 17515 0
3449 22449 0
7863 18887 0
16815 25599 0
14350 14957 0
2113 24277 0
11296 11316 0
3167 30477 0
25455 32691 0
9883 32757 0
463 16257 0
9168 26988 0
30290 32594 0
825 8394 0
2768 7021 0
10561 23823 0
21356 30756 0
7411 16494 0
4249 11986 0
9605 31182 0
4945 6306 0
2510 9288 0
26392 29584 0
1362 20770 0
3206 22231 0
3229 8819 0
18090 29847 0
3872 18498 0
3272 5906 0
13718 24871 0
7401 23835 0
24652 31485 0
28577 30039 0
15129 24050 0
6746 19175 0
14314 20719 0
2876 14474 0
541 17738 0
7850 16922 0
3385 18182 0
10300 14997 0
6194 22671 0
18513 32138 0
28359 28770 0
19633 32119 0
9613 23546 0
8500 8737 0
2455 20270 0
4385 13880 0
2685 22824 0
4408 11336 0
25250 31519 0
19973 32621 0
27782 29188 0
12567 32018 0
6147 16456 0
22806 31721 0
537 29963 0
14775 19177 0
24790 32571 0
5453 9923 0
23429 29790 0
10581 23644 0
737 5985 0
740 9040 0
10338 24655 0
2677 8500 0
12643 26663 0
3364 20307 0
17347 23356 0
15520 18873 0
20266 28399 0
18452 25939 0
6759 13138 0
19186 20507 0
14781 23519 0
20534 31965 0
841 27143 0
21457 28867 0
15338 32598 0
2526 11050 0
6661 14761 0
14315 23376 0
23231 23798 0
4513 29364 0
4780 8600 0
3405 8068 0
6973 17899 0
3157 21299 0
9379 23389 0
189 11239 0
5205 9969 0
22944 30478 0
20928 29582 0
3285 30381 0
26995 28109 0
12340 30498 0
12490 24403 0
6410 16046 0
16408 29609 0
10789 11880 0
21527 30149 0
27920 30724 0
14027 26157 0
26870 30188 0
6718 32569 0
222 23559 0
17075 18912 0
16854 22669 0
7408 9838 0
19623 31058 0
14215 21051 0
14428 30785 0
8178 27020 0
6369 17340 0
11301 23818 0
13295 14512 0
8380 27273 0
9310 20033 0
22784 29706 0
11484 29210 0
61 9572 0
2451 17852 0
20837 29598 0
3007 29170 0
5592 15656 0
6279 30450 0
1474 26754 0
10641 23245 0
8546 27118 0
5461 28695 0
15731 30219 0
1995 19519 0
14811 27172 0
17108 22049 0
4073 15605 0
11805 25894 0
5972 6312 0
1177 8906 0
13637 27341 0
125 19868 0
6397 18103 0
11725 13750 0
16832 24200 0
10852 11188 0
3929 20923 0
16825 29675 0
3419 8404 0
20565 20985 0
7895 8373 0
12709 27118 0
6988 23719 0
5943 6163 0
333 17083 0
12981 21995 0
4245 18607 0
367 23979 0
23339 31181 0
7204 10611 0
5313 9870 0
8443 14417 0
1047 21042 0
5929 14750 0
3975 25914 0
3451 23922 0
5768 29409 0
3858 12010 0
15686 27780 0
3043 23208 0
13458 14516 0
1358 4409 0
17812 26243 0
12807 21038 0
14682 25844 0
54 14590 0
26627 29394 0
19940 29589 0
23004 23700 0
5742 9187 0
716 32745 0
20693 28815 0
4226 7318 0
2645 14681 0
4545 11297 0
18135 26030 0
16992 29909 0
753 29094 0
23945 30338 0
357 3973 0
20383 22423 0
22595 27031 0
13719 25800 0
18546 31150 0
8735 10984 0
8093 13865 0
8103 13283 0
18366 29047 0
25082 29726 0
8557 20156 0
12575 24220 0
3886 25995 0
12637 31737 0
6485 11516 0
1440 1794 0
398 22313 0
5204 18139 0
127 25228 0
8474 29775 0
1490 2285 0
5141 20860 0
10858 23611 0
7181 18100 0
8045 18034 0
4489 7777 0
11642 22900 0
9559 21887 0
18302 27432 0
26764 29340 0
676 11408 0
5420 31788 0
1587 10475 0
15468 26958 0
756 7504 0
10140 16344 0
2275 20982 0
25525 26583 0
19477 25687 0
14160 29833 0
26049 29987 0
2416 23709 0
22441 29652 0
25218 30769 0
8453 14535 0
21667 30601 0
9635 11550 0
1896 5705 0
3515 23012 0
12573 16696 0
13880 18127 0
12452 31582 0
4893 18128 0
576 18489 0
23007 23743 0
13975 29628 0
1443 9759 0
12308 29678 0
8 332 0
10603 24935 0
9894 14085 0
7169 28641 0
3443 18179 0
28313 32404 0
1599 20347 0
5034 6362 0
8075 23881 0
3743 28658 0
20466 28551 0
3299 8436 0
5042 26887 0
7031 15927 0
7256 20385 0
15172 23045 0
28760 31645 0
7022 19268 0
15964 29545 0
12610 29830 0
6466 16020 0
23790 24154 0
9272 10421 0
17744 31347 0
1067 7934 0
5024 26370 0
19828 29067 0
4115 12563 0
6000 20173 0
6401 7274 0
20201 24608 0
2480 23473 0
8963 11229 0
6615 12283 0
23664 27944 0
18574 23762 0
15951 16912 0
17592 32462 0
19295 21852 0
12355 26448 0
2607 26970 0
16148 31903 0
14554 21285 0
25564 27659 0
8305 13882 0
18010 29359 0
16696 18235 0
18804 30294 0
13898 14155 0
9698 27091 0
14427 24650 0
13092 25350 0
12763 16311 0
6193 10548 0
1148 8230 0
17547 23275 0
5207 23835 0
24937 31710 0
26329 29472 0
10895 31498 0
13108 32335 0
6022 18563 0
973 2026 0
9423 11062 0
807 2155 0
18640 19209 0
1283 3432 0
353 581 0
26057 26917 0
30412 31129 0
470 10828 0
393 16736 0
2658 5634 0
924 30528 0
11675 11984 0
13933 22353 0
7253 15855 0
17455 25019 0
6252 13288 0
1537 15248 0
13489 14248 0
19424 26079 0
2193 8665 0
1840 29219 0
6509 8839 0
16599 19249 0
14252 21264 0
29055 31727 0
4284 29477 0
17945 27097 0
4426 13709 0
23327 30901 0
858 12564 0
5186 29163 0
11977 12033 0
5963 10405 0
8768 12586 0
3220 14418 0
22582 31725 0
12172 21285 0
9264 14323 0
8339 12087 0
16104 21767 0
11225 24236 0
11428 29378 0
13718 25204 0
6197 13448 0
8372 8871 0
1713 7377 0
8792 23033 0
4529 16873 0
13236 17132 0
7633 26228 0
20840 22374 0
8497 25060 0
14180 29661 0
22788 31223 0
2029 28482 0
18033 21707 0
12893 21329 0
9050 21275 0
1106 19025 0
8915 32457 0
592 9603 0
6290 29293 0
3646 30105 0
1893 14815 0
13092 24060 0
24550 25218 0
1691 12893 0
20675 23039 0
14677 17709 0
21690 28484 0
17956 30611 0
30356 32142 0
6572 12475 0
4720 31262 0
9357 19121 0
5709 25256 0
6707 12938 0
2439 17632 0
6707 32267 0
17555 30132 0
21043 26816 0
7337 13484 0
4726 15982 0
5163 10876 0
14900 19905 0
21806 32123 0
24679 32375 0
4255 24964 0
2099 15359 0
28415 30257 0
18567 19667 0
9459 24916 0
15099 17054 0
8511 12280 0
18551 27792 0
3853 17174 0
19033 21821 0
14683 15153 0
241 19232 0
22697 22941 0
25183 28858 0
14596 27002 0
12669 25771 0
4825 21987 0
1161 23046 0
7377 26378 0
25217 31224 0
1567 30452 0
5584 28694 0
10267 20181 0
23370 31335 0
13966 26060 0
1495 25781 0
5202 23355 0
16113 18191 0
11682 19325 0
5928 21575 0
2309 19960 0
14453 26270 0
18389 25498 0
1906 32139 0
13120 14544 0
9402 15198 0
9707 27373 0
17179 28169 0
15242 26506 0
8400 21741 0
5141 6229 0
6247 12012 0
7757 26505 0
27682 28174 0
11465 23015 0
10173 13498 0
8244 29554 0
2176 11423 0
4100 32183 0
12729 28995 0
16062 25233 0
370 14919 0
13822 16153 0
25931 25994 0
157 14468 0
6411 30623 0
17456 20898 0
12248 12691 0
902 30564 0
16176 25841 0
7508 12584 0
21750 23737 0
5485 26249 0
11410 26428 0
29026 29119 0
14875 27123 0
1161 8846 0
10985 24562 0
4029 19859 0
18405 22161 0
11594 28494 0
17824 23641 0
11360 16310 0
12665 13020 0
5232 32214 0
17332 31648 0
1410 15999 0
12380 17981 0
4236 8934 0
394 29970 0
8494 24050 0
12762 16854 0
2531 30469 0
4959 21919 0
9495 22506 0
7209 23392 0
18653 26650 0
304 9209 0
17122 32719 0
8759 22874 0
16265 20451 0
17006 17627 0
11155 12076 0
22991 23783 0
24507 32220 0
17474 21707 0
18754 27639 0
10796 21305 0
5131 7736 0
1167 27925 0
15173 19559 0
20023 21335 0
25227 30518 0
11408 26923 0
15864 28463 0
10281 10869 0
19404 27152 0
2972 19428 0
5576 28784 0
8426 23704 0
596 7057 0
15458 31295 0
26429 29102 0
5212 6223 0
5735 10305 0
5633 10826 0
4846 7651 0
7856 18772 0
10461 20887 0
2559 25903 0
5089 11029 0
12018 26122 0
4048 14662 0
8718 26985 0
2656 12169 0
27058 27856 0
12612 26265 0
16304 19236 0
1368 14431 0
2907 24998 0
3014 7632 0
29493 32063 0
17898 26117 0
9977 28530 0
2895 27457 0
4422 7101 0
4290 31453 0
3417 24787 0
4714 31279 0
11797 20636 0
3995 22969 0
20160 32370 0
13365 15049 0
24764 28782 0
14822 32054 0
13131 30368 0
12981 17369 0
17771 22578 0
14825 29341 0
357 30431 0
17609 27853 0
9226 9903 0
15732 26924 0
10250 24995 0
6843 10537 0
8395 27616 0
7231 27577 0
6138 21785 0
22949 27940 0
5190 12507 0
10516 28551 0
25691 27274 0
4949 5562 0
28005 30180 0
26183 32721 0
9783 13016 0
13168 23446 0
7850 9511 0
3693 5391 0
11993 25639 0
14204 31487 0
7133 29962 0
9466 25692 0
22974 26600 0
5842 11242 0
9015 32514 0
808 12940 0
7886 10403 0
1705 15856 0
11742 12055 0
11814 24060 0
11960 21906 0
9706 19573 0
12919 24915 0
8428 29893 0
22053 24448 0
3562 3568 0
2833 23508 0
415 24399 0
25933 28958 0
8446 25948 0
10691 31281 0
1378 23683 0
12344 20182 0
23527 28871 0
20360 22172 0
6012 15019 0
420 17364 0
23049 25880 0
23246 23383 0
16014 21042 0
14557 25661 0
839 16444 0
29309 30631 0
2023 31319 0
19430 27388 0
18361 28009 0
7953 26301 0
11523 17326 0
25305 32355 0
6834 10776 0
6491 16633 0
12168 15388 0
6109 20538 0
4761 17971 0
21129 21464 0
16253 26795 0
10066 19856 0
12323 15570 0
10975 19269 0
25271 32274 0
4032 24265 0
12625 16705 0
15463 18148 0
14153 32332 0
6283 16625 0
2124 10277 0
13737 24412 0
17291 18577 0
3003 11245 0
10809 30889 0
4429 20146 0
10586 17935 0
5501 21246 0
8139 15334 0
11770 14444 0
1452 27233 0
12087 22956 0
52 25080 0
2794 19713 0
