5000
13594 28841 3
7907 19220 8
24491 31476 7
16162 26317 8
16413 18321 10
17304 31837 9
376 8678 5
875 14680 7
11227 19610 13
8423 12294 13
8371 21596 9
8235 16304 10
24026 31690 8
25447 30567 0
21303 29899 14
10997 21741 1
22054 23590 5
14082 16901 3
1512 9242 7
10889 12415 9
5521 31080 10
13085 20840 11
9144 31399 12
7462 16339 6
27784 30002 2
11100 18522 8
1599 30632 5
7350 25135 8
27583 30302 1
7077 7907 3
27332 27683 11
12078 30795 4
4776 23174 2
3100 7757 8
20489 32037 4
14180 21374 0
3047 22934 5
24871 28960 4
1511 29731 5
10797 24739 7
15408 22249 13
11115 13093 1
25072 27224 13
11889 26623 4
7606 26071 7
358 30668 7
2202 24477 2
9721 25719 6
881 26232 7
2604 8048 9
16026 18698 9
12640 24478 11
6100 26344 1
6075 7423 5
8441 14564 1
9743 23481 7
25085 32276 12
15016 16980 12
27823 30467 6
19146 30515 4
14322 14726 8
9521 15645 5
1 24431 0
18582 23475 1
17856 30270 13
12862 28642 4
9739 30424 1
4964 13688 10
26263 26524 5
3909 10266 4
6267 18656 6
11704 20395 4
9221 30750 7
20823 26914 11
23530 27581 3
11863 28341 7
8368 16044 10
23769 25731 10
17890 23088 12
4166 24638 1
14038 16408 1
17862 31152 2
24069 29287 2
714 2865 8
25076 25968 6
9091 16946 11
2280 11035 11
14696 32694 8
10127 29503 10
2259 31156 7
5964 25688 11
1845 15334 7
648 32306 3
2111 22939 7
15467 20787 6
13401 13896 10
14916 29681 2
4564 6985 2
6496 19551 4
18642 29449 7
7216 16799 12
23350 28679 9
5331 24704 2
6256 22539 12
18854 26094 5
7340 9211 10
7106 26473 6
23735 29429 11
14007 21083 4
12432 24252 12
13553 22179 0
13276 23106 11
6916 23123 3
13318 25232 10
3625 4657 2
16193 28349 12
7310 26724 5
4867 24692 8
19844 31562 7
8929 15385 9
21071 23459 11
1243 23422 5
5947 19073 9
9268 14859 7
15203 28799 13
1802 3619 8
4610 27505 8
5179 16962 10
1851 22679 6
20797 22052 10
24992 25119 5
535 15818 3
1792 10576 3
1147 25958 2
5055 15922 0
19697 29480 10
6854 20131 2
5995 13746 3
7169 32468 11
15649 19762 10
2786 4554 2
16914 31983 6
25054 25821 8
23227 25731 10
10557 22506 8
5838 29743 12
6760 30982 2
3533 16185 11
2738 18613 5
22669 24944 2
21362 24780 4
25122 27961 9
1103 12587 4
192 29105 1
675 12118 6
3898 24624 8
16601 19991 6
5320 17278 10
22567 29381 13
3419 13958 0
822 27038 6
3792 24090 4
22861 31130 14
15435 29859 4
8378 16637 13
11754 16738 0
9105 28580 3
18702 32560 8
4134 21887 1
19346 28742 5
5165 5753 1
3949 6548 1
21058 25579 5
19448 24709 3
6800 21240 8
4353 20195 4
6553 7363 10
4160 26729 7
18588 32012 9
2263 15934 9
6249 13912 10
5584 32634 6
13506 23955 10
9494 16684 12
2965 16853 3
17997 20098 4
12722 22186 7
1393 19753 9
8512 9380 0
16266 18331 13
16726 20662 4
12727 23826 7
1306 27683 10
3545 19424 2
2892 9191 8
3668 23723 1
5432 30925 7
22010 24961 1
670 21121 4
9149 16684 4
23670 25553 12
9654 17186 6
6515 13610 11
15376 19364 8
4732 24344 3
3093 10153 11
8636 31296 2
23124 29116 8
2402 10134 0
4667 10593 2
9963 11293 6
13772 16990 9
15786 21848 8
8764 16162 9
15204 17325 8
2559 30129 3
13899 23412 2
16417 25426 14
14136 18862 9
26289 32031 14
10506 17332 5
7521 24680 2
7636 20735 1
4945 32744 4
17327 17757 12
9359 9536 2
13295 16568 13
19504 32231 7
22527 31033 9
10561 30000 2
19799 26200 9
9445 19764 6
12221 26003 13
2075 10244 0
165 8724 0
5081 28309 10
13651 13710 4
5826 6659 8
9313 18868 13
6324 18190 0
4419 31670 1
1054 11190 5
6555 15859 2
19553 28644 8
20913 27255 2
2001 29286 3
12225 26292 11
1692 28936 1
16526 24044 5
10141 21183 4
15512 31486 12
530 31995 0
17737 23093 1
18788 20176 2
12576 19487 0
17447 26886 13
3933 16611 7
9987 29223 12
17373 31587 1
21763 21810 13
3070 15187 5
3882 28931 1
21800 30141 13
3957 15450 1
9025 23933 7
9342 18734 9
1847 15301 4
31242 31523 2
6298 9594 2
11527 21133 6
13141 19583 11
6121 24337 4
6974 19236 1
16743 28651 11
14214 14260 3
13956 14562 8
5474 20690 12
20622 27464 14
10417 19405 7
257 10524 3
4767 31996 11
7830 22262 7
19453 31854 12
4685 28162 10
5827 25441 4
19581 26088 5
3003 19863 2
22075 25198 8
4279 21028 8
16040 25891 4
16058 27716 6
2481 23975 7
6941 28980 10
7027 7484 3
18672 28112 9
6541 13439 11
10334 30260 6
8777 23350 7
3730 15570 4
4152 11194 9
15087 19518 8
4468 27315 1
10532 17429 1
347 27741 2
4433 18398 0
15478 24480 5
15918 30686 2
6623 21421 2
2669 8890 6
1653 31686 3
16850 29530 3
12269 17199 9
8870 24188 1
8237 20694 4
21558 31537 13
21230 28840 4
11102 27986 10
15282 27817 10
2766 5180 5
13854 23435 10
26328 30213 12
5138 12705 2
23377 30867 2
25045 31661 3
4244 11171 9
18048 23928 11
10128 27570 8
1618 20093 9
10516 25016 5
2941 12314 5
25127 30156 14
19034 26724 4
5083 20048 4
9592 23817 1
7455 13605 12
14578 26378 3
9189 23934 7
23871 28386 5
19619 31585 9
346 4447 2
4655 6865 1
13189 30178 12
14513 15312 0
5926 6012 9
14569 22055 12
21824 29567 2
10977 15783 6
17112 25101 11
18950 19740 12
26885 27923 13
4622 22619 10
11800 26137 12
25854 30021 7
24187 31845 2
4686 17312 8
11147 15654 13
7326 22116 8
17450 23004 10
5373 26477 1
20205 27946 2
3940 21001 8
6620 27163 2
11253 22706 4
5260 8450 6
1215 26194 8
3591 24729 7
327 18862 0
3792 23286 1
4409 27075 5
10923 29382 6
6478 10197 1
338 14746 2
12429 20784 3
11162 25021 4
25544 27316 7
18151 29127 10
10693 11166 6
4241 18480 3
12881 32127 1
12410 20415 8
9403 27838 0
9845 28966 10
7776 14604 11
2019 5210 0
2320 28160 2
418 15794 0
8617 11127 5
1227 24604 9921
22157 30246 9
7273 26225 11
10263 26145 10
1939 22610 2
17740 31015 14
18465 27259 14
5628 22406 6
9905 31156 2
4154 11681 9
1967 5335 1
11184 18333 7
14327 28447 4
8226 16858 10
10807 16849 13
16883 31604 0
5726 11206 12
4543 13731 11
6943 28399 7
25528 31589 6
7280 20687 1
4323 24377 4
12812 19197 11
23605 25865 1
2979 9713 11
13882 28029 7
738 17921 3
1759 31544 10
13030 21227 12
776 19515 1
8518 11719 6
8043 13836 12
14228 30352 5
27196 31503 4
12063 32597 1
4557 21214 9
12218 27776 13
2322 13517 10
12176 29686 6
19004 25671 13
7791 12500 3
8899 21450 5
5171 21503 3
1323 25119 0
13701 32359 0
26568 27289 5
1620 3473 5
8017 14720 11
4792 29099 0
1499 5138 7
4578 27050 10
23747 26017 7
18068 25026 4
14324 17223 4
12199 25071 3
21376 25937 1
2180 3184 1
5007 22092 0
6571 11335 0
15318 19089 8
21434 22831 4
6271 26204 11
2773 23352 2
9231 26341 7
3557 4736 9
10974 11754 12
7166 24790 3
1874 5235 8
21879 30622 6
13257 18408 7
2127 10857 7
28916 29365 11
17651 22835 4
17099 28248 9
12459 31993 0
31 17102 2
11296 16424 5
13098 13572 2
9939 18995 10
21497 23400 13
5505 18471 7
13785 24452 9
22365 26225 11
205 4995 4
24797 25879 4
16366 21202 11
10812 18478 2
15076 30630 8
11768 22626 1
4392 28349 9
29554 30549 5
6423 26439 2
11441 16600 10
18942 22492 6
8908 15750 2
8729 26494 11
17901 20928 14
22815 27149 1
23796 27910 5
6162 14195 0
23862 28991 14
11086 26779 8
17066 31108 7
14695 28559 8
29696 29968 2
9467 25765 13
3227 15424 4
18060 23467 9
2850 8456 3
23436 25556 4
24432 32767 10
8248 15583 7
19425 24082 14
1274 20666 7
16030 28218 8
5982 22917 12
15958 25538 13
4990 16174 10
5362 26258 7
3381 15669 7
3389 21642 9
12740 20497 10
9557 28172 6
13104 22730 5
17470 24431 8
24557 29778 3
6705 32684 1
29275 31493 4
8919 19747 10
22985 26284 1
11320 17839 8
18089 21826 4
11932 19903 0
231 8608 29259
596 6551 9
18513 21015 6
14550 21289 9
9049 30890 11
2290 3302 7
626 7860 4
25965 27173 4
3425 26262 3
6154 8979 10
6081 26162 8
24265 26235 1
2940 27508 5
14400 27751 9
6963 22761 4
13423 25682 2
11015 11254 0
11281 23763 10
15476 24572 1
14613 18980 8
17671 18084 0
342 6763 1
18835 31658 3
875 10222 6
22497 23080 9
11125 17210 8
7083 13988 2
15166 18960 7
11283 16530 1
25490 27911 8
19002 21181 4
16823 28945 13
18623 31436 8
14982 29544 7
2700 18805 0
28991 29109 8
7015 26853 9
2011 26817 1
24017 32234 1
1281 11647 5
9586 31875 10
6673 17921 9
16882 27651 9
6202 29536 10
16844 21318 8
16238 16846 8
18688 28923 11
7397 26891 7
20028 28024 6
31129 31985 4
2556 15007 8
22727 28137 9
5981 8714 3
1652 22900 4
21614 29622 6
10915 13798 0
27313 27785 0
2719 12327 6
9819 11785 8
4742 8482 3
4841 20689 2
7445 9468 10
8677 19652 11
4396 15503 8
16459 21163 5
8164 11859 9
2797 26322 8
24915 26781 9
8011 16177 6
1912 11694 0
681 27470 8
13278 32022 13
2662 23282 7
15189 28407 8
16927 18174 8
5827 16948 10
9641 9842 10
3526 4305 9
5050 19142 7
24194 26404 11
11342 28803 1
1929 6380 9
25910 31159 9
15803 19060 8
3567 6426 2
15398 32687 13
13040 32195 4
14375 26393 11
7242 17287 8
6082 16993 6
13182 23585 2
26243 28804 12
361 16460 4
16270 25281 8
13498 30791 0
12580 30735 25984
15202 29028 8
4553 18172 7
17724 19048 12
13667 26509 8
5639 12425 7
5567 10679 5
6906 22750 8
15364 27370 13
23214 32628 12
11207 18949 12
21170 22713 12
9911 25251 11
20215 26899 4
11122 11591 5
13093 19077 4
22197 23853 11
7719 30765 4
708 24547 6
7080 27580 6
14986 26921 2
5210 23607 2
17793 17926 9
11095 28560 0
19147 30898 5
5801 20772 10
15489 27718 6
20466 20495 3
7521 11788 5
15450 26172 1
3773 16022 6
30402 32060 3
12661 28604 9
22034 22250 1
21271 22147 10
7735 11128 9
14471 32624 13
1696 20971 9
11997 15534 3
14491 20676 13
2299 26483 3
11703 28314 6
17427 23167 1
14623 30656 4
4035 26879 9
14036 15882 7
10224 25519 2
16702 29245 10
18686 25509 5
24676 25562 7
3193 3238 5
687 22356 5
30294 32488 13
5278 7521 5
11397 32379 8
20203 21462 10
16773 26555 6
5657 29975 0
14259 19197 4
13179 28172 6
5405 22461 11
14010 27556 6
14997 25737 6
28011 29239 10
16946 20356 7
13629 31323 2
12007 28111 10
3135 12193 4
9610 20859 5
2961 9435 11
1607 3872 4
19975 31878 13
43 26953 3
1550 16858 5
1313 31614 4
4404 9285 12
15321 18264 5
18443 22157 12
1987 2953 4
12291 27631 1
5970 29848 8
8505 8531 0
2059 6098 3
12430 16952 6
799 21935 8
3736 30906 11492
31501 31538 7
4012 21654 5
20455 23714 0
29219 29654 5
1033 16342 0
12478 32631 9
10133 28598 10
25540 31048 8
4850 24764 7
5285 30535 7
7504 14705 12
4670 15965 12
8743 27631 7
15999 17334 12
15746 30870 3
10586 16601 12
7296 31880 2
5789 15555 1
7636 20524 9
5553 25394 12
13740 16966 6
5909 15909 3
6006 27952 2
25758 27803 3
22207 29953 14
24985 29046 9
957 10747 0
19112 25242 3
2919 18298 6
1621 26458 402
14207 29413 7
10928 25052 11
3515 15240 0
7118 24474 2
5127 5457 3
12872 25055 3
23368 27917 12
29113 30286 10
2009 7914 3
8027 20292 7
15116 27639 0
2059 3280 7
8056 11481 4
1977 9290 7
581 22392 6
22969 24313 14
21895 31659 12
18941 22499 2
10493 10610 5
18168 30945 6
8566 14492 6
3745 15524 6
27243 30239 9
12477 31587 4
3843 18973 6
3715 6716 5
7907 29205 2
30614 32060 4
13096 15076 10
18096 22957 5
7366 29028 9
6419 19884 3
22440 28249 13
5247 18733 5
2183 30599 7
12469 21376 4
12726 18935 4
4662 8070 5
9376 18288 12
8302 17555 10
10116 20412 10
7040 22425 12
16794 21381 7
8198 30315 1
4126 15945 9
6404 17613 0
8511 14955 7
6060 25513 6
11144 30921 0
7163 22392 2
1688 5894 0
5459 5798 2
15881 19361 11
8926 14382 0
17900 20604 14
9742 12318 11
10574 13140 1
6085 10599 2
21703 27185 13
13410 26840 6
20168 23069 3
14477 32593 12
21451 23023 4
14265 16955 5
17256 17467 14
8231 30347 27298
14639 15728 6
9642 29948 10
32685 32731 3
9181 14042 0
14480 21121 6
23620 26332 7
6329 19467 5
2609 31815 6
13351 26074 8
2500 8937 7
22817 24547 6
13179 20106 10
7878 20759 12
4760 21381 6
14832 20870 4
15308 16159 2
1871 20290 4
21965 24049 5
26851 28645 6
1128 16338 10
9931 20161 9
10054 18456 8
27681 32519 0
17438 29279 1
17064 28437 9
6620 20078 6
20841 26843 9
12603 24203 4
15515 20726 12
3587 13645 8
806 18468 1
7158 14248 7
2688 32373 10
7793 15438 16560
18414 18683 6
458 10573 4
1659 31454 2
12130 28418 10
9591 9687 8
7535 10062 6
10935 26354 9
1913 27670 0
6625 20037 11
15809 30430 11
3722 25547 6
6991 31165 4
2335 22914 11
24826 29521 5
23592 32035 10
11885 17597 2
266 8802 0
15758 25919 5
24327 31472 10
16603 21211 12
5449 19308 7
2131 7267 9
4865 12871 7
6658 22524 4
10594 21704 11
20061 30133 8
13780 21465 1
973 23301 6
29979 30686 1
17666 27502 1
7576 30074 0
7955 16746 3
14169 21623 1
6614 9480 1
15752 27998 10
12270 25314 10
6077 28448 12
1850 17070 10
25137 30183 13
16311 18272 7
21361 25694 11
17407 19872 10
5048 11101 1
11526 30491 7
12376 21882 8
12544 27279 2
14868 18358 13
15285 19078 2
2590 15224 8
7012 30564 10
16544 24327 1
9437 14935 1
13844 25396 2
17312 25653 0
4745 17168 1
9942 12163 6
26034 27363 4
14333 14537 3
13465 18806 6
5434 21311 2
25624 25749 4
5875 12853 1
1053 27864 5
24320 26850 10
23795 28490 3
21139 24440 10
4394 21135 7
20454 27770 14
14733 14822 2
14439 31123 4
24136 27396 9
15777 17828 4
14694 19095 5
19736 26605 9
14414 31180 0
13489 31402 2
22384 31130 12
5600 22235 9
4130 7150 4
13530 21528 2
12823 26927 11
17234 27861 10
1288 7574 3
3916 24204 3
11112 17784 13
3653 19860 5
16303 32514 3
12887 32515 3
9659 26572 8
1998 10769 8
384 17718 2
8370 23444 11
6687 8265 2
20614 26945 12
15924 16489 0
16142 28126 11
19403 25189 6
15466 25651 1
3060 31712 4
332 13772 1
6186 21734 5
9848 29306 9
20554 28924 1
4321 29496 1039
18980 24206 9
5288 9770 1
1613 8471 6
23681 30266 11
12005 29026 9
27187 31128 10
20814 25294 6
8749 29987 13
11341 21551 7
8026 30611 9
18409 30449 3
1064 22394 4
1082 16197 5
2688 21060 5
27761 28700 4
11908 28796 10
5968 31150 7
9580 32242 4
22448 26612 2
18652 27999 1
15610 24878 2
18981 21542 7
13406 25518 4
2966 8199 10
5599 30666 3
4615 5263 2
14206 15285 6
13854 26839 11
7146 13255 7
16362 23269 4
12217 27725 2
21116 21270 12
12866 20394 13
17108 31792 2
1973 29504 3
4536 6282 5
6713 13649 11
17961 22169 3
9815 20374 10
22439 30124 14
2752 18040 0
6522 18846 11
4504 16068 9
20257 30064 13
12665 15275 10
19704 31132 5
8288 27344 6
3423 11759 2
20899 25945 5
26017 31650 12
1745 15879 10
20240 25412 13
838 19624 0
13777 23780 0
12101 27132 13
28310 29020 3
19761 31095 4
3328 21236 7
13267 19973 8
12186 24670 0
8242 22311 10
23465 30698 5
4945 8763 10
13893 19821 11
5114 22451 2
3351 20613 0
16965 18055 8
4812 16163 4
1430 13630 6
19979 26004 0
23803 28810 5
8536 9636 9
2570 24432 10
5366 7092 11
19621 26240 5
21798 28545 3
24372 27290 14
18174 28236 12
3277 6605 10
16614 24922 12
26290 29901 6
4892 29810 12
19003 26647 1
11362 24625 3
19048 24915 14
17802 28026 5
27458 29432 4
4624 21471 12
959 12654 3
4346 22463 10
17998 18805 3
13335 29194 7
23521 25637 14
118 24262 1
1299 25798 9
22027 25709 8
24801 24851 10
17319 28403 8
19649 24616 9
28794 30023 13
807 15100 3
651 16855 9
19301 19325 8
2330 5938 1
15453 26853 13
2971 4102 2
19215 30756 0
5449 25242 1
5651 8045 7
6742 10897 10
9318 26211 4
13502 15131 9
26750 29195 5
14437 31195 4
5574 20044 12
28223 29370 14
146 3323 3
11088 28650 7
201 16946 1
8194 14735 8
19339 27053 8
9931 13849 4
13262 17703 4
8268 23844 9
15384 18850 2
2959 20028 1
1518 3837 9
1934 24150 2
245 24523 1
1942 21097 9
7911 9316 0
6079 27131 8
1131 12557 6
9752 17652 7
16618 27932 12
11273 18744 3
11529 13191 11
24462 24690 11
24278 32178 5
10201 21100 9
1059 2068 8
10673 26553 9
925 4129 6
21019 28157 7
10001 26888 11
1914 30173 9
6621 7226 6
24650 27450 14
24991 28613 4
6435 20019 6
10935 30923 5
5228 17005 10
13971 27702 1
11299 11345 10
604 5904 2
5034 7739 11
2508 6824 7
5131 19253 12
15120 22451 8
18855 22606 12
15775 26227 10
8567 20050 12
20612 22385 13
6887 9969 6868
11234 20721 3
22761 27313 12
5081 23319 2
10603 14449 5
8310 22254 8
17101 30455 5
296 23034 5
26872 32470 14
2718 8021 5
16500 30301 11
8457 31856 3
19339 25457 10
24032 31310 6
12892 21112 3
1541 32350 10
7955 18723 12
25090 28993 1
16643 29269 5
6413 17090 9
9042 22134 3
775 22233 3
6601 23970 11
20462 32059 9
1950 22498 5
8502 22269 16770
6708 29033 5
4940 11285 3
13811 21690 2
1752 24851 0
17950 18907 8
18174 28646 0
4112 12813 6
29905 31587 1
600 26551 7
4530 9198 12
10700 22610 0
3372 14482 4
15764 26457 6
3208 3706 4
3136 20540 3
773 26545 1
3721 17047 1
8986 24801 11
4801 17863 0
11857 24696 3
27404 31147 1
19784 23981 9
22806 31224 13
8519 19936 5
18000 21744 6
6889 11512 5
27823 29101 9
15963 30754 7
8636 13324 6
28751 32734 2
11006 30531 10
10062 13739 9
12329 19125 1
8625 21780 6
21190 26949 6
13648 21242 0
10847 11312 6
21588 30660 10
17691 22892 10
11951 15597 10
7947 23391 11
9581 14504 11
13739 15449 11
15659 27251 3
7755 32562 6
10704 20056 11
12857 16919 7
16689 26957 1
15351 16478 2
750 8275 2
2569 20143 7
5905 30938 6
21880 25480 3
4251 30002 4
14417 28602 12
2428 30613 7
1770 13348 10
1326 16012 5
18566 22545 3
5509 32539 5
6543 30203 0
25642 31308 5
9821 28620 6
14295 30446 11
3983 14710 0
9392 28735 2
25669 28106 12
1110 23768 5
10067 14392 2
19080 30988 12
14356 15108 11
4233 14976 8
7647 29388 11
23227 27029 14
21267 31358 9
31347 32401 11
794 15448 3
25346 27539 8
4699 14575 2
22898 27611 10
8626 12989 0
8886 13464 12
22597 29514 8
18063 28932 1
19922 20446 11
7828 21079 7
7273 26309 7
12013 13845 13
2289 9681 9
21392 22473 12
24789 31649 0
9522 11031 13
18568 30763 10
9522 20179 10
3887 18438 2
23064 28543 14
16209 21186 4
2295 27881 9
6385 20424 3
6180 13940 11
22954 27971 6
31640 32188 6
213 23290 5
11360 15900 12
6457 12185 4
18923 31335 5
20682 24571 2
1772 3844 4
20683 22019 9
14379 16924 0
3678 28428 8
544 5378 1
6291 23773 3
13378 18400 3
21640 30852 6
4855 20169 2
21213 23528 0
7291 11219 1
3699 29190 7
4429 26027 7
1367 3333 7
687 22542 6
20063 24478 14
21585 28967 6
14816 19298 4
4570 31489 10
9646 23483 10
6859 28324 0
29624 32334 8
30167 32702 8
8895 31050 12
15036 29133 6
12288 30901 10
4053 14726 5
8141 21727 5
4545 5173 6
1908 14187 2
22585 25057 9
21775 25231 9
5508 17630 6
260 28299 4
1568 20768 10
18986 23686 14
11607 20133 7
9302 22272 5
3780 24310 8
13687 17336 7
10419 16832 6
16332 18548 1
28399 30985 5
22873 25231 9
10814 26807 3
15542 17702 10
18750 25770 2
16970 28383 10
3271 17254 7
12424 18606 11
1465 32573 3
13823 31426 9
774 18246 3
2220 31795 8
12081 16608 11
4271 30544 12
8419 13853 1
8586 32602 946
14680 22096 11
24865 30860 12
23046 32623 12
11355 25206 6
10757 22435 2
9296 22989 12
15449 26112 8
18329 28191 12
6669 10098 11
5557 19815 5
9496 10950 10
3835 29479 10
11476 23366 5
27924 32484 1
12660 31801 5
6821 11132 7
14824 29184 0
24581 29048 1
5582 32553 1
13806 25428 2
13686 19299 6
14490 18786 1
26093 26235 7
3733 10748 2
20314 26877 1
14660 18429 9
2917 23755 5
12333 13937 12
19777 29714 1
1283 17303 8
21575 21941 4
22423 29665 5
1091 9208 2
20381 22329 0
4052 20773 5
1115 20560 1
6698 23761 0
16319 24708 11
3435 15468 4
1874 3571 3
9954 28192 5
2817 17325 1
13153 15204 4
13138 29315 0
10203 32612 13
21513 27997 9
12262 22407 5
13167 20729 4
4448 24255 9
209 23656 17813
7844 14938 0
6543 23294 0
20823 24120 2
21927 26317 8
8894 29547 5
27069 30101 14
8475 25060 11
15284 21298 13
19713 29209 0
5897 7228 2
6509 11246 10
5219 25977 11
8773 24377 13
22789 27501 3
29820 31383 11
11731 19026 3
18336 20709 9
1816 9553 6
1095 29134 4
6490 8372 6
4641 6842 3
13983 29594 5
417 11308 4
16212 17938 9
4734 8755 7
13208 20182 10
19744 23050 4
10324 27943 5
1182 20244 5
25156 31954 7
12146 24873 6
12642 18872 7
4393 10724 10
5608 6615 12
9953 28459 4
9082 22809 8
17367 17817 0
8650 26542 13
18263 31125 3
14989 15139 3
3311 7706 3
2041 32471 5
7480 15090 9
6000 8276 0
6290 8437 4
758 9437 6
6622 9812 0
28249 31552 9
4968 18606 10
21679 23904 1
10853 12431 11
8994 17501 3
12575 30278 1
10894 26116 10
13205 13384 2
3812 5216 6
15246 16918 7
1082 12210 8
5752 19811 10
4088 29758 0
8447 19838 10
4443 24782 11
27483 32258 5
6646 11564 6
8374 30315 0
5676 20651 7
16404 20539 8
6303 17847 12
4922 28419 4
1061 20192 10
2483 17516 7
24918 28748 10
4272 30543 4
2559 29506 4
25247 29471 10
42 7719 3
19100 25466 6
9140 28133 0
4475 26141 8
2765 3175 11
640 1326 4
10875 22302 4
10349 22828 6
20248 30079 1
12815 25446 2
25807 32643 0
18649 22107 28125
4131 13349 8
18802 23594 9
5736 16360 0
3045 11630 9
4943 5704 5
14247 31784 0
4160 18786 1
7279 14837 3
7728 16160 5
5964 12783 4
16526 30023 3
9968 21351 2
3459 28734 6
427 23269 2
5419 17101 1
13048 21409 4
1325 14731 1
14020 31543 5
17124 28597 5
6773 32675 9
2292 16529 1
19042 28872 12
12422 27967 8
11064 17930 6
10183 29998 3
12016 18523 2
16036 30822 4
6813 11113 2
3898 24090 9
24597 29430 3
21597 27930 11
18770 26238 3
15311 18596 6
5599 29372 10
7204 26998 0
8079 25600 11
11590 29784 9
9485 23194 0
4337 8336 5
22265 23737 14
11063 11884 11
16108 28272 10
19197 28092 8
19121 25972 5
8828 21589 9
3983 25818 3
4033 9359 5
19750 31026 10
9160 13614 23904
8788 25257 8
24799 25079 0
5316 27764 11
2746 19109 1
4830 10726 6
4503 22208 10
15153 19970 5
8060 30560 7
8879 25663 13
8840 19417 3
2945 30902 11
10286 21897 7
4697 10703 8
6347 11065 1
13821 16309 6
1000 31707 8
6091 27349 12
5726 18285 0
3119 4707 2
16730 18160 5
13013 31535 9
17775 20567 12
4320 19558 6
2017 20539 0
15854 24980 9
9226 26489 3
1442 2072 3
28389 30370 6
10929 31511 4
7427 26380 11
1824 25150 5
17981 30236 14
25953 30628 4
4806 14131 0
1154 25244 3
4198 19832 2
5054 31527 7
17083 19092 14
13156 26630 5
9521 31670 13
8236 29292 7
1052 16258 8
6838 32121 11
5126 32187 8
20977 23257 7
7009 27796 10
5850 13824 8
23150 30667 2
4692 23894 4
12447 19011 8
28256 30716 4
9301 21832 8
19470 20185 10
17079 24507 8
2788 9276 1
8237 21648 0
12905 18758 5
561 18434 1
4473 23963 11
27119 31733 5
25871 26526 13
7314 18082 3
20331 31806 5
9768 24250 11
1063 4587 10
12256 13346 13
1773 8413 6
981 31536 9
15719 20517 3
12973 30208 10
46 953 1
23356 31710 7
12325 17954 12
6508 14678 0
11016 13028 7
2241 15535 11
13660 19350 6
21111 22230 7
13877 23316 7
12641 26228 2
21855 22108 0
8760 22181 9
15749 31077 0
18249 19020 13
10666 30887 6
4563 25007 3
7365 26747 5
3339 15991 2
16384 24033 10
7832 29233 11
4857 7484 6
9333 28529 10
20651 29805 9
11602 16493 2
9236 9511 6
24046 28835 7
14834 21044 5
13543 30732 10
15317 25448 2
5872 15841 1
15071 23001 2
4972 17157 8
15969 24648 3
4595 17280 2
8224 28123 4
15816 31234 12
3703 8953 7
16773 29504 2
7696 30352 4
3992 13426 2
19027 21675 10
29142 31425 3
238 4581 7
7829 21803 7
2516 25196 0
6142 21559 0
9732 31293 1
3513 5953 4
6275 8994 8
2262 28567 1
4035 21077 7
7483 24074 7
5154 6394 8
10605 25122 0
27526 32643 9
1306 14998 7
22297 26361 4
18284 28154 5
11210 28534 12
4226 12358 7
523 10090 8
15288 16267 21245
13075 19799 3
5880 7075 0
20405 30718 12
2045 12276 10
15759 30760 10
9010 27527 13
5892 22454 9
5257 26424 7
22029 28103 0
30631 31879 5
21919 31833 8
10382 17393 11
9447 23560 4
13175 21522 9
1295 23884 10
12381 29981 5
7580 21274 6
1387 19820 5
20510 24115 3
1422 4593 2
656 8647 2
12220 30187 8
7924 8917 6
9979 16865 2
921 5863 8
14331 15628 1
14971 19380 0
3236 18621 3
17527 23272 10
3070 12165 4
13724 27863 12
10797 25645 13
4887 6540 3
27099 28497 12
9215 14083 6
18403 21171 14
6201 12607 2
30694 31656 10
5805 23324 1
3753 10169 6
10067 17211 7
5300 16643 0
12271 22089 8
1733 11464 1
8295 12715 8
10011 10524 9
13136 16876 13
1384 21500 10
11460 17133 0
10986 28208 1
5526 9133 5
20355 30003 11
24118 25189 13
20806 23208 9
3276 15727 11
25295 25858 8
16530 28395 7
12277 31182 9
8251 23896 13
22420 29422 12
10640 19189 8
1814 12815 4
11724 14443 13
591 10185 0
12670 17380 3
6059 20087 8
1393 12069 2
19391 19874 0
19027 23277 10
2333 31020 3
14124 24435 1
5011 27927 11
2284 23522 2
7597 26363 0
13725 25121 11
25682 31087 6
5731 19415 12
6681 20403 2
16173 16822 8
2337 6868 5
1917 29110 9
12343 25485 0
15083 32144 7
18886 21070 2
6562 31043 12
11434 32114 7
10465 31123 7
3638 13877 11
12933 21371 10
8926 22280 5
9701 23127 8
21054 24203 1
5361 25024 8
3193 18739 10
471 20202 0
2078 25182 5
3962 10028 1
3860 26218 2
17193 27977 14
8905 11656 4
19607 22646 12
2350 19900 3
17238 30180 0
8182 22177 0
15802 20698 12
16291 23898 3
10723 14504 1
131 1688 0
6365 29836 5
30320 31190 11
26281 31399 12
11654 29606 4
13003 13936 7
6018 18256 5
4637 30172 10
17491 30021 11
4395 26123 8
4169 11239 6
18707 23904 2
5271 26133 2
14018 17223 2
5940 27195 2
12123 15056 3
9889 32150 12
13417 19834 8
1340 10205 2
23090 25568 10
1003 26522 6
3224 16344 6
14871 26922 4
12809 30857 5
24381 31786 11
3234 6206 8
11098 25111 3
5206 8518 8
22104 24018 1
5851 11525 3
22758 25043 9
2832 14221 6
6039 13316 0
14804 30154 12
9759 22919 3
14271 15045 12
2160 25753 4
17651 22229 0
8759 29713 13
5776 27948 7
20368 27057 2
21873 29723 9
14589 17709 4
16225 29398 13
7277 27173 5
5959 20561 6
484 23161 5
954 5031 6
16909 32444 4
14013 15198 4
1625 21780 9
12422 22946 7
4803 13938 6
7936 29633 10
690 2231 3
12594 19911 13
964 21216 4
12503 20451 3
17412 32217 5
9332 17232 8
24125 30503 3
12141 12613 8081
7030 24165 9
5409 32469 12
1522 16719 10
2887 6545 4
4904 8389 2
18441 18547 11
819 8281 7
1436 26431 1
25401 29418 12
7704 27054 4
6410 7686 8
27668 31188 2
15852 19998 2
17397 24013 9
224 831 0
3223 7702 10
2775 7131 10
11522 14042 5
1169 7666 5
15312 26504 2
729 31182 2
14792 22331 7
9202 31641 0
28327 30449 14
21222 30481 4
8516 26721 7
25495 31344 13
1412 3861 8
18037 18876 8
17838 26116 10
5621 24654 6
22264 27154 7
14675 15631 2
19613 26103 1
11712 26701 13
7992 10721 3
400 10122 0
6263 32453 0
3567 21189 3
20768 26453 2
20218 27498 14
30434 31029 13
22966 30032 11
17175 25908 14
9396 23836 11
23229 30294 11
17545 19143 9
2587 5421 1
4686 27167 31937
13619 30314 10
835 25118 6
10717 18367 10
18844 25386 1
20904 23805 9
5148 30315 2
3913 4523 10
5299 26168 8
21184 21465 6
17827 18412 11
19234 29019 12
9705 28288 13
4960 18949 5
20108 25660 3
20980 28404 7
25725 26579 0
4725 26627 10
1771 19733 8
1958 28859 3
11751 19780 9
11443 13838 9
21156 28127 1
3891 19298 10
8531 15800 6
18824 20261 7
11422 28804 9
10640 17186 7
9255 22357 5
16686 23291 11
2637 14812 5
18062 23259 8
7855 23262 0
9304 9805 11
16741 25602 4
18362 28971 12
10248 24515 2
18981 29928 14
20045 22492 11
14637 26537 13
2091 12826 2
20388 25134 8
11606 21480 7
8619 12990 3
1591 25682 8
889 21862 3
3068 6904 7
20499 27705 13
18607 20212 13
22097 29010 2
9802 30414 9
14365 22160 10
22476 28248 0
9279 10957 2
25509 31571 9
1632 10458 7
7122 17478 6
26635 30078 2
16575 31908 11
13879 22762 9
16335 21824 12
328 23998 4
16414 32393 0
4313 31799 4
20103 27533 1
2640 4770 2
12845 19557 0
2849 18964 8
884 9795 3
10492 30015 1
7210 29255 1
2502 14201 4
3820 5401 7
8689 25951 12
7341 14437 0
20054 27140 3
20829 23856 6
13844 17418 5
14133 14224 4
8047 28615 10
10937 18853 12
906 29321 8
10090 26092 8
7672 18952 9
12606 29893 6
182 14183 4
9753 12794 3
5147 32330 12
8658 14266 7
9323 30271 12
2993 16410 11
1345 26196 10
8805 18466 5
9483 20638 2
19262 20365 14
42 15891 4
696 22345 1
4937 27452 6
11549 24517 1
15889 25723 7
1820 10092 9
826 9462 0
28587 28596 12
1952 22158 4
10161 11386 8
12142 21416 4
2033 7452 8
5222 12268 7
2844 29020 0
16235 23992 8
4071 5717 9
9886 28424 5
10698 21683 11
27680 30122 0
17087 32251 12
28636 28796 13
19082 27709 6
14381 16840 5
8346 10042 9
1683 22916 7
9207 17262 13
20648 23402 9
4011 21677 5
7546 16533 12
15767 23118 12
1434 13942 7
6765 23081 0
7269 29835 11
5679 24356 4
21265 30798 4
3471 24267 9
10889 21086 8
17905 27726 3
3488 11082 7
15083 31239 6
24684 29494 1
4821 21474 12
4697 28359 9
11276 24865 4
27006 27345 1
8212 20533 12
8836 31596 2
10568 16402 12
20702 23230 14
21467 32296 0
1203 25107 10
24695 29389 10
24126 30073 5
15049 22953 9
30722 30863 12
22791 28979 7
1158 28617 7
13492 28912 9
12030 16066 13
10361 31379 0
7398 9642 10
22742 24658 12
16267 20148 4
5652 20978 6
6890 17983 11
20504 22516 10
5039 19407 3
6073 8509 10
6795 9662 2
4355 16346 9
21039 23099 9
15197 28623 10
7954 24202 2
941 29693 6
24610 32079 5
3893 6719 6
3341 14149 10
19994 22502 13
25708 29717 5
25191 29110 7
22055 22257 9
12571 22995 3
10662 14178 0
24980 32608 11
8959 31517 11
3105 20193 6
11622 19086 3
11650 19909 2
18769 25019 6
15883 29246 8
16569 31483 11
15975 25983 2
11316 18658 12
9762 17456 5
19017 32235 10
10472 26677 10
17713 17847 6
5157 31238 11
14189 24438 4
6429 30109 12
22550 28827 4
15011 27582 6
969 23271 8
96 23980 3
23451 23682 8
498 8464 2
2369 27335 11
9546 28823 4
11418 17346 10
18221 29297 14
13160 30065 7
13235 20178 0
4929 25305 3
22133 28363 6
15887 28289 6
14612 19638 9
17166 22648 2
19441 23175 11
43 27635 3
5801 24657 1
28266 29157 1
10747 31065 4
10381 18785 1
13757 19752 9
127 20771 3
22395 28647 8
24752 25919 3
15054 20746 11
863 26318 8
5451 11876 4
6151 13705 6
14441 20794 6
11561 17653 13
23035 29903 12
12744 31220 4
2804 24222 9
25275 31849 2
5644 28340 10
1098 7323 8
29762 31282 9
23075 23111 13
2516 15692 8
10131 17251 2
360 3885 6
6094 19156 1
11751 28432 4
18457 23878 6
9037 14968 11
2129 8102 6
795 4026 4
15784 27492 0
1662 21205 8
10198 18499 6
14402 25220 11
9263 18494 8
6358 17204 5
2158 11207 6
7905 19831 9
3264 22191 5
14305 15450 5
4811 18477 9
10000 15754 1
24577 32640 2
21647 28963 2
13516 25542 3
29064 29841 8
3772 24787 8
27956 31881 10
21235 31677 11
19618 27715 12
16734 32425 5
22021 31014 0
10153 17622 9
2064 25209 0
11784 19666 11
13175 26323 7
22552 30360 3
3235 8563 9
10112 32755 1
15016 19007 10
711 7335 2
7069 8314 6
11399 24123 12
20306 28416 5
5737 8192 6
20902 24823 7
5479 29132 2
4977 14309 8
14529 16396 12
11860 18144 6
9277 22649 4
2412 23767 6
1395 13270 5693
5641 30434 12
2262 8162 3
10654 13641 4
17899 21024 5
9600 25295 4
5153 29190 9
11886 19489 5
28987 29063 7
11423 11984 6
395 11238 7
9720 11794 12
10029 19822 6
22310 26802 13
14127 32085 2
3839 11430 4
16799 21669 10
6935 31106 11
11844 24714 2
16197 22506 4
10105 13938 7
16071 32633 7
10926 17039 1
16942 32712 4
9816 26854 3
9594 24928 6
9992 30519 12
12026 15822 10
11294 20301 13
14292 17954 3
8168 19931 3
9345 22897 8
27993 29639 0
11091 11598 11
520 813 4
30429 31333 4
7578 12017 9
22216 31394 1
23587 28514 31110
16230 30881 10
3611 26944 10
9879 25032 11
24064 26400 13
11352 27831 8
15887 27309 3
505 24852 1
14504 15179 12
15872 21159 1
2683 2787 6
1237 26542 8
2314 11877 0
14927 30286 3
1189 15049 8
6318 7328 1
2495 8895 1
3639 29194 10
5257 16912 6
14281 31668 8
10879 25362 0
23919 32496 3
11395 27532 2
13629 28001 3
7087 30438 5
1368 20974 2
20994 23675 11
7905 17629 11
7576 13153 0
10205 28902 7
13522 23872 1
27394 29289 7
14530 25319 1
18520 30156 10
7032 19714 5
7671 15806 8
26358 31774 0
16226 31447 10
1067 24761 1
4060 24652 1
9022 29163 1
19156 27258 11
17306 25700 14
2343 18603 10
882 31202 1
7622 20332 2
14177 26773 10
20795 27655 7
3097 6252 8
9376 28818 2
13201 13545 12
2721 18917 1
21381 23972 3
4305 9548 10
1009 9928 1
251 32305 1
23962 27028 10
7397 29020 4
6277 25819 4
7361 11648 7
11652 14974 10
14111 14923 6
21906 28427 6
25188 26095 2
22165 31742 2
20465 22776 14
11904 25501 6
29312 32497 9
6346 19077 1
4091 17295 10
1445 32620 6
13741 19836 6
11059 18673 13
1838 15981 10
18946 24610 10
4077 20635 10
22980 25277 9
3394 23466 9
6310 17119 4
4898 24315 12
21404 23991 5
12232 27905 11
17628 23559 6
3535 30759 9
608 25254 2
15136 23264 8
4865 31849 4
2814 9378 5
3063 23446 1
23180 25684 6
4434 6263 0
20284 22765 1
973 8836 5
8229 30482 3
18908 30291 6
4279 7530 1
21612 30679 13
12559 25412 1
8124 12428 8
12816 13187 4
17786 23638 13
12416 20609 2
284 25640 7
1013 13338 9
28965 31681 13
25561 31158 6
4125 26547 8
1699 11776 7
5630 15093 5
22993 26107 6
23462 29300 13
10108 18530 12
17566 27207 7
4443 8619 2
7137 16367 1
11845 13701 0
2949 31141 11
18861 20061 14
16951 24553 12
2646 17828 2
3069 17332 11
13034 21053 1
1639 2385 4
1383 5137 10
29300 30067 5
19309 23230 7
1304 23471 0
17265 26467 11
26221 32333 12
17190 22845 0
12981 19524 5
9646 11885 9
15247 16136 13
27561 29428 11
2193 22765 9
3477 7496 11
3503 19903 2
1214 5226 0
1621 26285 10
5473 21701 8
16930 21642 4
11961 24345 2
3787 17641 1
23290 30601 9
7970 23068 11
14394 15278 12
1656 28363 4
5885 29449 7
10817 17235 9
7092 15494 9
18026 30834 12
6178 25623 5
26540 29680 1
4254 27765 8
16838 18791 12
21549 26111 3
15691 19319 11
3106 11809 4
11610 21770 12
2565 20584 3
5782 24927 10
11491 12341 1
197 31083 5
6551 16243 9
22386 29233 0
7948 26963 3
10170 11778 7
883 29724 9
19203 20665 0
18763 19228 9
4336 21706 8
9471 30734 13
380 26670 5
10212 18202 11
4266 14251 4
292 13548 7
11546 16196 5
5627 25975 6
7024 11724 9
7246 30809 8
4315 26986 2
30620 31475 8
4101 12698 6
25573 27770 12
10500 15945 8
18809 31021 9
3437 27323 1
12038 30529 11
1036 24791 4
13632 14915 7
281 32751 6
8999 13766 3
28392 29455 2
8766 20534 13
1501 6158 9
9614 27344 1
2621 24762 7
9632 29864 4
880 6801 1
6577 8312 6
5856 29423 1
2650 24819 10
3452 12412 3
2056 24915 3
4644 5066 3
15316 17276 10
14100 20712 6
16439 30284 7
27968 30466 13
7008 19008 10
4063 9182 1
10296 30582 9
4433 30186 4
4459 29087 3
5575 28832 7
11435 15296 13
23045 29886 12
9932 19218 12
13150 32587 5
8354 22822 7
1173 21430 7
22 25041 4
4693 9820 4
381 16597 3
1372 31075 5
13622 17216 13
23585 27149 12
1106 4550 9
3505 11487 10
5757 6618 2
6876 31601 9
12370 24149 1
12836 20356 11
18837 28739 12
3921 17003 0
29632 30543 13
18946 23926 11
26439 29569 3
6050 22279 2
2305 26330 2
6238 9360 6
638 19447 1
5654 31404 10
8801 9403 12
29395 32164 4
2333 7311 10
1264 25668 0
7592 17077 7
1198 26961 10
21144 21540 0
6425 32151 5
591 20063 3
2223 13897 10
5798 5837 6
4691 29454 11
5392 7566 11
16391 27206 8
15674 19939 3
5885 14330 1
7765 26595 6
1678 3552 1
11915 14336 13
1604 5210 7
9995 27137 7
27331 29829 4
8972 30973 4
1431 30575 8
17989 30691 5
6602 12415 6
10739 29555 7
24962 30426 0
4823 27459 2
23817 30038 4
26805 26939 1
17463 30742 14
11032 31702 12
10196 27172 0
3079 27245 7
4375 13554 5
6296 15261 4
13057 28161 7
1635 30430 5
13850 18979 11
20042 30897 7
13765 16166 1
8943 19253 8
3539 13637 2
20952 29687 12
19669 29645 10
3133 14894 0
420 4770 4
577 31358 2
21951 32469 8
26322 29204 0
12108 22442 11
25755 30908 8
12292 20138 6
2707 9038 0
13014 26880 7
15300 17124 8
2939 24293 1
2648 22738 9
142 8326 5
11821 20241 0
8363 24556 8
9957 25899 9
4735 32735 12
6027 17309 8
25057 26079 11
17450 19767 12
11432 19515 2
6228 18335 0
21709 28413 9452
15772 21454 5
9323 9957 2
13970 16924 2
23594 31227 11
20208 28938 1
25307 27384 9
10542 28345 0
10699 29681 3
25156 25627 4
6415 22794 5
1388 4159 6
132 22138 4
14869 26961 3
5703 8460 10
259 3717 8
1339 13983 8
6921 28757 12
2950 32422 4
21403 29938 12
10516 15016 5
22006 29214 11
18112 24083 13
8923 26221 8
10782 31093 2190
12745 26383 0
30578 30597 2
7662 25049 9
28675 32203 12
14062 23431 6
5480 18524 0
11241 29614 11
17058 28599 8
11879 20692 6
6650 14831 6
5280 27942 7
2860 13176 7
17579 31309 7
9768 23405 2
19728 30676 1
15538 24810 2
16888 25857 14
20526 29766 13
9060 18841 5
5532 25107 6
515 24586 6
4939 29803 0
23899 26181 0
6260 23127 12
7236 13373 11
19327 22665 7
21870 25196 9
5575 31895 6
77 26583 1
23407 25641 0
23267 25430 4
9709 29033 9
16659 21297 10
1351 10445 5
17600 27660 2
4752 19858 11
6546 31772 5
6010 14640 5
15703 29130 7
4286 14320 11
2093 23172 10
7345 22871 8
9224 23101 5
17594 17839 11
11806 22780 7
16775 30933 11
28543 31048 10
8208 31794 0
7514 26335 7
28230 30991 5
3625 4236 11
18462 19080 13
15325 29948 7
25544 28760 14
5949 32351 9
4695 27948 4
97 6378 0
2217 15553 11
3894 22869 2
4098 16964 0
11261 13150 4
20634 31944 4
16452 30668 4
4742 9562 8
1291 5452 7
19910 24049 10
10815 24568 12
9014 22406 1
20458 26404 6
19349 25089 13
13982 29683 5
2530 22759 4
1198 21280 9
12030 24239 11
3383 31987 0
7375 30886 5
13643 32537 15811
24363 29951 11
17019 23829 6
1443 28683 7
5047 26216 2
20751 26029 12
20249 30650 10
8712 25051 8
21031 22949 4
289 30573 2
13138 28205 10
16670 31970 6
3754 29456 1
8454 10572 12
8792 21579 9
4638 27991 10
6439 12432 2
14403 29168 11
15613 21967 12
26315 31331 13
22368 28592 6
24798 25346 3
11184 31832 1
18660 20663 4
242 4514 3
23004 30381 3
446 11305 8
11554 12167 6
320 31056 1
4587 25837 8
23218 26306 9
17112 30958 2
1073 24226 7
11430 32344 2
3387 30725 2
1853 32419 5
3875 5512 2
10247 26272 5
4633 28478 8
11611 31242 14509
8587 19802 1
24183 29324 9
5161 28447 1
10285 25110 4
14625 27823 5
13216 23328 8
10099 22189 9
7828 22357 12
23465 26512 10
3489 9321 1
12126 15120 6
30474 30778 9
17261 29441 8
22268 31637 11
310 9482 6
10261 28844 3
2829 14642 6
10946 27327 9
2230 19564 4
17872 19584 11
1165 25196 4
17702 18531 10
426 15995 2
6035 16843 1
17615 27033 7
12746 26893 4
16923 29627 10
2817 7640 3
2443 5713 6
21023 30971 12
3909 23292 9
25879 29719 6
2299 3368 2
3531 11188 9
7108 15155 10
19444 29786 3
12231 29124 11
7229 21111 7
18524 21160 5
11707 25577 7
9444 17149 6
6620 9995 12
9340 13947 11
20690 27981 8
256 884 0
15282 30740 12
3669 4744 0
22749 31568 0
8875 17765 2
24235 31187 7
1724 13704 10
9666 14843 9
20230 27136 7
5145 6567 4
14251 27281 0
9126 9878 10
4604 8487 12
5739 26956 9
21182 31379 13
6893 8106 8
16404 18336 11
21023 30196 13
8510 31828 5
61 29953 0
16126 32394 11
8475 27877 4
5449 9027 7
17530 30627 12
10900 26200 0
3979 13987 5
3573 23384 11
2522 9418 9
7896 13527 9
21035 24735 0
7461 25408 8
12078 31378 11
2987 16755 9
8284 8997 2
4519 8761 11
2935 7272 4
12970 26462 8
30178 32673 7
3353 29235 11
18322 22877 8
14862 21165 10
1803 11378 0
4339 29381 11
29290 30709 12
17207 18893 9
18708 27786 3
3012 23535 10
16642 22041 7
15202 15568 2
9606 15372 4
15684 31236 5
23499 31687 4
8198 24844 0
31 10857 4
21613 28570 13
1033 21930 0
14946 21906 11
29778 31964 3
16802 17244 1
3523 6951 6
12062 29573 5
11243 14279 3
5468 24926 12
3755 32636 7
1284 10091 10
8021 15981 12
12436 19125 9
4730 23901 6
12617 17629 4
6047 12526 4
4483 10423 2
18247 27297 13
385 31892 6
13115 18309 10
7416 25507 10
14359 23985 4
778 21761 2
17957 21092 11
4012 4430 9
1856 4901 9
13957 22225 6
193 29396 3
1997 19351 8
4290 19307 0
7508 24431 5
12130 15283 9
10909 27338 12
2434 27532 1
21989 25788 2
8010 11370 12
11576 23771 4
27090 29349 5
9170 19691 4
17856 27105 14
2261 20767 1
24006 27023 12
24330 24412 11
7240 16963 5
8525 29131 9
4143 30693 6
10861 28156 3
15607 28839 6
17172 17914 1
2841 25486 11
19842 23444 9
10919 13538 2
5280 8260 12
10698 32429 7
131 12213 0
13629 20286 5
8182 30001 11
10446 30631 11
3053 22322 5
27200 28640 4
17903 18423 6
10531 13803 9
7637 11972 3
17582 26362 9
18907 32468 9
44 27140 4
18963 25313 8
395 12341 6
17524 20507 1
18394 23919 6
1267 21770 9
30750 31352 5
624 17316 2
17098 28285 4
3004 4935 10
1003 7661 1
378 5588 3
1758 17850 1
8200 31947 1
11261 21687 12
11082 23678 13
20004 25863 14
268 10416 5
16007 32593 4
21993 26281 8
11841 20524 8
16844 28607 3
2464 19410 2
8557 16077 9
7224 26900 9
18649 19638 5
11945 17032 0
8484 25003 9
3401 12012 5
7 3215 0
2562 15935 2
5558 25637 9
302 5098 5
2902 30616 4
6717 25877 1
23627 25637 4
1855 22563 8
13794 17537 8
3333 31627 2
23374 31693 11
4817 5423 9
27946 32028 11
16215 17492 7
16423 25538 0
1528 4971 5
19713 21089 7
3536 4096 8
1807 19289 6
10003 13411 5
1291 5885 10
11894 17207 8
22912 23079 7
13972 15636 3
11089 19636 3
7140 19340 2
3 7730 1
9719 32497 1
2860 13689 3
16687 21401 5
2334 17663 1
9091 11294 0
4994 17719 2
18784 21376 11
6514 11133 8
22785 30916 4
24393 31044 8
5096 31874 3
968 9712 5
27839 31233 12
6515 21628 9
20085 32540 2
3513 6990 11
7363 27325 10
5894 9512 11
6284 18296 8
674 21064 7
2004 17055 8
21808 26344 6
26099 31488 14
3393 30638 1
8267 9020 11
18280 21650 0
2139 20141 0
20836 25791 11
10308 15333 6
16737 24130 11
14195 24321 8
28707 31473 4
10707 12662 7
14671 18193 2
14705 26482 2
12773 23020 7
10938 19099 0
23726 28756 13
14526 19655 10
20961 29702 4
187 31614 3
22187 29479 14
22532 26884 7
29651 30866 1
9541 29215 0
9956 10685 5
1646 5930 6
3113 19377 3
19827 24145 7
15067 30178 3
14682 22923 10
18460 32309 4
1455 13850 8
12089 24507 11
10014 32509 8
23298 24665 0
7131 11137 6
2375 15435 2
24763 26926 10
28564 28783 11
16850 27167 5
19617 30664 8
3582 12415 7
26273 31800 1
9950 23955 8
10147 18720 5
10609 18453 11
2674 19833 9
13502 21648 8
4626 29533 11
24119 32762 9
2387 3956 3
29347 32207 12
9523 19850 10
29123 31593 0
14288 27818 11
2995 16795 1
4288 11705 12
21940 32496 0
14429 18229 5
10621 18259 2
681 24905 7
11256 19538 0
7727 30191 11
22823 28733 10
2682 10619 11
6994 11766 7
7836 29457 2
4580 12565 9
5417 8104 32254
18423 24153 6
26130 26424 5
19266 23484 3
6631 26732 9
6408 8837 2
13229 28120 8
18 31821 4
302 11421 1
9006 16257 7
3545 16530 11
4961 21547 8
16468 23984 6
15154 18352 1
977 21946 9
16896 18546 5
2019 26475 9
10431 18455 5
4622 23525 7
10763 14964 5
23291 30845 6
508 19644 0
2537 12871 5
20549 25180 11
6257 22876 9
12627 15074 0
27511 28379 2
2109 18185 10
4341 13864 6
3216 6637 7
16910 25046 7
10340 27128 13
7037 27192 0
4915 13578 8
13082 26333 8
18435 26958 7
9125 20928 10
783 26261 9
2373 14801 9
16239 24484 0
21959 32178 8
6070 14504 7
9479 26186 7
4866 22800 8
18744 27015 8
21298 31848 2
12505 29533 5
1769 8015 0
11216 12213 9
2062 8184 0
6847 18964 6
2635 11946 10
2802 8362 1
3649 22928 2
16102 27343 2
9387 10381 6
9777 20509 10
23403 28475 1
4299 9248 22601
20506 22868 10
27816 30658 10
17622 21729 12
12122 24232 13
16641 20612 13
22988 31348 7
4427 31333 6
9204 15893 10
20035 22696 0
18770 28746 4
146 9261 1
6506 18979 2
22936 28406 4
13982 18222 11
6835 31710 6
17666 26011 10
30619 31553 5
8 24471 0
19133 21914 3
2550 2770 3
14346 26554 6
25699 28416 12
1358 26990 10
14525 27740 2
13941 28733 4
28870 29216 5796
11330 20397 6
7954 17678 6
9192 30893 2
14218 21994 7
13150 15425 7
6125 10237 0
6612 6664 4
18324 24650 6
3622 28882 11
7047 20607 5
11706 28345 11
1171 14301 8
25098 27295 4
20313 29225 6
1057 24489 5
10908 16476 0
9106 9551 9
2254 5660 8
6309 15401 0
1956 16674 2
4730 32466 9
8138 10374 0
5865 16644 8
22214 27104 7
22729 30801 9
19875 31131 5
26067 27970 6
802 28612 3
2519 5921 1
7688 11452 5
14472 20780 9
15695 22535 12
11859 14529 9
677 1226 7
7757 24172 2
421 20892 5
20809 26067 14
13019 25716 2
4901 14187 4
19386 25022 7
12926 32704 0
3965 19059 0
16529 20119 13
5235 17876 11
12593 13815 3
6923 14678 0
5352 12039 1
1500 8096 0
13305 32271 13
12636 24531 8
18045 22871 6
26451 26899 13
18698 21379 4
6409 26463 8
1865 28666 5
12898 16241 5
6134 9709 0
25422 29774 9
487 6725 3
23553 31246 4
15121 24489 11
30006 31904 13
6787 9081 11
26279 30789 4
16258 17852 3
3478 8720 3
25112 26505 6
8300 17223 10
4861 27170 10
5014 17284 1
20138 31455 9
8984 28191 2
5035 31711 7
7532 22100 5
19333 31262 2
565 18317 4
16430 30463 10
14601 32156 13
2712 6339 3
13000 21084 7
6701 8713 6
7464 14640 12
638 802 9
5498 6961 9
2147 3057 6
8485 19905 5
4213 7276 6
11273 25372 7
7571 9503 6
11277 13777 10
24417 30633 24010
15144 23991 3
20676 26430 12
1669 12232 3
14627 26216 8
5032 18432 4
19770 25909 2
10467 20448 12
9826 14574 2
1505 21740 1
17018 23342 1
12077 27679 7
13872 22169 3
30573 30639 1
13386 16019 2
3844 18034 1
8341 31566 6
13248 29477 4
19117 19979 2
10491 23381 1
28379 28465 7
14626 27858 6
8576 8682 9
2945 32486 7
2954 22184 8
14043 20156 5
6788 14875 7
1264 10970 7
600 21100 8
3725 9744 3
4678 10562 3
12077 21210 7
8329 16165 0
7910 14446 6
10024 11688 1
18036 28088 6
9781 25642 6
376 9746 0
8571 10539 4
13186 19267 9
11481 27885 2
9219 12425 7
10689 19192 10
4462 28276 8
13553 15198 5
28585 29568 5
4728 9661 2
9101 30597 6
4547 23591 1
13419 22850 12
8054 18515 9
9587 13294 1
848 19635 3
2792 6401 1
3700 5423 4
6901 11880 2
17551 19708 11
29684 30517 3
18799 28675 12
8233 16108 9
20388 31560 1
9533 22783 9
4858 29033 4
6835 14691 0
17299 20101 12
18830 25569 3
8271 11477 10
9016 25655 1
25580 30350 5
10973 13236 13
1605 9117 8
8830 15152 12
2069 19692 0
31 27857 3
4816 19326 8
19607 21577 1
23657 29618 12
16521 18641 13
6713 8537 7
25253 32239 1
9897 28942 11
9868 29584 10
2183 30681 1
23812 29907 6
10275 11550 9
232 6684 5
15870 31461 3
14299 30557 7
49 28536 2
136 31961 5
16296 24355 0
11701 27408 9
602 26882 0
2723 32094 8
9403 21641 8
13722 15985 8
21406 30377 7
1967 12162 9
11211 20787 10
7171 12310 11
10635 16975 11
97 7262 1
17817 26253 11
1747 10921 4
5221 22685 10
21069 28078 3
18344 28353 6
14470 25021 2
7388 27473 11
2251 29926 4
23487 32056 8
2090 14802 5
4213 25812 2
6957 19715 8
20450 28315 11
14766 20486 4
6771 12114 11
20105 22716 13
26197 30932 13
23003 32286 0
4208 18461 2
23404 31955 11
9632 15114 7
843 30096 1
9336 28056 1
66 28073 1
10373 19879 6
10329 21901 12
468 25193 7
841 3407 8
21076 28170 1
18204 22284 11
276 6508 2
11637 20638 10
1018 10613 8
19072 19376 8
7135 8682 7
9015 18037 3
4681 18113 12
9162 25666 3
14870 14958 4
26088 30279 9
13389 14356 13
11326 12044 2
8360 16890 13
16039 21827 13
16027 16261 9
9585 30598 10
7856 27358 10
11234 14538 7
6719 22582 6
6456 18024 2
18252 24811 1
427 5656 0
26341 29736 11
10665 29102 12
16383 23308 7
7138 12314 5
26712 28353 14
11406 24857 4
4305 11047 11
26204 28489 1
13746 15762 7
540 6018 2
19943 29830 11
17812 22777 12
3555 31706 4
20548 22407 6
10370 31445 5
15179 19128 10
15540 25983 13
460 1136 2
6840 22122 3
3543 13051 5
25581 28132 10
21546 29779 1
22428 25637 11
19411 28023 1
8562 31191 6
2637 7506 2
11463 17366 13
11332 17141 8
23968 28967 12
12163 12972 11
17378 30405 4
24983 30294 6
27892 32004 0
10973 29020 11
860 24304 5
17450 31240 12
11828 18904 9
21170 27803 3
3042 8599 0
18289 23272 14
3405 25699 8
6980 16181 1
3552 12735 3
2372 4330 2
1736 5706 4
6119 27237 10
13660 17485 0
3634 8910 0
4327 23801 0
17186 28078 1
24375 31439 0
24244 26856 2
4803 21125 4
15271 27120 13
9050 14667 9
10459 19317 12
12881 16295 7
21058 29548 2
5093 18190 11
9516 15808 8
3980 16530 11
13432 18218 0
28891 31490 8
18316 27952 14
460 26525 2
13991 24794 4
2889 14474 9
26228 31259 13692
17432 28909 10
18358 26405 1
14117 23965 12
1989 2797 3
11389 27429 10
3206 28726 4
5876 22308 12
17836 18248 2
5183 12077 11
19475 30111 1
9088 31042 8
6053 28413 3
16176 22755 8
18822 23110 4
12701 22932 9
16911 19069 8
11310 22166 9
14088 22415 11
10778 30518 5
5725 19104 3
25637 31239 8
11219 26448 11
2993 6365 3
5504 17989 0
1902 19214 7
2205 16222 7
1934 4172 9
5750 13244 11
17907 28525 11
17828 25483 13
19604 20235 10
3610 16631 1
29702 30206 12
2160 28637 1
4096 15823 5
8299 8774 12
24544 24890 14
16352 23683 1
20358 23120 4
9421 28179 9
27278 28223 30201
10061 23217 8
5954 20832 5
4369 4570 9
7716 24232 9
503 31030 8
1236 23501 0
17203 26734 4
16742 17633 1
1799 6262 9
9519 16529 3
15959 23800 6
22765 25339 6
13175 30854 12
19633 23742 3
1667 28482 8
18195 27341 5
6427 18976 2
3294 3518 5
20329 25829 12
10757 32726 9
2875 25097 4
4476 13366 4
10247 32179 4
2045 27405 3
5906 8341 12
1942 11533 5
2293 17762 11
396 18572 7
8020 13853 10
8550 11636 2
20647 30539 5
23148 24264 9
11797 12572 4
22182 25248 9
9335 32099 4
3030 27703 0
257 20979 7
14307 32372 11
1542 15062 5
25907 26268 4
4593 25176 9
1714 32580 8
19147 29821 0
26621 32555 10
2951 8375 1
23567 27016 12
9328 10361 13
19369 32416 11
6510 20466 6
21194 32089 3
1287 2569 6
9685 32009 10
7199 25503 9
17611 22849 14
14817 18088 11
18941 25112 3
6546 28499 10
16066 26234 12
9170 11728 1447
12417 24091 12
5344 12036 0
704 13924 7
21744 29498 9
4294 12250 4
4714 25311 7
4886 22428 11
9114 31701 0
6724 19342 6
5758 12451 12
10364 16342 12
9063 17624 9
21500 23392 9
21378 21881 1
1660 22391 7
815 26039 3
23383 24729 4
5845 6416 12
3017 18747 11
9996 22057 6
15287 15362 12
5922 24393 1
11092 26909 12
14422 15905 12
12549 19298 0
208 31694 6
2760 30178 10
13736 17878 6
1030 27936 3
10914 23912 0
11387 20257 8
729 26043 3
2279 25023 8
2694 31032 9
8553 9036 5
13958 30978 2
8094 11125 2
1612 23036 0
4271 18484 0
16684 30334 11
18094 23407 5
30933 31455 7
3310 17830 2
20194 28388 13
8131 27950 6
5390 17541 12
18927 32711 0
14621 31502 4
6467 31993 11
1666 19567 8
1495 11744 1
14737 26900 11
18518 19929 13
19889 22700 8
23306 26747 3
14901 19536 4
11436 26058 13
5326 27414 9
4142 14689 9
3419 9532 1
24 7718 2
22040 31486 10
11162 26664 12
13597 31246 13
5104 9798 6
18105 27204 4
23407 29212 2
17547 21889 3
6387 7066 5
113 15290 3
1642 22896 2
7804 26638 10
10135 24919 0
11002 18868 10
6995 13769 5
3918 20005 11
23175 26116 11
688 8033 5
18996 23307 9
19993 28411 14
5861 15147 1
21261 24151 0
5205 10588 4
23690 31923 0
4908 28287 10
5799 32398 4
23615 23841 3
9026 14327 4
23474 25943 10
20889 21496 9
24318 30140 9
3804 13052 8
1832 2099 3
4710 28064 2
5081 13781 3
1392 15352 10
4406 18454 0
7708 18824 10
722 11478 6
18249 23661 10
3780 19015 1
16448 25782 8
25660 30555 7
15813 27212 8
14409 15869 6
1826 24299 7
4829 11533 11
27810 30373 4
4067 5704 0
19990 20575 3
2237 17360 9
12627 28242 6
22607 29465 14
26801 32395 7
4390 15818 7
18830 29548 10
7676 30769 9
27689 29385 5
22688 31072 14
9031 27979 3
27254 31150 12
8306 26929 9
310 31989 3
6282 11445 6
14887 26198 12
3586 8924 9
7469 23602 8
5888 9292 4
4399 4793 4
4108 13219 6
23929 27026 1
26816 32710 11
381 4883 3
872 13119 0
13228 29807 3
18696 28470 5
863 17093 6
7464 18090 3
31930 32324 4
5865 21591 12
13516 25862 7
12315 15012 12
3428 3646 10
10787 19896 0
689 23447 7
12654 24333 13
19745 30292 8
8123 18977 11
73 12139 3
56 8029 5
12190 14792 6
24141 25670 6
27383 27854 13
3478 14981 6
215 8458 3
10439 12292 2
18724 25731 14
8508 24158 11
13218 19252 13
6169 8380 5
10873 19345 4
10774 14091 4
3588 25006 3
12684 21232 5
2876 14302 0
13288 22869 0
18104 23211 14
26830 27203 13
4361 17278 11
5173 30152 6
11983 12168 7
12101 25115 1
7869 22721 3
20234 21476 8
10792 17493 6
877 24139 9
6749 19536 4
5956 12764 4
5600 24929 8
10350 21368 0
19475 24111 8
1237 28234 4
10329 13113 9
4158 31995 2
2230 28469 5
3122 28872 1
13309 26594 6
11538 27500 4
17949 19641 14
4431 30446 3
19252 27360 14
5285 16735 9
16700 27254 7
1472 22072 4
15656 18553 10
12249 25535 9
3879 12676 1
2296 15298 7
13329 28513 12
18707 19319 10
4186 27926 4
31117 31489 9
19790 30889 11
10093 19001 11
889 6072 5
28090 30026 1
12552 28693 2
4619 26415 10
18219 31085 11
1075 10487 5
1162 16840 5
161 3699 2
4954 20092 8
11262 18832 1
13681 20243 4
15190 20783 2
2351 5992 1
17606 32631 8
1997 16469 9
15553 25494 10000
17172 26872 2
7818 18492 5
13796 17716 6
18974 25788 1
15408 25776 12921
20930 32372 0
5846 19967 4
2143 10620 2
10989 15957 13
1269 29735 10
2720 32680 9
516 5796 7
8428 31732 5
5843 10419 8
11175 25142 7
16708 26317 11
27067 30510 10
5987 12189 12
7038 29702 6
23288 32618 2
1348 17093 2
25147 30304 8
16540 19469 2
6456 9778 9
19025 26654 10
6959 10164 6
2118 14326 7
2910 20760 11
19175 25315 6
15250 32341 3
5169 28281 8
5635 30290 1
832 20999 5
1844 12289 7
17840 25650 5
767 23638 0
1645 11047 9
3273 19729 5
797 26163 1
4460 27095 1
7471 31663 1
19684 31104 3
18827 26711 8
1443 30154 2
6218 30348 12
13118 21413 9
6786 30599 11
5990 14652 2
17887 24263 8
8021 19341 10
17697 20624 1
11025 30239 4
6297 16487 4
7004 19478 3
1712 8087 8
3899 6570 2
7088 23647 4
10743 19752 11
27907 32184 0
14843 24339 10
13607 18012 13
1835 29388 2
14851 28023 12
3912 26929 4
1271 26001 2
12960 25322 9
19609 20952 8
8711 24943 11
20443 27123 14
10669 27446 3
5964 22468 9
6891 28902 3
13202 30703 8
869 17710 6
7948 22328 7
4842 17902 12
14324 30557 11
11365 14913 1
5946 5953 5
9250 25401 11
398 16605 0
29578 30496 11
6475 30296 10
29784 30028 4
4908 15441 10
6550 23576 0
11131 17327 7
4826 21676 5
542 3223 1
18809 25800 9
26567 30776 0
10357 13783 11
3470 22579 2
18141 22929 5
15465 22053 1
10317 22647 0
23019 28133 12
14871 25518 0
6184 7327 9
17713 29197 9
12482 25804 6
957 6551 9
23909 29873 11
6349 26296 0
12287 19756 7
3235 3845 1
21033 24898 0
6146 13543 11
11053 12069 6
5598 25841 4
19299 29647 0
29684 29764 9
15418 23035 0
2244 22932 5
22957 32687 5
9971 10444 12
133 1787 2
18153 22632 7
21771 28233 4
15300 23433 0
26376 27481 8
2597 31267 0
6259 25494 0
22916 28331 8
5641 12924 5
25734 25796 6
18349 22588 8
17750 31711 4
7887 10830 3
12391 15230 7
1986 16672 3
9943 28627 3
9434 31738 12
16476 20173 11
3836 24422 0
30526 31521 5
12005 15092 12
23656 32569 14
4212 13540 2
12051 17549 11
9759 17851 10
12106 12308 8
577 7663 8
6835 29832 7
2019 29730 9
12203 15937 8
3516 16671 0
13586 14957 13
1544 22273 6
3413 29445 9
3269 29183 7
5588 15974 0
10769 29954 7
18726 19471 10
14621 25020 0
3705 25664 11
14504 18216 6
13768 23236 5
11725 32188 6
9088 12875 8
8377 10678 12
7260 32657 8
22209 24578 14
19439 29134 3
4155 10085 5
2837 31568 2
10065 30884 11
2530 30333 11
7794 12060 4409
17705 24409 11
6459 28368 4
541 26335 9
22789 26339 5
15729 29411 3
5265 6372 0
2655 3590 2
22867 30345 0
407 10191 5
19825 32429 2
6971 18859 11
2503 8785 4
22234 24046 10
15579 16542 3
17602 30091 13
132 20550 1
8322 23687 12
717 5538 3
15017 16192 1
2576 23953 8
9379 28049 8
16587 20646 8
24878 31066 2
1838 8347 0
4499 14406 8
25356 30560 9
900 17651 9
15589 30989 13
19942 20768 9
937 16165 7
3701 14096 0
9337 24527 11
18546 18903 8
1621 20783 2
3551 15137 0
15215 30476 7
16740 18506 14
17986 31933 5
13560 27324 7
6700 21388 11
15558 29697 5
18640 25689 1
3772 15670 2
25301 28120 14
3448 19237 1
14158 25638 5
27824 30934 13
21392 28664 0
27191 28043 8
1573 19111 1
11008 20159 5
1975 21568 10
6936 20267 6
21157 23288 2
10093 17406 8
5500 10156 2
16702 20591 9
8154 28671 4
4676 16530 8
754 29912 0
573 29393 2
523 12513 2
26918 29867 8
5897 21248 3
19938 29459 10
11969 24835 7
1053 11147 6
12752 28100 13
6731 27941 8
3270 12297 1
3199 13483 1
1228 11470 7
17983 22990 0
2520 17442 3
4702 11847 5
11309 31387 12
6959 27817 7
19998 26263 5
1188 27969 2
6951 14372 11
4165 12572 5
1349 6825 4
4739 31672 9
22425 24890 9
805 12690 6
9907 13661 0
19643 22456 1384
6747 19507 1
9763 26946 6
1948 11121 9
11545 19394 2
532 22292 0
16551 25556 5
1671 17865 6
12432 13491 12
6830 16418 1
7546 12046 11
1007 2265 4
1810 12773 10
6994 18402 0
21221 29362 5
5804 24632 1
754 5588 4
12058 18537 0
17070 20618 7
6793 28680 11
3250 21066 4
12237 23196 3
27135 29817 4
20977 21324 8
4651 26944 7560
25555 30786 7
22842 31917 2
25857 31956 12
23402 30707 1
24377 31485 5
18118 18123 9
15090 15832 1
13373 28004 4
16067 16694 0
25172 31920 2
13281 27685 12
25454 29465 4
1907 11929 1
2801 15967 11
8421 18965 7
3763 26920 0
18648 27076 0
26210 27294 0
2009 8891 7
4844 28160 9
5066 17808 2
1036 23576 9
24785 27759 11
2642 14389 0
9326 30467 11
17634 24936 7
1251 14858 3
7732 9415 12
8153 14263 11
5271 25576 12
6358 12340 12
19306 21163 4
23549 24041 9
6118 6509 0
30555 31528 12
28944 29717 4
12438 27529 5
16582 20491 1
10853 13667 2
6139 26363 12
7182 18780 7
15895 24179 8
13302 32464 8
15506 19270 4
9743 17511 7
11619 21030 13
1421 25950 2
1034 11663 9
24047 28544 8
782 26448 3
23843 26626 1
16543 25319 11
7034 17035 12
8164 21300 12
15315 24591 5
5279 17871 3
8857 22220 12
8187 21831 4
21222 29738 11
14563 20412 7
3561 23636 10
29418 32514 4
2912 28861 3
7044 23139 4
5539 13080 11
7966 20614 4
3666 8101 0
28600 28634 8
23984 31965 9
2275 20884 4
30299 30386 11
6642 15999 6
13822 15588 0
3998 21590 7
21733 29287 12
13188 30027 4
3454 17640 2
9077 16308 1
17133 25908 10
14116 30553 9
8357 26276 0
17807 28436 14
1321 13139 6
4040 11520 7
9283 10483 1
2120 4648 4
17292 31550 10
5082 26787 0
4146 23853 10
13241 26727 2
3730 28775 2
20159 32043 12
8715 31845 10
261 26041 5
11522 28021 3
13769 26900 2
8902 16849 11
3064 8419 11
29771 31718 2
26193 30805 9
30854 30971 7
11055 23380 4
11195 20701 11
21231 30498 12
13750 20137 8
10199 10607 10
6311 8432 12
495 21374 7
21470 30206 10
10066 26844 7
3127 29287 0
13589 21875 7
19937 28230 11
5235 14171 8
27851 29646 3
7841 18957 10
1589 31929 2
29418 32582 10
10514 26854 2
19119 31233 10
6817 14526 4
4664 9388 8
192 16871 7
20936 22290 12
768 19753 6
30777 31422 14
8099 24691 8
4988 8575 12
5478 21523 1
13763 20278 2
795 4631 7
14315 18037 0
4890 10722 8
12638 32663 6
5606 21635 7
10379 18253 2
6277 23900 3
10080 22812 5
27160 31633 14
20947 22493 10
19281 24967 7
3165 5693 8
24311 27497 4
12094 12922 11
23975 27237 13
23850 28340 14
13170 26123 11
2504 14707 10
24043 32065 1
10104 28381 11
8733 20302 1
5620 14613 6
16410 18252 3
8900 16074 10
30437 30519 1
1907 13310 3
4401 18999 8
17030 28688 7
6817 28250 2
9883 11683 9
13277 32643 9
14311 23573 3
8933 22035 4
582 22650 1
16235 22930 2
204 29954 6
6091 31412 5
3480 22572 5
11289 30546 1
14378 21871 8
605 9507 1
19760 29801 14
121 22241 2
15989 30710 1
27269 31971 12
22484 30778 10
9984 24566 1
7577 13115 9
17127 31806 0
2622 24112 7
22549 23002 8
16653 25043 3
16689 30708 14
17174 29811 12
6871 19099 0
5981 8385 4
9675 14220 1
14412 26464 6
15757 24224 12
18925 30638 3
8490 28669 11
14207 24871 11
11057 29469 12
31105 31845 14
80 30516 5
1025 3012 3
3961 21002 0
4158 24782 1
10319 10382 4
6096 12295 3
1247 25627 3
17870 20174 7
8031 15295 8
6947 7686 3
10926 31412 0
5545 20987 8
5002 7725 9
8407 20659 6
7886 13849 4
164 30220 1
21856 22580 13
14660 15106 5
646 24754 0
21500 24533 13
6178 11523 1
2564 4138 9
1061 17759 6
8707 13457 3
3548 24187 2
5022 24048 9
28973 32075 8
17306 30828 5
739 29109 1
13601 26901 11
564 1037 9
22906 27963 8
28798 31832 2
21743 25730 14
5443 23884 0
20893 27923 5
6702 26450 1
22516 23067 11
12718 28898 7
14922 30523 7
26687 29763 13
15881 28245 5
6712 22712 12
717 20340 4
5332 28791 10
26085 31815 8
10671 25647 8
10764 12135 13
20819 28535 4
3334 30144 8
24856 27120 10
12273 13623 8
30843 30960 14
4890 32736 12
14009 22756 7
25658 29878 6
981 29513 6
2477 17258 1
12053 32564 2
1491 14340 4
7557 29130 8
5255 27747 2
2163 16072 2
11777 29802 1
19441 26877 6
9212 20423 10
17751 25291 9
1337 30081 6
16042 16830 3
104 16390 1
12197 31878 4
180 32672 3
11729 23003 1
20252 26653 13
10501 29439 13
748 3929 5
2894 13016 1
23588 25040 8
5057 31257 11
10627 27545 6
25386 29082 11
19316 25718 5
8726 9032 6
10164 11058 3
13723 25692 2
5800 10052 4
11349 26470 12
6588 16758 1
9079 13876 10
23703 29102 4
16711 30297 0
28760 29365 13
16957 31504 10
27499 29019 8
610 15066 9
10516 31730 6
5006 6207 3
27758 28237 2
2576 21547 11
5001 11682 1
16787 26628 8
16901 19694 1
12135 12901 10
7483 32718 1
22023 25236 2
13662 16477 3
2947 28955 7
1112 16214 8
19001 28173 12
12910 28276 9
1617 10892 2
22775 27826 6
635 17163 6
12581 26256 5
15609 28992 4
11206 27971 11
8227 31397 13
16477 30374 9
740 12027 0
14915 16150 10
30402 31035 11
18540 18606 3
29121 29884 10
4735 13611 3
9604 13580 11
4140 15771 12
2152 15321 6
28115 31924 13
20819 23582 4
8831 26586 10
7442 21447 12
12585 31960 10
26682 28882 9
20465 27053 10
2851 5201 9
9429 32462 7
21610 30438 3
24 970 1
13380 15482 4
14609 18797 5
8886 11510 4
13777 28964 3
4958 16264 17533
10181 24409 12
8040 20389 0
1485 20569 8
5377 19609 8
8435 12959 12
2696 17752 10
11073 28415 10
2217 15712 10
4381 15946 8
1974 3680 5
16370 29090 4
2693 3163 1
354 1611 7
7224 9953 7
1189 27465 6
14707 32474 8
13325 23266 8
1690 3905 5
16447 24158 1
3629 11728 5
9435 14434 10
4430 22905 7
164 23497 5
19421 30019 7
22383 22710 0
349 6767 3
2917 29259 8
21794 32578 10
6045 21271 4
11537 13127 8
2632 25063 8
782 19687 5
30093 32748 11
3059 8551 1
3183 31438 2
22667 25335 0
10697 29880 12
18122 20084 2
5262 28438 10
864 10457 0
343 30724 7
18338 24658 7
5970 13411 0
20280 21905 2
5559 10590 9
2343 18882 3
27747 29400 12
5476 24571 8
14496 30108 6
22360 27059 4
5098 8093 3
19804 20044 6
4917 22442 3
1417 13630 10
15317 22415 10
1684 7231 5
1391 22812 7
15214 19104 4
13815 18732 3
1299 32381 3
1130 5093 6
7305 10690 2
7350 28633 2
16156 17646 6
19307 24910 6
6682 16979 0
22513 28425 12
1503 4625 3
1215 4375 4
8185 9962 6
8971 27683 7
22351 26913 10
8440 29245 0
2712 30464 7
6144 25466 6
7399 20305 11
5489 29811 5
4008 22103 7
1219 13035 7
3584 18806 2
25997 32483 0
13208 22377 5
12275 13603 4
4229 23380 12
11168 18247 8
9740 32515 3
13634 17727 7
19785 21316 3
5378 13783 2
4475 21659 0
12064 29980 10
5709 17397 12
10311 32523 11
4133 19806 12
4158 5079 12
3441 15795 2
21660 29764 11
7135 15464 12
22428 22976 5
26363 27624 5
24591 30083 9
17383 31974 0
3188 19561 4
1002 23234 0
15865 31484 4
4231 28284 0
28 23755 1
7848 10885 10
14200 19617 5
6255 16363 5
12511 25704 5
21890 25874 13
9426 10423 2
8636 11777 6
6979 13321 3
532 1659 0
9649 27556 6
13751 20453 6
18146 26337 6
12794 25682 2
8094 29037 12
7909 30974 6
12098 22970 12
21200 25002 6
16065 29944 4
4496 28786 6
26240 26690 0
14450 18643 7
374 25718 5
6565 25408 7
28712 29245 1
636 17888 2
11795 19360 6
6847 17470 12
14825 17098 10
7612 17714 4
263 1428 8
21 31775 3
5942 29891 4
18541 20283 13
7144 11723 10
11403 22896 1
15301 22593 1
12854 18561 12
9497 24688 13
6828 20628 4
668 2956 4
2974 16941 2
9448 15681 4
560 13886 2
24174 27326 13
6505 18089 11
1201 18547 8
2859 27724 1
3537 15248 0
1180 27036 3
6194 16725 9
15135 21672 4
18810 24346 3
10876 22512 11
1536 6622 1
16958 25612 6
4967 25261 2
26574 27790 7
15817 24689 12
11005 21109 7
14349 24225 11
152 10399 3
7202 31749 6
22368 32203 11
20968 21194 9
16541 29452 10
10860 19528 0
9050 10121 1
6927 13532 3
30973 31460 9
615 9735 2
5177 9551 11
4828 10957 0
16881 21917 9
2680 30444 8
8165 31139 0
3560 23251 1
7508 15497 4
14543 25173 2
3792 20992 10
15201 17931 10
28107 30129 9
6657 6841 7
7178 18118 4
25389 27231 5
11438 32234 10
17124 20435 14
2778 9628 5
12093 22828 3
9478 11740 11
8332 16027 7
550 30216 6
24126 25746 6
5897 30332 0
16714 18511 1
11338 14749 1
23766 26170 0
7193 23831 5
18369 24410 9
45 739 5
27467 31148 13
2331 30967 6
23938 29879 13
13875 24674 8
8968 22217 10
21194 28429 12
15687 19901 2
13058 20964 2
16672 26447 4
6066 18428 2
8003 30661 9
22398 22641 3
3178 16564 1
55 28687 0
11917 12999 4
1619 20686 7
23961 31761 7
6505 15458 8
1313 21845 9
3858 26708 3
14273 32163 0
14662 26279 5
24040 31378 1
21432 22392 9
10075 30141 8
8815 18793 3
8831 21618 13
1245 1421 7
9145 24412 10
23652 26585 5
30803 32404 8
4250 31209 2
13364 15091 10
9946 23149 7
8544 32138 8
3392 20777 2
7740 16483 4
19380 23793 0
16303 23387 12
4355 17800 5
18343 23714 14
22690 29924 3
11157 12607 2
6960 9638 11
7561 10988 1
13024 15798 11
1454 30117 6
19449 31934 14
1584 25278 1
9559 15021 1
14006 23651 13
8424 13878 6
7921 31251 6
9263 29519 9
18007 24541 3
10675 18629 10
1381 15392 9
17248 23763 3
2670 29121 8
13210 27417 13
1114 31844 4
10981 17899 1
14876 18430 11
6798 8879 0
3702 31753 1
7715 12128 0
14368 29282 3
13430 14477 0
16810 18025 7
21082 21919 7
20934 31665 7
2302 24952 9
6247 24547 11
7710 24900 12
15933 19015 12
10507 18038 9
16615 20107 10
6086 10406 1
19613 21021 5
16124 21656 12
7324 31420 9
19144 23163 4
5887 16805 9
4698 6465 10
22223 30844 14
7457 30837 7
4203 21480 1
3607 7151 6
25020 27228 3
11871 22580 6
21570 24848 6
5571 26878 7
25149 30161 2
27312 28729 10
8386 17393 1
2848 27676 3
8331 12912 8
2512 14580 11
16194 20926 5
13782 26766 7
17806 19615 6
8982 30910 7
23371 25342 6
3031 4304 8
23904 25361 8
23906 29667 12
6590 7261 3
17392 21507 8
17851 30811 14
16617 31455 13
8621 17880 9
12636 25178 1
13619 19381 6
16055 17105 4
4077 14120 6
7029 13674 0
8926 20825 1
189 30071 6
21831 22929 9
2787 8950 6
4242 18496 10
9874 21608 12
7152 8812 2637
2188 32266 6
18243 24002 1
471 23729 7
19986 27807 14
7150 30867 5
6779 18980 11
16719 31677 0
10610 17649 3
7006 13100 7
17837 21312 5
3926 20703 1
16643 18558 2
23953 27532 13
16530 22571 10
8832 31919 4
10265 22911 4
10258 28184 7
29975 31560 3
16457 32353 7
4832 24279 8
12294 29976 3
22147 27419 0
4898 15792 5
2957 28382 4
18129 23574 9
145 9018 2
11574 26657 10
9553 31858 1
10777 12250 6
4370 29344 12
23021 32633 10
19319 26581 10
15982 21443 13
7542 26155 11
10685 11760 5
2689 5525 6
10010 18931 2
23511 32657 13
307 5927 3
25471 31534 5
27239 28431 2
18318 28869 7
25694 27837 13
7637 11594 11
20923 31263 0
12595 27645 11
17925 32537 9
13231 21324 3
18762 31966 0
20128 29613 3
10214 32044 7
27445 28185 2
18330 23602 6
10892 19182 12
5400 23051 10
7815 28705 5
9559 22623 5
9102 22134 8
7502 12722 2
23978 31594 9
5275 30136 3
12775 14032 4
1093 31123 10
19671 25419 4
10478 21667 12
14606 22230 10
12781 28779 3
1444 11069 4
27196 32418 4
22177 31926 3
17055 28174 7
5111 27109 10
15081 24639 7
7049 28885 3
24151 27696 14
11123 29616 12
2447 30543 2
2464 24616 1
868 7088 0
1369 23787 5
14234 19538 12
2956 17495 6
2496 16704 3
215 14709 4
13080 14505 10
23374 23854 4
4873 9585 7
13018 27888 12
16646 31814 2
17671 19931 6
5356 27204 3
1072 27804 5
9017 30656 3
11131 30824 5
3255 14234 2
2576 18126 6
3980 5420 5
105 25955 1
13860 25701 9
9932 25157 8
25454 29831 2
27541 31959 2
4722 20373 0
9892 16717 7
2284 26292 11
16689 28639 0
14255 28875 0
1454 7135 1
22603 27611 3
17277 22282 14
2627 32460 9
1845 10302 0
2822 8303 9
18490 27876 9
5277 30679 7
1478 10985 5
23677 31871 5
4809 5083 0
387 1875 8
5965 12933 6
6601 9181 1
15942 19489 5
6404 26850 7
15398 18626 7
11700 14897 1
24851 28705 14
739 1516 3
17502 27938 11
8030 17479 3
15133 26174 8
2855 4377 7
24987 25357 1
16265 23242 5
16506 30252 5
5716 29204 6
956 13616 6
20422 25368 7
6114 10886 6
2756 15407 2
8472 19781 9
29445 32432 2
2008 17299 1
573 23763 7
9724 25739 3
822 5519 1
16821 19530 4
1067 16707 2
11267 11383 8
6574 11726 1
24821 31485 8
4531 10886 6
1930 8503 6
746 22494 6
13361 18529 3
16277 29580 3
13898 31522 9
1548 18186 2
17171 18841 6
314 9752 1
3579 24589 2
6430 32057 11
5259 18947 8
4940 28721 4
9319 23358 13
873 2189 8
5003 18045 7
2994 29723 3
8609 27438 4
21358 28021 2
4829 18824 1
6235 27030 7
13429 27934 12
28939 29823 6
13282 25748 1
9569 22454 2
9967 26772 7
10549 32421 0
13311 17032 10
4402 16572 8
9612 10269 13
16955 20743 12
13948 15851 6
22160 22546 7
7143 15534 3
2471 26376 11
6346 27801 7
11013 17373 12
17671 19790 10
10317 32321 4
6975 22283 9
15238 16471 5
19665 21925 14
14524 24595 6
1047 13650 2
20155 23941 8
301 21722 7
16485 18554 3
1671 26632 5
1165 8108 10
14494 18168 6
4545 25580 0
2770 4151 9
20305 26148 12
9535 12785 5
14319 17334 7
15978 24381 6
18745 30187 0
95 23044 4
6136 7358 9
7410 28098 9
16266 20074 11
2013 9314 8
10278 28712 12
1425 1648 2
21543 26601 10
7090 22942 8
2 23386 0
24080 25290 5
15667 21495 12
21085 28999 14
26617 26708 5
8867 31594 5
7070 18127 9
7534 19805 4
23529 27429 5
23384 29329 0
7457 21864 1
1386 24166 4
2384 25535 8
12275 24649 6
4837 16069 3
283 11304 0
3754 7827 4
10688 28819 4
4720 11024 12
2465 8593 4
6575 30294 6
3371 27091 5
8389 24690 7
8925 25678 7
13273 26495 13
6398 19849 6
4757 17131 7
13749 23173 7
5427 7534 12
17105 31728 4
22464 26822 8
10926 28738 13
14329 16086 3
21748 30210 4
2077 28123 4
6414 18507 9
4110 5699 4
832 10422 9
495 13589 5
10017 15332 10
3156 28863 1
16838 30282 12
14673 30983 8
6643 11019 1
16245 21775 3
23882 32197 4
7016 18618 9
919 11840 7
3427 13872 9
6567 23708 2
121 30104 4
19356 28158 6
5728 26701 8
18980 30293 9
10330 30455 4
16487 29040 8
20182 26858 13
17998 24499 4
14517 19421 6
7079 31221 5
18982 29715 3
19208 23967 3
14355 24557 13
27744 30998 1
910 7035 1
21154 27927 5
7620 23431 6
4307 30369 7
10892 23055 10
20719 26391 3
6232 15688 0
4659 5362 12
318 5535 8
10593 27259 0
3192 15157 5
9417 28874 4
9608 13751 8
2297 25103 8
14348 32660 1
14444 28900 2
14940 23123 6
1158 18003 6
16959 30952 9
18744 21809 7
11730 30152 0
8023 30405 6
10744 19320 5
2815 27499 6
11005 15088 5
27617 31039 12
31176 32098 2
9138 13490 6
6403 32277 0
7385 18650 9
925 6884 4
11992 16907 1
13503 31560 4
21812 26094 3
4136 26364 3
5620 15362 10
1464 16754 1
26134 30758 6
664 6058 6
2650 18640 3
5990 22792 7
1065 31014 5
11693 24795 4
13728 15342 1
13641 26617 7
11239 12352 8
13640 29403 13
2458 9749 11
12159 19731 6
5215 8118 9
27073 32514 0
4190 25919 3
5151 18093 6
14019 23842 8
28575 28663 1
13476 15424 1
14266 18983 13
22621 26504 8
14628 20516 10
14293 15548 3
3016 3444 6
7011 30338 3
4658 7638 7
9027 13811 9
7565 26687 7
8680 14153 0
23098 29002 9
6959 16814 1
24258 27454 7
23081 24686 7
1493 23318 10
3675 29883 3
10382 15671 2
17437 19529 6
6765 18556 6
11614 18320 12
22726 24003 12
4237 14815 7
1670 2855 6
24865 32723 14
24688 30410 7
23238 29489 14
2305 20965 10
26404 29715 9
5460 27378 11
7019 14952 0
17231 30322 5
19949 28501 12
6431 20091 6
21929 31912 14
1481 4387 10
16914 17428 5
11383 29743 5
22679 28838 0
12284 30872 3
16903 30822 9
4089 27743 3
15703 30863 6
21288 32577 9
17961 32257 0
3195 23713 3
7977 18928 0
13327 20874 10
2101 19123 4
22064 31921 9
3557 23359 9
19319 21849 2
17561 30492 4
14630 18928 3
24813 28906 8
4849 15693 5
10498 12319 3
6718 26217 2
19195 27011 14
12798 15248 9
10164 17283 9
9375 19301 3
9122 21574 2
28424 28906 4
2676 27924 11
6636 22829 3
21825 25377 1
5983 25783 9
11367 31928 13760
1096 1295 5
18082 24857 7
1604 24035 8
20569 24627 0
4519 24065 5
4446 23522 3
8210 18371 11
13548 28401 0
11233 21661 13
10006 24234 0
8005 17671 2
25064 31928 1
13296 24532 9
15246 26619 0
2761 6516 1
5819 19239 5
3447 20850 8
18182 18275 7
7223 9116 12
19259 26871 1
9179 12544 9
15853 17855 0
1541 30392 3
