5000
5246 8566 7
5313 16013 7
6925 10741 5
960 8152 5
1609 4771 8
5957 6725 3
16298 16695 0
707 3483 1
807 10429 2
865 964 3
452 850 5
18999 19507 2
4216 4883 7
767 3694 3
9395 13469 12
11433 17505 12
1762 10442 8
905 6760 8
11121 17643 5
3078 12742 4
1618 3429 3
90 15652 2
10615 11475 9
2700 4819 9
1510 1908 6
1029 19740 10
4573 14088 5
2262 2745 4
8762 12360 6
1530 3504 10
7808 18269 4
3211 6625 6
16730 19075 2
1670 9472 7
4176 7952 6
3988 8559 1
8291 11223 13
10777 11978 11
589 1102 1845
8346 10599 5
829 1994 5
7937 12302 0
9905 10156 10
8830 13080 5
1138 9344 5
7387 12317 7
1729 7666 10
10440 15527 4
10309 17379 4
1073 10971 2
7818 15299 4
1985 4345 6
9605 13362 5
1475 18807 7
4177 5862 5
4372 14641 1
2778 6133 3
3703 9367 9
7809 9438 7
1051 6051 10
9312 10203 0
9011 16868 4
3891 19713 6
8149 18878 1
4579 4649 11
2600 9756 1
5124 10271 11
998 3213 3
9930 11428 9
4790 10091 6
1567 12732 0
4211 7895 12
8646 10794 5
5367 10567 7
1470 11564 2
12161 19078 13
154 4869 5
12116 14388 9
7934 15391 6
11158 17092 5
5237 9333 1
14881 17484 13
4015 5844 5
13304 19925 1
2675 19660 10
8935 9716 4
2456 4722 8
1452 8389 4
5997 6174 12
11119 16082 2
6994 12173 5
1545 8969 4
796 3008 9
4428 5631 8
6011 18869 0
1080 11016 2
1594 5192 3
4961 9095 0
3067 4338 3
11686 15970 4
4862 14218 12
2058 16092 8
5573 14109 1
6025 6736 8
667 13123 6
1053 4182 5
1843 5546 10
2420 7627 5
2882 15313 2
3178 18004 4
5206 12151 7
8764 17805 13
7905 12114 5
7289 12122 12
30 8898 3
3226 4076 8
2110 9901 7
142 7028 0
7405 18806 10
8159 9860 6
15999 18829 9512
7957 13219 2
277 13008 1
2689 3341 5
2474 4217 7
8691 12432 8
6853 10223 4
10608 10757 10
573 9536 3
3843 12110 1
2756 12568 8
1333 12336 10
351 19497 1
1707 3334 1
2376 2630 9
9479 16679 13
7850 19657 9
11342 14817 11
2696 5903 7
2799 6318 1
14070 17558 2
1565 12957 9
1926 11197 9
4530 7182 9
5436 12997 4
1380 2589 5
6114 8609 3
424 6142 0
618 16853 8
1310 2546 10
2670 6100 6
2626 11705 11
2746 6842 8
3893 14658 1
7803 10038 8
10657 19310 10
7306 9733 3
1873 7985 3
4257 10331 5
13546 19300 11
8782 17584 4
6533 13372 6
5755 7799 3
3586 9445 8
8865 9198 2
7678 9731 11
1889 8320 2
730 7886 6
7774 12752 12
1839 7649 10
7756 10537 3
12244 19757 13
8277 16983 10
1807 8269 7
1489 16302 4
12696 14533 5
3539 6210 10
1608 15212 2
9564 17615 2541
3231 4108 7
3561 4014 2
12774 19486 10
4587 17436 11
4363 10734 6
8013 10068 0
4132 5975 10
2259 6672 1
4394 15947 2
6645 8141 11
11608 13744 3
7499 17088 0
11096 11765 5
10938 11787 12
10789 13138 2
784 8478 3
6610 9917 4
4201 9458 3
3316 4420 3
2820 6868 10
12331 13055 9
1552 5694 6
542 11001 7
1859 16248 2
11394 12553 10949
1189 19532 7
5978 19883 6
4977 6320 9
6059 10613 1
6455 14680 0
9776 11740 8
7048 13649 9
2583 17822 6
10059 12203 12
9642 13524 5
10555 15352 0
5891 12442 5
8540 11706 5
2160 17238 6
931 11096 9
2844 10630 3
9369 10497 11
3499 3815 2
5762 8478 7
4047 19843 2
9621 16733 13
4133 7438 3
2273 7342 9
2972 4738 10
15643 18161 5
5703 6638 11
15062 15553 11
1656 3896 6
8876 13193 3
8620 8953 4
1779 18962 2
4728 9314 5
14972 15745 9
1220 4207 10
5310 9963 4
678 4609 5
8 6983 2
2778 6066 4
10831 11615 9
6176 10375 6
1913 6786 2
7218 7371 4
5600 16452 11
7782 12577 10
2655 7824 6
18237 18969 6
3567 12426 2
2429 19415 3
4067 4309 0
4900 5472 8
8021 15461 0
911 16880 3
9337 15085 13
1813 6272 5
10251 11531 4
3139 6991 6
1790 11110 5
641 8598 4
1461 5926 9
547 13819 1
2044 2887 9
6640 10024 3
9819 10780 6
5656 14648 10
7913 8965 4
2876 9451 0
10750 11672 5
1131 15499 0
2096 12389 10
10048 19536 10
5379 8678 10
6725 7065 5
6389 14897 10
3130 12489 4
5798 11829 12
7759 11432 2
7953 7998 4
10014 11534 9
5333 8201 10
1490 13051 8
1650 4139 1
633 834 5
246 934 2
3001 6807 0
8209 10349 6
9850 12706 1
8239 11925 8
2854 6183 7
2266 3080 6
227 7293 6
1509 11201 4
1766 13610 7
526 15239 3
9060 12238 0
12412 12433 3
353 395 3
3262 8647 3
12914 18895 13
6667 14943 5
9465 10322 0
8240 9777 4
3343 11180 2
1126 7107 0
1608 6836 3
9054 10906 12
3818 7684 0
3224 9345 9
1400 11445 3
1727 14869 4
9057 12455 3
11443 14837 12
2696 12420 2
8814 17690 1
10765 17228 3
2067 10735 1
8587 14908 0
1795 19675 5
6732 13502 18955
1451 10477 6
2248 11269 2
6871 11439 12
8813 10850 2
7516 7930 7
5455 6683 3
9059 14379 11
3356 4437 9
3156 4727 4
530 3931 6
2850 9056 7
9649 10544 6
8465 17075 11
15983 18486 6
2955 7336 6
1988 5224 2
5201 14175 3
15431 15864 13
9939 16411 5
11843 13948 1
5077 8967 12
1425 8984 2
4870 9178 10
11553 18026 4
5418 8750 11
1522 1758 4
5591 12097 4
10139 19520 3
2641 11806 5
5350 17054 3
8641 18914 11
7019 10420 9
640 3601 1
10405 18413 11
8051 16445 7
2579 19408 0
832 7469 9
689 14744 6
6600 14053 5
403 6532 2
3051 6595 0
9864 12365 9
4246 10864 9
5390 15641 1
1716 6896 10
2998 6767 8
3231 16941 4
7418 11017 12
11344 16076 10
35 13093 1
1846 11317 0
9766 12274 13
3746 19939 10
17683 19448 5
5135 10338 8
3574 5726 8
13588 18010 1
1949 11710 3
1730 12012 5
2429 7591 3
11414 12940 10
6698 17854 4
2434 8780 1
5729 11992 4
9327 14946 10
8032 10463 1
1116 11652 1
2519 2758 10
12118 13554 0
3919 12127 9
13502 15539 11
3567 11475 1
4703 12599 4
2032 17267 6
1668 8716 8
683 18889 8
7175 10818 4
1236 15224 5
2623 4971 9293
1228 10515 3
3380 17851 11
29 4699 2
4457 4805 8
7377 10884 9
5325 16104 11
213 9118 6
10034 10776 12
4426 5336 12
7203 11303 12
2055 9446 3
8111 13724 9
10577 14819 12
6849 11770 4
1914 11576 3
10139 15013 2
6656 6905 12
5494 13696 1
6361 19736 10
4402 18660 3
3462 16856 5
6681 15282 9
17774 19755 3031
2221 6319 4
6364 10999 1
8361 11357 10
3514 15709 8
2250 15413 6
101 12033 6
2493 5592 1
298 12271 0
4414 8080 5
6278 18876 8
9064 17215 12
19 9626 4
8501 11618 10
7238 10771 12
135 14307 2
3119 9138 6
10522 13934 8
17608 18606 11
10981 12775 11
9932 10423 9
9678 12223 1
6481 7319 12
7886 14828 5
1075 6158 6
7370 10860 11
16151 17895 2
7126 16268 11
5052 17357 2
4605 17941 12
4079 6582 6
1908 2431 6
35 17863 2
6424 19893 3
2589 14862 5
2843 19519 7
5982 12339 12
361 10988 1
5813 16456 9
7362 11461 12
932 13479 9
1391 2346 10
867 1353 4
4010 7420 5
4614 14049 6
2315 12283 11
4675 7391 2
6591 10534 2
5542 9455 3
2377 11202 2
994 18446 4
12864 19956 7
3825 7183 0
16730 18844 3
6043 7209 5
1268 4234 4
5481 9389 10
11421 11735 13
722 9240 2
4976 19076 12
5503 19945 4
1765 16623 2
7152 7169 2
1320 11417 4
9369 11336 0
8118 8653 8
12297 13791 12
1827 17811 2
3743 10865 10
8239 10369 8
15687 19540 12
1370 3236 5
3304 9467 1
1987 12038 1
9608 16882 8
11986 17401 8
4146 5655 11
9698 10169 9
1736 2250 8
3191 13456 10
12090 16245 3
6373 8976 8
6259 9502 7
10836 16493 0
3060 11182 8
9247 13541 5
507 5098 4
9174 10515 10
1437 7445 2
1660 7131 7
8842 10482 4
9794 18537 4
1550 9982 10
8674 16314 6
2524 12328 1
2902 5888 9
5131 11603 4
1264 13040 4
1229 5598 10
1476 11699 9
1405 4697 1
19410 19967 2
2646 11913 1
3968 8637 6
6357 12077 9
3369 7158 6
6457 9526 11
3361 5652 7
516 11628 1
2064 6565 7
2031 9753 6
4250 15924 6
1835 15684 10
2542 8854 11
566 2625 9
11572 15649 8
1003 12608 5
8828 9116 2
6169 17171 4
843 6062 6
6503 11853 12
9192 11416 6
8735 9717 5
11067 19565 0
4570 14108 12
10813 18700 11
10333 18240 9
7796 17404 4
6395 10374 2
5152 6467 2
11450 19003 6
10125 18321 9
9112 12777 0
6204 9084 11
7682 8904 2
7541 9676 12
3499 5916 11
8351 19292 2
3182 5532 8
10600 17949 10
13807 17135 5
5718 9569 11
2034 9745 9
4189 17918 3
6716 12153 10
5206 9220 10
5548 6968 9
5287 8840 10
341 14021 8
12832 15379 0
11251 18758 11
8541 18548 4
3034 18273 2
8514 11725 6
3969 8625 10
5042 5850 3
4707 18500 12
1722 4643 5
11341 16622 9
789 2812 8
3303 13827 8
5327 12252 4
9460 18288 5
5339 16208 9
13168 14051 10
6528 6983 1
7535 19019 3
904 17475 2
13673 15592 8
9787 9986 0
7869 18670 4
6153 17939 0
12379 17366 2
7050 14419 7
4434 4787 8
5590 9561 3
2749 7652 9
903 17934 5
8788 18498 8
3270 4713 4
3507 14843 2
10257 10498 7
9515 12418 10
11591 15815 8
12356 16164 14747
2428 12424 3
2272 8566 1
6535 9743 5
1032 9332 8
12071 16176 10
4957 17155 6
9876 14050 5
8136 14929 6
17748 19910 6
10730 11535 4
1939 3243 10
3717 14694 10
6108 7870 4
4881 15903 3
11505 11753 5
5712 15825 8
11965 14888 2
1690 13015 3
771 2038 0
3536 15802 2
8877 18238 1
2991 17437 10
2586 12814 11
8263 12940 13
3160 8640 9
568 10486 6
1143 14815 4
2746 8079 6
1323 1423 5
3647 7942 8
14278 15210 1
4428 19120 5
5124 6492 8
5132 13299 1
6117 9536 1
5550 10923 8
8543 15480 12
5474 10793 11
11229 16582 12
12247 18647 12
5330 8157 8
5502 6519 12
1984 4535 6
881 12600 9
2193 8898 6
3800 13492 5
5127 8361 8
886 16130 0
162 3121 6
1546 2453 1
10742 12197 7
9550 13724 8
2184 17205 8
5929 10257 7992
10236 10860 7
3898 12625 6
11690 16021 0
9114 12723 3
3440 9010 3
5568 17003 2
9453 11897 0
176 7892 7
2918 10355 7
3856 13318 0
17980 19717 11
5429 13498 6
4038 10453 11
6096 6219 11
438 5959 2
7889 11626 5
1509 6448 0
6299 12334 5
2441 17024 2
264 302 6
3182 9545 10
4326 11655 3
1919 2868 9
1018 5844 2264
10954 18050 5
764 5721 6
5641 10590 0
3917 14053 5
6530 8514 8
15738 16597 0
1340 4122 1
1473 5805 7
7043 14058 4
5779 8598 4
1454 12287 4
2649 7768 7
7130 10266 6
5220 11917 12
2023 16177 3
1791 7595 1
460 5467 6
15249 17700 12
7807 12458 9
11722 16923 1
733 6457 6
4379 11528 1
10024 12513 11
5403 11703 8
4692 8538 4
7343 15259 12
3449 12081 2
866 10587 7
12052 13383 3
5668 11027 5
6886 9810 5
2929 15653 2
11571 12634 0
1438 4825 7
1509 11357 1
5865 14305 11
4839 19756 8
6453 10852 2
714 19019 0
6643 10613 11
8597 13987 9
1307 2546 4
4758 5066 6
2165 18183 6
3869 15791 2
806 4504 4
6171 12598 7
2250 9610 8
842 13779 6
10447 18443 4
3761 17188 5
4995 15070 5
13210 14942 6
4226 19344 10
6201 15106 11
2133 10458 6
1500 7600 7
10680 17369 7
591 8258 1
4582 10885 5
12116 12467 4
9386 9788 12
9757 11462 1
203 4730 3
12119 19678 4
10037 11562 10
2878 17476 8
1843 6775 7
2755 3237 6
11261 17710 13
7440 14698 1
1574 15329 3
1820 3662 10
969 7534 7
698 4128 6
6526 15886 9
7537 9945 0
2399 8241 0
8424 10728 10
9779 10963 8
12561 13959 7
1723 6827 6
1949 17739 4
862 1413 2
711 3833 5
3385 9933 3
7070 8341 4
11608 17913 11
7622 9579 6
14059 17235 8
5700 8121 3
3277 7345 1
1356 3211 8
12546 16122 7
2783 8277 5
3575 18658 2
289 354 4
5967 17311 7
5628 7468 7
14753 19341 7
1691 17478 4
3999 6883 0
3958 10352 8
1656 2580 2
1294 2899 9
992 19815 2
18443 18542 2
4803 8127 1
9152 17806 2
8165 15748 4
15597 16454 11
12600 19749 10
10183 13073 3
3459 19253 11
2274 14144 2
2523 3535 1
5377 10924 12
9555 19149 6
4097 15152 7
3620 9526 8
1044 3654 4
3654 19467 7
1937 2911 10
5574 14897 12
3294 14801 1
16677 17586 13
5403 7986 0
6518 14749 6
4351 6328 8
10397 17222 11
7566 10695 0
6124 14029 7
7575 10955 5
5814 8010 5
6830 9352 11
953 1855 6
2725 3161 0
319 16765 0
5258 9910 7
8 4374 1
10972 17052 3
3622 19522 8
2380 9490 1
5759 11707 9
6101 18666 8
4439 10488 0
13568 19201 6
8277 8387 10
3624 8664 0
9923 10590 3
3247 9510 8
6265 6288 5
12911 13084 2
5643 8671 1
374 14259 2
435 8133 3
3144 10883 9
14021 19956 5
13933 15901 13
4775 8044 5
9652 19421 0
4227 8410 7
3192 12591 10
2452 7893 9
9012 9461 6
9470 19109 8
3348 18809 15116
13159 15778 1
5093 12637 4
2992 5128 4
1173 12598 4
8358 17499 2
195 421 7
1256 3396 4
331 10980 3
2554 11555 3
7325 10895 8
3458 19754 4
2966 12944 3
4064 11885 7
11868 13342 2
15084 17211 12
4155 13411 10
9190 9334 0
6533 7260 11
6200 16689 4
6880 10695 9
4812 8113 2
643 11660 7
9187 9407 1
6433 13900 8
1653 18788 5
3214 19779 8
4138 17747 7
1339 5956 6
5350 17339 11
6614 19551 7
7323 11377 4
324 11846 4
11949 15925 11
881 13242 2
7130 10336 2
976 4525 7
3158 4979 4
2907 3459 3
19543 19680 6
9009 10228 1
6135 6928 10
8215 17032 7
3098 8022 6
8171 17606 9
7590 16033 7
2940 19294 9
4470 17597 2
10676 15706 5
922 15389 8
8168 8789 0
895 17039 6
2374 12934 8
3708 6156 5
7727 12361 4
4882 6781 3
1182 18105 4
16774 18144 3
12715 14124 9
9016 9900 6
1911 10822 6
2912 10590 10
7031 14513 7
7227 14977 12
6822 13799 9
3952 19215 8
2960 19274 10
6965 16173 6
2178 9810 2
6779 9693 0
6462 11516 5
559 4313 8
7262 15556 2
3440 19973 0
12 11308 3
4308 10662 6
17683 19087 10
7061 14482 9
9548 15444 11
10023 16126 12
10074 10762 0
6989 8011 12
1192 14232 2
11566 13131 13
7877 12657 6
1845 2788 9
1320 10462 8
5327 11412 7
6578 7284 10
4560 9704 0
1335 6443 8
7651 14094 8
7220 19277 1
3101 12163 11
10693 15548 0
4143 11265 10
836 1074 6
3182 15189 0
5311 16689 10
9113 12343 1
2596 10574 9
3689 16260 7
1966 2350 1
1902 16017 8
5539 16449 8
2694 7716 0
9933 15369 3
5722 8751 7
1513 1777 10
15456 19500 11
1604 11815 10
1891 7898 7
179 15149 2
5913 13926 4
13909 15219 6
8727 10771 4
4989 9898 0
1783 11770 1
10607 16717 6
4149 7688 5
4888 6339 10636
10092 17475 11
8495 11717 1
2040 11883 2
720 15035 6
1402 8432 10
5905 14286 11
8100 8231 8
172 15801 1
12074 19426 4
5510 9540 2
3454 14214 10
7762 15683 12
135 16447 6
6714 18603 5
17057 19323 12
4924 6224 0
4890 5484 9
1628 12735 3
3977 7509 3
5579 12459 12
237 7179 6
2511 4941 2
2935 6373 5
11093 11469 13
11528 15619 5
3615 8856 3
7464 12889 6
13614 17456 9
8556 11618 8
1876 6466 5
291 7449 3
299 18251 2
1998 5311 9
4788 12056 2
6319 7148 4
4121 16322 3
8179 14277 8
10903 19660 8
9573 18952 3
4146 5831 10
6883 19225 7
7012 14311 7
6882 13980 2
9104 13648 6
14847 15080 13
8126 12789 4
9422 14384 3
3178 14289 5
5482 15837 12
1391 9815 1
5249 11545 0
10555 19327 4
10643 11831 8
5285 10672 9
1308 1412 2
6298 10640 8
2355 5355 0
85 6997 4
1187 9627 6
15352 15362 11
14139 15606 11
9461 18083 7
12699 15303 13
4621 5612 1
10628 11949 3
6630 12676 4
1129 15569 6
4687 17507 2
12259 17194 11
3670 8088 0
290 9714 4
5798 12527 9
8602 17144 1
2465 12754 11
1699 14587 10
2889 9831 3
1447 16550 5
940 11803 2
12490 18493 2
9201 11679 4
5464 8566 6
4855 12608 6
8483 19929 0
8599 10156 3
4074 14072 11
2087 9547 1
1962 17152 10
7652 12436 8
3344 16199 11
6009 12428 7
59 8838 3
4571 16418 11
1843 16744 4
1872 11919 7
8626 14779 11
6393 19815 9
3218 15401 3
4328 10437 7
4240 17391 1
12956 15218 7
3901 12171 8
3217 7726 6
4861 12229 9
3023 12390 5
12685 15744 13
724 3180 5
2211 5281 7
3446 9839 2
5537 11577 9
8497 12240 9
1223 14703 2
11461 11557 12
13058 19001 7
8344 11958 5
7085 10038 5
5202 6624 0
5690 12294 11
3798 12319 0
12665 18306 13
2033 2683 5
8388 10577 3
11099 11530 9
1559 9363 10
655 8407 9
121 4593 2
5537 7019 7
6490 18245 8
9907 10970 0
578 11178 5
12625 17766 3
9708 14877 3
8514 9806 2
2062 16571 3
6998 8287 10
660 7137 9
4457 9492 0
7357 17586 12
7475 19840 0
8564 9468 10
2754 16095 7
10265 15027 1
8960 10337 9
7773 12717 3
3045 8005 0
9258 16933 12
2610 4280 11
6480 20000 9
6065 10199 12
6282 6489 11
12370 16973 8
5327 9282 12
8151 9840 9
2512 8714 9
5512 12388 11753
5969 8936 1
1228 13640 2
11447 13000 0
9938 15533 11
9272 19040 5
8955 19686 3
1240 4298 4
3741 9610 11
11044 12533 13
9657 17375 7
788 7131 7
3081 16105 11
6760 18918 5
5659 9902 2
5228 6378 7
5029 9288 7
11636 14286 6
14434 14912 1
14359 18957 5
4415 11176 1
5108 19281 5
8446 16467 12
2286 4921 6
13224 18405 12
6172 13864 7
7112 19354 7
4693 8600 6
7027 11451 11
6977 13836 11
374 13937 7
5676 19737 6
8741 11603 12
6503 10663 10
2639 4634 10
3040 19995 5
1511 5425 5
1267 5346 7
3567 13099 4
75 12371 5
236 10576 5
3766 12858 8
1833 6878 4
7334 14614 2
649 1931 4
538 980 2
886 6534 7
8464 17972 3
10569 12579 13
3625 11089 1
4911 14267 7
12131 12607 4
18122 18665 0
5652 11058 8
1615 4622 2
13135 18295 6953
6482 7972 11
4028 11778 3
8249 14123 9
1294 14575 0
7698 10226 11
2225 18142 6
301 7775 3
2756 4017 11
6219 16448 8
7483 15470 8
13219 18529 13
3995 5569 2
431 16456 1
2785 18712 9
5577 12080 11
3611 10725 11
6404 18005 0
7520 12525 7
1371 1920 0
610 16430 5
3350 9287 3
6600 12266 2
1451 8010 3
2620 10364 8707
2199 14938 2
2811 5149 9
8526 14217 11
10905 12206 10
642 9411 6
7119 15582 3
186 7542 5
6846 10030 1
4823 4942 4
2992 14349 11
7304 18307 11
11748 13999 5
2507 12341 2
8377 15678 3
7838 11386 5
14746 16882 9
723 5775 4
1035 7551 6
4513 5411 5
11672 17611 3
5655 16838 1
2245 15965 8
4257 8990 10
1920 14536 1
7799 11812 2
1885 2738 2
1969 3204 5
9874 14102 4
7599 10620 12
6186 9555 2
11308 12008 2
10258 11776 2
8394 13363 4
8266 15410 4
4827 7921 6
442 13240 5
1398 8391 2
13840 17610 0
5258 12989 12
365 8425 2
549 4181 9
16667 18759 11
4422 11698 8
9432 9815 8
2204 14213 17790
3486 11944 4
4584 4802 3
2637 8124 0
5088 12225 2195
8697 16152 3
16954 19249 1
11251 14494 2
11058 19861 12
3580 16726 11
7098 10737 11
6610 15749 4
4913 7602 4
8366 18313 6
5717 8576 6
4883 8660 7
2218 2582 7
7219 8476 7
5343 10811 11
1168 10433 5
475 18163 6
8048 10134 11
4768 13285 7
1695 3843 3
5017 5378 8
1601 6603 5
3340 7162 0
2082 6950 9
2540 3976 10
5255 15591 4
7338 13729 9
3433 10951 0
5026 12006 2
2411 15631 4
6359 17675 6
1884 7535 4
3680 7525 9
219 9539 3
2988 7532 5
10954 18778 3
254 3547 4
8892 9676 8
11970 19386 1
7538 15289 4
427 8165 5
883 5043 8
2258 2793 6
1010 2746 7
4714 9297 12
13505 16005 9
8590 12086 4
95 10679 2
7765 12720 12
7487 9239 11
2719 15878 0
6064 10632 3
4871 12472 0
9238 12815 9
1819 9840 5
11991 16392 10
3421 6105 4
1425 15727 1
7022 7830 10
3380 11332 6
1197 15434 10
11347 18561 2
8711 10553 11
3210 6249 6
14860 18787 5
8171 11462 11
3059 4215 8
255 4542 2
8767 12304 9486
4356 12191 12
3639 17340 2
1565 7080 1
7474 9234 12
17249 19738 8
93 11754 1
7918 15785 10
10411 15377 1
4256 16484 11
10582 15167 1
8584 16218 12
2416 13747 11
4933 5159 7
15732 18582 0
1673 3499 1
5093 14404 4
6824 18652 7
9854 13495 4
842 11250 4
4806 8886 7
1684 6211 9
3552 13860 5
863 10152 2
10470 11908 10
10881 10932 10
2952 4828 10
3955 12175 10
9413 16859 4
1967 10523 4
539 18632 4
7021 7472 4
3386 6515 5
3343 8918 0
2138 18967 11
6430 16935 9
518 9048 2
13950 18391 11
9828 17557 4
1025 17606 2
16088 18441 2
2019 5380 2
84 11224 1
10209 19795 3
12738 18404 4
7520 12616 4
1191 5647 0
8971 11084 9
7229 16797 1
4502 10290 11
7110 18400 1
1318 2393 5
8737 17448 10
254 5302 3
4190 6187 3
2453 11622 11
7867 8040 2
18313 18994 3
394 16356 2
9757 10457 0
10987 12491 5
15537 16344 12
792 1514 4
3332 7966 8
9826 14861 8
509 8753 7
265 18635 2
12431 18108 4
3463 10870 11
894 7415 0
1914 18616 1
6563 18300 9
9243 18163 13
1951 11089 8
4882 12407 0
12580 19048 5
574 945 1
2498 16840 10
5655 10448 3
2504 4087 5
131 10733 0
6673 6882 3
9333 15975 1
1923 4870 5
9305 19331 3
3958 8034 10
6411 7273 9
3882 16331 11
18378 18777 5
140 7034 4
2545 10797 1
18516 19517 2
1534 16437 2
719 7871 9
4878 10040 8
10053 19785 13
13946 18655 11
2804 8295 8
10712 10821 0
4823 10592 4
3694 8949 0
10496 12412 9
5252 5964 3
9421 10991 2
5766 13051 11
6425 7559 5
12166 13158 2
2202 3791 10
791 11976 9
3501 7749 8
7955 8557 4
5090 16012 1
16758 17654 11
6745 13035 1
6328 10816 12
2856 16495 6
1207 7005 9
2258 2960 5
7298 14435 10
5867 8809 11
535 19985 6
3221 11748 1
113 6307 3
6590 8244 6
4701 6679 9
2123 4046 2
7165 18708 1903
11438 18385 9
2184 11392 1
4481 18542 12
1070 2335 9
14799 19515 6
5503 18928 11
5879 13810 7
9739 16873 3
11134 12160 6
9935 18762 1
1743 8197 1
3186 6627 2
868 3017 6
8694 10590 9
2241 4415 11284
846 14383 3
4953 16649 7
6294 15544 8
336 3915 1
2184 13235 8
12215 18261 6
1061 3791 10
3974 12043 5
2599 11861 7
5801 15217 12
2499 3441 3
5657 5816 1
5770 15686 4
5436 14269 6
6739 16906 1
4355 18279 5
9253 13085 5
4759 15584 1
4062 12414 8
5494 8626 9
9349 15102 8
8990 9028 5
7049 17048 9
367 9068 8
15079 18807 2
10109 12491 6
12465 18983 8
4717 10818 2
2103 14124 2
4181 11905 2
65 2638 2
4894 16982 1
8702 10723 4
3084 8560 11
12387 15155 4
6163 17125 7
3135 9701 1
14255 18393 3
2411 10541 0
5153 10021 2
442 5824 6
5346 17444 9
1083 6731 1
997 13707 1
8347 11734 1
6383 11510 4
1831 7332 7
9512 12025 4
5510 5970 12
7129 12283 10
534 6242 5
10387 12021 4
2920 16150 8
8501 8810 10
6315 12494 0
6019 9680 8
432 7007 3
3284 5826 2
4413 17056 0
3294 19955 11
1923 11510 8
6695 12222 12
9586 13375 0
4522 10404 8
4720 18778 8
7072 14941 3
4221 7239 0
5320 9586 2
2115 8910 7
5113 17071 7
3242 9209 9
1741 11733 0
13625 17924 8
14524 16252 4
13373 19936 8
7706 13274 6
2214 7251 11
13038 19914 6
2709 19627 2
16691 16971 12
4629 15841 4
4095 13720 9
6502 19602 6
8433 10237 13
7352 19847 11
7071 8676 10
6823 8912 9
1821 14677 6
182 14255 1
9104 11739 3
12892 18571 9
2872 6528 3
5773 15590 12
9829 15031 9
8335 11657 5
4411 12179 8
9975 10179 8
1515 9208 2
9780 10980 7
1908 15215 6
4545 12613 12
10457 12183 11
10674 14306 9
3615 3621 8
14950 15296 3
3217 12543 8
1352 8242 9
8966 12120 6
7274 9501 7
3779 4654 9
2975 12891 9
5990 16571 12
1844 7397 6
5525 6348 5
8304 13328 4
7372 19085 9
561 9910 1
797 10544 3
2719 6556 2
9971 10948 6
3960 10857 5
2503 6078 9
6675 16388 5
7915 16859 9
2391 12030 6
12239 17992 9
7194 8236 0
1257 9163 9
10169 15318 12
3066 3798 2
762 3543 8
425 11369 6
841 10328 1
2289 9740 9
13587 16887 6
1817 12658 10
4447 12310 12
1963 6563 2
8653 9650 11
416 12623 2
4052 5127 2
3163 19188 2
1024 10363 6
2663 3587 11
8769 17888 6
3534 16066 5
3834 16691 4
4743 11812 2
3392 12660 2
2329 5317 5
15867 16265 0
2001 6672 1
3258 6953 1
7295 8584 2
3962 12244 3
3186 4199 0
7892 11879 5
881 17704 6
8113 8328 5
6900 7532 8
655 4317 3
5668 10014 7
11096 16473 2
1575 17055 7
6394 8295 9
9193 11943 10
11498 11838 12
9756 16220 5
3333 7685 10
14514 18111 11
6110 18794 11
8853 11536 8
2909 3704 3
259 18001 7
339 15725 5
8424 12625 12
7083 11109 2
3204 8577 5
306 9646 0
13386 13594 2
599 3280 7
5023 10421 9
12004 13936 8
2393 6456 0
982 6805 5
2673 3612 3
12029 13262 1
3836 9718 0
5225 12127 6
10747 17189 4
7509 8221 7
5948 18998 5
5421 7584 5
5112 8386 5
2129 2822 10
9715 9774 7
2072 5584 4
5164 8349 10
3689 19809 7
6148 19144 11
11929 15501 6
8062 10781 2
8503 9760 4
2263 4425 2
2220 15721 6
11728 15215 11
10728 11877 7
6679 18295 5
3107 9602 10
5528 6441 5
6390 10691 0
3957 10092 9
1563 14022 0
6850 11438 6
10320 14778 3
7678 17322 3
9802 10447 3
1795 3255 4
481 4236 3
1945 19352 3
901 7894 5
4671 17167 9
363 9031 0
3009 16969 4
746 3243 1
18420 19908 14
2369 8482 0
3012 3838 2
674 16562 7
6426 13518 3
15485 17110 11
3389 19816 2
9977 10414 11
8199 9764 9
18781 19536 10
12492 17463 8
5671 10196 10
5047 6904 10
4655 9680 10
4283 4526 3
1018 9125 3
12218 18728 9
5040 18504 5
5915 15402 9
11853 12020 3
10928 16034 1
6141 16169 2
195 2177 6
5783 10678 7
14047 19983 2
2537 11885 3
9462 17472 9
2459 11577 7
1143 9931 3
1042 9093 4
389 2691 2
1999 3092 1
35 922 0
6153 13517 11
1553 8247 1
8364 9466 13
157 3825 3
944 9618 5
9065 14204 2362
1863 15207 10
3156 10381 1
592 11640 7
7447 19060 6
818 8437 3
5213 6089 4
7731 14533 11
2427 13679 2
5686 19210 6
3797 8468 1
3447 5830 3
135 1127 1
11499 11643 1
5915 13567 11
9466 9741 13
2726 7329 11
1598 14762 4
9219 9251 2
3347 10993 3
3824 11890 9
13319 14157 9
4368 7595 6
8242 9648 6
9602 15434 7
10987 18027 8
2409 2527 11
752 3358 5
9178 9948 13
2592 14015 8
2024 14384 2
11606 12961 9
4995 5735 8
4250 5921 12
2832 7981 4
10353 11289 5
2700 11662 9
16847 19498 9
9472 11843 6
8935 13551 11
2873 7544 8
4852 12051 7
4983 8960 0
9431 12018 3
2896 12846 5
7259 7766 4
4495 7673 11
965 1994 4
2205 11090 9
6077 8267 4
17104 19285 6
3023 10314 11
11242 12713 11
6029 10251 2
6716 10271 3
1577 12715 5
1048 15582 5
12815 19041 8069
10976 15608 9
8172 10400 12
36 37 3
6381 14353 3
1809 13433 3
3496 12746 8
7475 19971 4
11910 16648 10
12080 12334 10
2004 17246 2
7109 17193 3
8975 17026 0
6047 6725 11
2070 5636 8
4691 5067 1
6654 6677 3
2439 4323 5
975 6250 4
3966 6038 1
6004 18991 10
9229 19344 2
1417 12084 3
4183 11463 0
3993 19125 5
11075 13031 11
11494 19853 9
10315 12127 8
3543 4076 3
5034 10198 1
14062 19677 7
3407 18007 10
256 6063 4
7501 10881 8
3695 13761 9
9192 12537 4
1330 3280 1
3531 6038 10
4744 6314 2
2284 10843 5
12555 19613 13
473 8045 2
4920 14535 5
9871 10009 5
3342 9281 11
529 10396 4
14739 17586 8
5190 12491 9
3894 4688 0
1816 5227 10
4944 16065 4
6198 14169 2
9478 12436 12
4036 17139 6
1573 3659 9
2788 5102 3
2342 9204 5592
5615 19558 11
1150 1622 1
6386 10038 10
1829 6831 5
5237 6711 1
3520 12647 5
8687 8717 4
5919 13655 2
6432 10218 7
1039 6891 7
86 9258 3
827 7345 2
14469 17401 10
1921 3192 8
13903 15728 7
552 14846 3
13261 17256 0
2559 6867 5
14143 17738 5
2930 5984 7
8582 16278 7
4666 18842 9
1323 3647 1
452 3835 7
22 5549 3
4514 5451 2
184 11897 5
902 12050 6
3554 15509 2
5904 6651 1
2338 11243 0
9468 10097 5
6478 18359 8
9695 10620 11
3594 4161 11
149 6422 0
1086 2368 2
2379 19136 5
5088 8600 7
4298 8951 7
624 11549 5
1940 7990 3
1628 4840 9
6024 19796 2
1577 9656 10
5331 5779 5
6467 15738 10
3039 15149 6
7722 15167 4
6580 16985 1
1719 2136 3
10160 11884 8
676 11917 4
6960 8699 3
10001 12408 10
4812 13873 3
8733 11627 11
1378 12655 6
10402 11063 7
854 9957 8
3802 9219 4
170 2465 1
499 3003 8
4817 9524 1
9120 10301 1
929 11910 3
4525 9927 6
6689 9063 12
803 19731 7
4556 6856 10
3786 6192 9
6321 13730 1
3837 11896 1
12490 12598 9
548 8875 7
218 4505 7
14646 18261 5
9146 19839 8
434 6734 4
552 1615 2
2771 19184 7
8407 13397 8
6008 7810 3
1477 19399 3
12139 12768 2
2292 6419 10
3391 17391 6
1323 6551 3
4454 10509 8
4718 10123 2
10262 16273 12
3027 14098 0
6158 14907 3
12882 15295 7
11424 17012 4
8051 14992 5
2432 10042 6
6974 18844 4
9676 12087 9
2532 8071 4
1358 5381 2
4062 16197 7
2173 18725 8
131 1479 1
4295 19357 0
2189 18383 3
989 2467 6
4387 7661 7
4206 9003 9
5519 9315 0
299 9470 7
16184 16624 9
8292 17438 7
6350 19427 3
6602 18723 3
5015 5867 9
12593 12763 10
10375 13923 5
2446 13963 5
86 11703 5
5023 7910 7
5416 14145 12
4904 18707 5
7401 11659 5
7318 12198 9
2770 8042 1
6955 12213 8
870 11970 9
6269 10207 9
6691 8655 4
4221 7323 9
8320 15507 1
9810 10276 4
3244 10285 10
6825 12103 7
13113 17519 7
3722 17454 0
3329 5757 9
1348 10770 6
37 2156 4
1674 8484 8
9168 17728 5
914 5415 0
8346 10630 13
5046 19954 8
1086 7103 7
8655 13270 2
1376 19550 3
5108 19615 8
3698 11424 8
787 13751 8
3215 7150 11
3497 8788 1
2704 5422 5
1912 8796 9
9905 13880 4
8155 18233 4
4354 7820 4
2016 17235 6
1524 3837 4
5897 7388 8
13013 13884 11
1 3507 0
11405 18422 6
3712 14880 5
9343 17973 2
13358 14262 6
83 8664 5
4305 7553 11
1306 5420 8
1733 17231 9
3737 11361 2
754 19320 8
3062 10975 7
9217 18414 13
8136 12468 12
17335 18749 1
3112 14790 3
273 8594 1
2850 8094 7
2057 11734 6
9802 13015 6
1241 10248 0
1429 3807 6
3974 19828 9
1153 13783 7
6055 12557 10
1636 4064 8
2805 9660 1
6183 11551 12
1336 5364 7
9222 11323 1
9429 11487 2
9587 12514 0
2708 9569 0
3027 7204 2
11894 12218 3
3679 10646 10
10546 12748 6
2193 8165 11
641 5842 1
3556 8176 6
3522 11253 7
5203 19958 3
4936 8802 1
3301 7354 4
7537 16921 9
2920 16408 10
4097 12901 2
9724 10666 8
3640 4368 8
9341 11531 13
7969 8145 10
11008 16308 3
10883 19931 0
2729 13608 6
4341 19464 6
10904 16258 3
2847 8027 10
5089 19653 6
59 1242 3
9945 11946 10
1201 9401 3
8156 17403 1
61 4556 1
5599 15297 9
4766 5566 3
8711 9036 2
3414 5712 10
2669 19056 0
2739 2923 5
3751 4414 6
10288 11081 0
3387 9581 8
6398 11169 12
195 6586 7
2844 13558 3
259 1966 5
10161 10202 1
1012 6837 9
3402 7892 4
7750 9534 5
7244 11814 5
9681 9894 2
10837 11638 1
4331 11460 12
8699 9062 1
5319 12748 3
4965 18114 0
19281 19919 7
5350 5695 10
3986 11324 11
343 16104 2
6520 19759 6
7736 8470 12
671 1365 7
6527 6948 11
217 4696 4
3793 17433 2
8487 18284 2
10723 19230 9
1187 2727 3
81 9267 3
10212 13591 4
5867 8667 1
388 9983 7
6091 17571 1
6442 13454 3
6176 18207 8
569 9807 4
2469 10894 11
1981 5819 5
5708 11279 6
10637 12346 3
4830 19045 1
8749 11006 8
8434 15223 8
2037 15066 7
3731 12151 2
1000 3828 8
747 6123 5
2436 8554 4
777 3598 0
204 17135 3
17183 18736 0
10628 12973 4
6484 7813 7
3111 5103 5
3568 7477 8
3294 10794 7
3565 4944 1
2085 9621 4
1904 2707 4
270 7791 7
5188 7180 12
5591 11615 4
3189 13571 9
6992 18579 3
625 10449 8
5834 5838 9
3784 17450 0
10235 12041 6
8809 18200 12
12116 19769 12
4052 13579 9
2217 2439 9
11611 16094 5
7684 8129 11
12662 17784 3
12035 17459 0
1064 2129 5
7470 14621 4
6001 11034 4
5809 18352 10
7380 12571 3
15572 16891 13
3462 7040 1
381 2340 1
3709 10253 7
11474 15948 11
11134 18670 1
3344 5011 8
3826 19140 1
2040 10447 9
2656 6762 4
4483 16852 0
3108 9630 0
3351 6657 8
1623 9977 5
14907 16366 9
3976 12149 10
3772 12738 10
1836 3135 10
12907 19420 7
10804 14048 10
10289 11447 8
2471 14306 6
690 14318 4
4551 16781 9
834 14082 1
12178 14215 9
452 8606 0
8775 12775 6
10740 15211 3
2101 3954 1
13638 17780 8
8951 14070 10
2888 4960 3
1001 8281 0
10500 11379 6
9566 18114 8
6358 18774 8
2984 15856 4
854 15728 3
4630 17983 1
5463 18051 7
3597 11562 7
6244 11890 0
5241 8769 0
3524 11387 3
18249 18821 13
124 1753 1
6966 17096 11
55 1524 0
1326 5053 5
2696 4999 3
6457 18452 8
8 11746 2
6144 11833 6
2473 13197 9
9146 11933 5
6896 17338 7
287 1994 3
3838 4662 7169
3931 12270 5
9906 11976 11
4501 5747 10
11474 15687 2
14396 15509 0
7721 8478 4
8859 15881 11
4631 12540 9
7445 11559 10
9364 13613 1
1596 14576 2
9074 9629 2
4982 18788 3
11720 13004 8
7738 12114 3
7506 18121 0
1549 5419 10
1871 11679 3
4440 5051 1
12214 19569 4
3217 7987 9
6559 7487 2
10476 11299 4
5390 15697 9
4104 6629 6
16133 18508 9
6425 7286 5
3980 9829 0
1674 16053 1
6347 11819 9
3104 5792 3
178 2042 5
18495 19435 6
306 5672 4
669 6962 7
4648 8374 4
2313 16305 6
1813 4567 3
22 406 4
2110 6423 0
1402 2853 2
13265 14858 7
5680 6900 8
423 1462 8
688 3766 5
333 4645 6
10838 16207 4
4686 19065 11
1018 1378 2
7846 10779 8
8420 18457 11
1929 6230 4
1518 14051 6
2210 6099 3829
6131 10279 1
8648 12716 12
9919 10420 13
7088 17711 2
641 12425 6
1628 14967 3
11449 17844 0
4755 19125 1
3731 6057 1
222 9932 1
12665 17624 7
10166 13547 10
9584 17709 7
881 13592 6
1066 4416 3
6565 11763 1
3738 8928 6
5304 17828 1
8946 12502 10
9977 10530 8
950 3437 0
413 5653 6
472 511 7017
9499 13020 4
4334 10423 7
1430 12706 10
12736 16646 12
12058 19713 1
1601 18413 7
21 10920 0
3007 10470 8
2847 8693 3
8960 10412 9
2659 13035 11
2847 7199 9
3722 12903 6
2579 4249 1
4601 6593 0
5051 14279 7
2152 6392 2
3644 4866 7
1956 19211 7
2691 8603 1
3997 5489 4
4964 16748 11
3521 16858 1
1344 1632 0
2639 9339 10
8648 10823 2
2494 5644 10
3803 10331 7
9090 12671 13
12180 17428 13
2748 10129 6
14161 17213 9
2347 11095 9
4629 7445 3
6923 9796 1
3495 4143 9
3040 4347 0
9810 15411 10
10055 17242 10
1146 1795 8
8373 15300 12
7509 8397 11
5276 11507 2
1575 1832 0
10911 19147 13
3751 9262 6
3780 8228 7
671 10717 6
756 11338 5
1967 8344 8
8898 11831 10
4838 12427 4
11672 18792 3
10257 16952 3
5487 17954 12
8147 17576 6
4560 11633 7
13931 17694 10
1113 16837 7
6082 14248 4
5258 6563 6
1584 17443 4
2459 7026 4
8288 10892 7
1824 15859 0
1680 2566 9
1087 4814 0
8117 10903 7
3049 15127 3
7637 12875 2
7283 11576 8
3824 10924 3
7619 11488 8
1384 8184 2
4477 9017 4
283 5388 3
877 5853 9
3250 4689 0
1115 5089 9
3776 19709 10
3817 12345 9
2717 16025 7
11440 19034 6
8175 10811 8
8749 19532 6
7135 14666 1
2109 10418 11
6522 6915 12
7916 15763 5
669 12012 3
2463 10041 4
6342 10015 10
1090 9533 8
6043 10152 2
7519 15540 8
4112 5535 4
3541 11637 9
2569 5023 9
4563 17053 7
408 2832 1
2660 3112 8
13358 16085 11
1007 11788 1
4410 8038 2
4521 7723 9
11575 12332 3
5087 6212 4
3247 17142 10
6292 13051 3
7103 9752 9
7926 13023 9
4510 7429 9
9943 17973 8
8032 9323 9
10346 14454 12
7160 7313 5
585 2287 7
6328 15478 8
833 12272 9
8081 14356 2
5856 10210 0
5669 7754 11
445 5754 6
2951 4511 5
6832 7431 12
6110 18556 7
794 19974 4
13563 18300 4
11279 16280 11
2750 4610 7
7290 10976 2
3762 11160 4
1516 8593 3
8978 13817 13
7218 9055 4
613 6214 2
3052 7198 8
17865 19076 0
7740 18554 0
11354 19758 10
3219 6311 4
12700 16148 8
260 3152 6
54 1944 4
6270 8254 11
3490 13443 7
6356 10057 7
1679 12831 9
1855 5085 3
5078 12931 10
893 5918 6
24 3483 2
702 5357 6
7685 9718 10
277 392 7
516 2216 3
9849 11133 11
4775 4913 3
3266 6513 6
6866 9749 4
71 14690 4
3216 9421 2
11939 18310 4
12213 19869 5
6882 11476 0
1772 16814 5
937 15525 1
493 943 3
5089 7973 12
110 12109 1
8398 15552 7
16327 19530 7
4332 12895 12
179 1757 5
686 7308 9
688 16529 3
7166 8756 1
2242 6020 6
12278 14664 9
1419 6766 1
4409 12174 0
2700 5727 3
11490 16551 6
2469 10498 8
39 15251 5
14493 15376 12
15907 18246 2
3647 3769 11
8376 11266 0
320 7258 8
11350 13141 6
13163 15985 12
3471 7716 5
3713 12191 2
7417 10085 11
2639 4561 11
591 11556 6
995 4907 0
357 12939 5
436 13854 6
5457 9624 6
6131 14397 2
12603 13298 13
3774 7171 11
18372 18462 3
1755 5147 8
2042 12588 0
3028 10885 2
6743 6998 1
1218 13675 10
4693 11634 0
5603 7911 0
11446 13058 5
3857 5521 9
1918 14817 1
7866 8198 8
1022 2675 1
1938 17972 1
3180 19567 3
884 16951 8
1600 15812 6
557 8566 5
1464 3378 6
1183 4601 10
4756 19245 5
8351 10667 11
10141 11517 8
5350 9550 6
3076 15571 5
7890 9334 11
10278 18130 10
9303 19640 8
1102 2371 2
7671 10517 8
9154 10160 9
7101 14522 9
2775 12745 3
3436 11094 2
3634 14085 0
11264 18839 13
136 15015 4
28 7581 1
2406 3791 10
9672 18841 7
3831 8503 4
1485 4627 1
8857 11201 10
1191 2393 4
10913 14763 13
5476 7296 1
4161 14994 11
12268 12504 2
2039 12189 5
6614 11260 11
2439 10023 0
11183 11658 11
7460 12915 11
6869 7589 8
6126 9293 10
1012 6650 2
4495 6065 9
551 1089 7
3706 5260 3
4028 4919 9
4824 7816 0
18261 19415 9
1569 9788 1
18021 18957 12
1548 6134 1
590 7782 1
1879 2552 7
1878 1926 9
6372 13715 10
10676 13752 0
8116 13910 12
5739 10995 3
3249 9530 2
8945 18771 13
4361 8049 2
4992 19621 12
13116 15281 7
18677 18866 14
9731 15278 3
6973 19269 7
6952 10307 0
1181 5130 5
675 6614 8
3332 9468 10
2314 5159 10
1787 9525 2
1290 4664 5
5123 16683 2
3928 5592 6
7066 10101 6
3975 10931 0
6355 13192 2
5862 16654 12
2357 12959 9
601 8597 0
9942 12317 8
12009 14019 2
4585 14627 5
5961 15971 12
6580 17522 0
9335 13614 2
7516 14153 9
1210 18698 4
3675 18054 8
10052 10186 11
1743 17694 3
1647 12083 0
1841 2560 6
4870 14159 0
1907 17566 1
1842 11171 1
140 12890 4
2966 5169 0
10784 18273 9
8139 8350 0
5799 6183 2
5144 7322 5
3949 10878 8
9781 12347 7
7289 8059 6
4430 18263 7
8380 11744 0
1837 11559 10
3757 6077 8
5340 9394 11
10255 17170 13
8538 11466 1
1809 11978 2
5727 6460 12
1940 8661 2
5095 6761 12
4699 11547 10
14132 16773 6
11433 18682 4
10745 14571 11
9795 11719 7
3280 18598 6
1768 3060 7
10005 15641 11
11883 14616 7
345 11625 0
2567 19546 6
4142 7888 7
1912 12313 7
9363 10198 5
7714 10881 2
3935 10529 0
5235 5934 1
2308 14677 2
6191 7902 2
3948 12695 5
1532 10308 5
1042 16208 5
2054 8168 9
2508 10792 3
1627 16195 7
6156 15843 6
685 5799 4
493 17684 6
12564 17013 3
3490 9838 1
3684 16873 5
677 6229 6
833 2956 0
2474 8649 3
8063 12489 11
9170 10712 11
5160 7249 7
4533 14800 0
12606 14835 13
8881 19217 7
398 1293 4
517 13872 6
2093 14155 7
1719 13047 8
4129 10945 7
8367 12034 2
2463 8779 3
9796 18585 10
7794 13351 12
1638 19328 10
8315 13273 12
208 3692 2
3116 18950 7
8226 12129 6
5900 8954 7
2276 5045 4
1047 13250 7
2677 16033 11
9979 11602 12
13644 17240 12
4796 8384 6
17910 18710 2
688 4711 6
782 13467 5
10531 19749 7
8729 9274 13
7198 16565 1
7235 10771 9
14871 17559 11
11591 13715 7
8347 9714 13
8789 19462 1
16249 17280 7
7540 18682 9
4368 8292 2
17741 17879 1
7730 11398 10
9315 14044 9
985 4029 8
2356 3052 2
1908 3557 0
5218 19128 1
341 524 0
7746 8857 3
10321 19257 4
396 6015 0
7630 13334 11
6357 16272 6
10152 12658 6
2763 16502 2
3789 14176 8
884 4409 0
2677 12704 9
2518 6710 2
15129 15246 11
1450 14068 1
5635 8104 5
7265 11448 8
11397 19133 1
8462 11163 4
5934 6427 7
1770 12426 6
620 14082 1
8007 19731 11
4335 15694 7
7721 14150 3
3152 4518 10
1872 7119 2
8329 8843 13
6576 16259 3
209 3257 6
855 11856 7
7346 7564 12
1878 6876 9
3273 10509 9
640 17440 6
3763 8629 2
7209 8143 8
3292 7117 8
5503 8120 0
491 885 0
14769 16067 12
8219 16502 2
1971 6601 7
7041 19924 11
8208 17348 6
3806 7999 5
2611 15271 0
3520 6963 0
12450 15203 4
8419 15990 3
1072 10833 4
9231 19291 9
5371 7802 2
12518 13935 11
442 18821 0
5803 11707 7
2000 13732 7
1133 5393 8
193 7392 7
5998 6761 2
11479 14518 7
8357 9021 11
7482 17212 1
1486 6012 4
2606 18755 7
8737 18542 2
8096 11243 4
818 6010 9
4608 9740 3
8618 12585 5
4237 10466 11
1229 5088 1
8744 11845 13
5958 8374 11
9977 17911 1
763 10720 0
15198 17571 5
182 290 0
468 808 1
2503 3258 7
6107 11420 5
5414 10768 5
5102 9682 1
5305 13624 7
1444 2425 0
8297 10266 1
4881 12345 10
5522 5700 3
8656 19087 10
4839 13477 6
5181 7852 9
11302 12602 13
278 6968 4
13655 16650 4
2874 5649 1
3381 8934 0
10218 19116 6
1554 1661 5
36 3673 0
558 10344 7
5476 6785 0
11874 12258 3
6575 19231 2
1049 7368 1
2097 13594 9
3535 5119 3
31 4845 1
9675 10043 12
1935 8869 10
6936 7458 3
5774 7093 5
13669 14993 2
11424 18542 11
11059 11110 7
7873 9251 5
5291 9075 5
486 11267 5
3285 18529 1
658 2601 8
1025 9226 0
9289 10248 6
11330 16958 12
4423 8080 2
14831 19327 12
1062 5454 1
4325 15936 7
1361 2772 1
311 1531 2
3401 9208 3
2420 4416 7
10891 18537 4
2271 13127 4
6416 8150 10
2850 7128 8
2548 11550 3
12332 13357 12
10649 12663 6
3636 3760 6
2989 9247 4
7300 15155 1
2899 5626 4
3264 19395 2
3746 10543 11
6635 10565 7
8186 16722 4
8194 13887 7
1266 4829 0
2443 3174 4
6395 19297 3
42 12485 3
1668 8399 1
8589 11258 5
13 3803 3
8745 11250 6
1535 11628 3
2678 4396 1
1025 9951 9
1361 9440 2
8037 17889 12
1282 16654 4
144 19906 2
5547 8917 2
7734 17627 11
6271 10365 0
2999 7124 3
9644 12650 6
3938 10042 6
9866 11822 12
5142 12708 9743
23 12395 0
6363 18008 0
12583 17896 12
369 3803 4
3162 7351 0
5134 7574 3
1814 7578 8
1951 2033 10
3196 7348 1
16965 17433 6
6218 15551 7
608 12245 3
1128 7591 10
11457 13358 1
2396 13934 0
1030 1183 7
3171 8280 3
9250 12931 2
5962 14707 4
2601 19657 9
5754 12488 12
3210 12323 0
6141 6934 9
6867 10262 0
5406 18708 11
4954 6491 8
4112 8520 9
735 10904 8
2047 2586 3
4003 8617 9
3212 3984 11
6669 12573 5
815 918 9
5846 9834 7
2875 4466 1
3176 10666 5
596 8145 1
13459 14603 8
2675 6116 11
7389 12509 3
8466 11571 0
699 2970 0
7473 7832 0
6466 12241 3
4837 9103 4
8193 13714 0
614 17099 5
874 6558 7
5264 13713 3
6161 7796 1
1019 4707 4
9758 10541 10
191 2105 5
843 17582 1
1833 8978 0
5885 6824 1
12752 19353 13
535 8775 3
2426 11744 11
16247 17265 2
9850 12391 7
7337 9849 1
11112 14655 1
11614 17507 0
7315 11579 6
10621 15477 11
1894 1930 2
6245 11224 9
6437 7225 6
812 6706 5
3636 15311 3
15924 18358 10
1542 5337 0
5214 8627 4503
6958 15583 4
3024 3560 7
12448 13759 7
2253 13486 5
2693 4858 8
3403 17704 3
2257 3868 11
9778 18648 12
13340 17992 9
905 11360 9
11202 13620 12
7461 16006 6
13592 13875 0
2632 16865 11
8475 15212 10
6432 10765 10
5101 6933 9
3684 6460 4
3057 8383 2
3996 10850 8
823 7361 2
13078 14344 1
1900 14481 10
4338 12922 0
5206 18275 5
6113 8877 6
6262 17032 5
2857 9850 16909
6774 16639 6
2204 12100 9
14103 14985 8
6926 12390 1
9774 11723 2
4060 10663 2
10424 11417 11
2823 3428 3
1303 2556 9
4516 13118 11
9051 9092 7
11929 15293 7
6781 15955 6
4495 15294 1
9591 14241 2
11146 12218 5
1337 6951 3
1405 10484 9
880 1530 8
8092 10343 1
985 8791 6
4174 10064 9
204 15576 0
10092 17140 3
8664 9334 11
9226 12086 9
4848 11203 9
8947 12919 8
11775 12554 13
13059 14978 8
1380 12576 0
10901 12665 9
7858 12347 3
4495 15405 11
10245 12738 6
9483 17777 9
499 7990 4
9375 9844 0
1658 9966 6
1522 6317 5
6832 8892 7
14253 15466 5
3145 8207 11
9523 13525 4
11208 12283 7
845 7498 2
10302 12579 1
5052 14695 8
1597 7999 0
10414 13875 1
5046 19550 10
2458 3268 11
190 3526 3
2189 5236 5
5403 15107 2
9727 10089 12
4354 16105 12
1794 3398 5
5239 10678 0
6221 8098 8
3673 6246 8
4357 12189 0
3649 7247 7
381 6883 8
3470 3869 6
207 5264 6
1156 5423 9
2773 9301 9
2248 19289 10
5946 19600 5
9088 17253 9
9153 18522 1
1035 1825 5
3518 15477 4
1483 2283 7
890 16646 8
6048 12796 8
11924 14867 2
5145 14839 9
6957 12826 12
2912 19261 10
1409 15220 3
1712 13780 5
6426 12581 12
7964 11138 9
7770 16338 4
6300 8418 6
13827 14867 5
5049 6837 4
7772 18459 3
1318 18216 1
10812 10974 11
5041 13225 10
15573 19345 5
5579 12087 6
1939 16261 10
2420 11484 2
874 17309 2
631 10031 8
5363 8331 3
7163 17026 4
2938 5165 6
4240 12537 11
5179 7745 5
2210 10447 8
11158 14238 1
5097 13840 9
1036 16817 3
3256 7393 3
10132 12169 12
1614 17079 2
3654 19756 3
6170 10634 3
4936 5608 5
6132 12518 18434
8479 18664 5
475 13475 8
6483 10504 5
954 9931 0
6378 12960 10
773 2290 1
1544 10051 4
11348 13570 13
4676 8454 10
8370 10089 13
3582 6737 4
8157 9660 9
17525 18784 3
7032 10882 3
663 11774 1
4092 14691 8
9065 17455 12
1499 5734 4
13757 14764 11
4535 16412 2
18510 19476 0
13059 19002 8
7659 8432 7
2213 5438 3
8022 15915 2
8160 15998 2
12204 15373 12
3710 6081 1
6719 11076 1
6933 17341 2
5128 6377 10
11932 18457 10
1714 8354 5
4577 5539 1
9336 11129 13
2204 15893 6
5110 8270 9
7887 9655 10
7023 8663 8
6629 8990 1
2492 4102 2
15910 19836 13
12035 17883 6
2654 6713 2
5205 10788 3
2353 7801 2
42 8126 5
4928 9565 0
5856 11865 12
6903 14546 9
313 19193 0
1341 6597 3
10633 12167 12
4867 5293 10
3813 8900 3
1054 12405 8
1012 9175 2
9965 12956 4
2236 9248 8
2002 14831 4
12901 18900 3
6156 9208 6
3062 12546 0
7753 8205 8
8574 19145 4
3796 9052 9
7200 8972 7
6573 7799 12
1029 16959 3
2341 10997 4
9175 9263 5
2470 7184 4
1536 9502 9
5616 8065 2
1809 6306 9
3806 17597 6
5376 13506 7
2055 12122 9
7280 19730 10
16070 19740 1
2718 4513 0
2408 7985 9
846 1843 6
5516 10251 9
7760 14002 6
5416 12319 0
6928 15501 0
11765 15380 5
4465 6538 11
4101 6389 7
7833 18891 4
4832 5768 10
4151 6750 4
5181 8448 9
4021 11537 5
8630 10280 6
222 1507 4
11508 14190 5
4002 12812 3
1218 2043 57
1629 11470 10
4828 9177 8
2631 11621 5
5546 17797 6
5902 13267 3
11160 11884 1
4084 13530 3
9228 9945 0
3242 7208 0
3514 4483 10
623 8275 7
8376 17908 8
4995 11689 1
3815 8262 8
12153 18620 13
1135 14084 4
2967 6309 7
5851 19722 2
2421 15521 6
647 6079 8
2586 3735 7
298 11813 7
5903 9027 5
2794 6314 4
4119 12609 4
4203 5650 0
2400 3352 8
7947 9313 4
4033 7999 2
11017 15665 7
8217 8572 0
819 1959 4
5928 14415 11
12570 17756 13
1497 8800 1
1027 6444 6
4511 15339 7
9804 10353 8
8075 11973 1
5539 7922 12
800 11528 8
9366 11337 3
6561 7207 7
10928 13004 3
4061 9185 11
4539 18286 11
1347 11277 2
2373 14703 7
2581 8230 1
5161 19296 10
3906 4211 10
3441 5079 0
3402 12675 2
4815 12061 0
5850 10189 11
9650 19029 8
9220 14461 5
7904 19682 9
2052 11309 8
3560 9304 11
6126 14136 8
14397 17723 5
816 2452 8
13602 15645 6
617 11808 1
69 13015 5
5763 7976 7
618 12201 2
6996 18789 6
1663 3069 2
5506 11541 6
12520 15298 11
1699 9984 4
177 4598 5
7388 15864 6
1158 3917 3
11622 12465 8
1995 18654 10
8931 12014 12
5711 11948 10
4405 18059 10
11597 13573 13
6225 12202 0
876 2436 0
7114 9252 8
749 16514 7
579 3870 2
854 6474 1
8637 15826 9
1516 10562 1
2882 15438 4
6828 11373 8
2568 16553 8
3466 9330 10
2332 8315 11
123 558 5
8060 10149 11
3479 15122 6
4263 7485 0
1113 9061 6
1315 10059 5
1100 10295 10
3021 3831 11
1067 11963 2
562 2355 7
672 8629 9
6498 18020 8
5975 14521 7
8183 8189 9
793 8312 9
2972 14395 5
1095 1122 9
155 4016 5
1700 2334 2
7994 9740 6
944 8174 4
8607 11287 0
5854 9274 10
3119 4210 6
3975 10168 1
14688 18788 9
9396 15787 11
8541 13720 8
7341 16716 8
81 2929 1
86 13872 6
7490 11375 5
3491 9911 3
264 10135 7
3498 8626 2
1822 4132 5
10322 12766 11
8378 15406 4
8503 9655 9
6547 11780 5
14476 18173 13
4720 6780 7
4167 15363 0
709 4025 9
12009 16202 7
1987 15286 3
666 5539 8
3990 10606 0
3134 3934 6
3481 12387 2
3011 3284 9
7252 18723 3
10517 11741 5
5105 8723 8
3939 11778 1
8218 16397 0
278 8557 3
1798 3320 8
1533 17849 0
1704 10648 6
659 18859 7
1671 17427 2
17727 19735 10
3424 6128 11
2771 9885 4
2445 8182 3
7223 9982 7
9325 19737 11
9619 19955 12
4991 12426 3
4351 18688 5
11816 14056 12
1049 3640 0
1087 19675 7
6923 12089 9
5435 5633 11
1845 9926 8
4609 9346 8
198 843 3
6201 8062 2
3939 6290 3
12741 19214 5
1031 7244 10
5990 11561 9
3225 17524 8
352 4984 3
464 2122 3
3735 6972 0
4946 8317 2
4185 15142 10
4252 13976 2
1793 13968 10
12995 16838 1
9193 12590 1
327 15461 5
4504 10910 10
525 8703 2
706 10891 2
5444 11952 5
5448 10025 3
7102 18854 7
2461 9747 19913
3570 6020 11
8698 13494 2
5564 12675 5
12540 16402 11
4984 6316 2
2282 2870 0
5023 9707 4
14011 14041 9
7546 18543 4
11357 12178 7
9233 11556 10
6432 7633 6
184 574 1
2700 9697 5
1754 6387 9
1477 7340 10
8430 18087 13
2070 5167 0
277 12395 2
5471 12262 8
5979 12059 7
310 12113 1
2271 9053 10
3554 14680 1
7360 10664 3
5096 5753 0
127 4847 5
4123 18050 12
1246 2234 7
8400 11186 2
10453 19794 12
4231 5558 11
5351 10478 12
2456 19228 5
968 4810 8
817 11318 3
6954 12993 0
134 12324 1
9766 18105 7
1033 11233 4
3249 14424 9
5978 16372 2
1618 4072 1
9747 17920 2
5349 9176 0
13467 18677 3
7096 8123 4
2852 8589 1
3591 14703 11
649 6260 4
10848 19766 2
3537 9505 9
1960 2103 8
697 3276 2
3380 5855 0
1071 1781 5
2408 7010 10
10690 12338 9
12763 19612 7
7442 7617 7
11001 15242 5
2960 11143 8
3022 10210 4
10609 12255 4
11122 12486 6
5628 5892 12
5182 11214 6
839 14975 0
2290 7909 8
11791 15594 9
4297 4912 1
9106 11892 2
7006 12335 4
674 11664 4
3005 9320 10
672 13725 6
8367 19228 7
66 16663 1
5292 7475 4
2460 5147 3
3151 18316 2
7046 17077 1
8531 9345 0
92 6793 1
2622 10001 11
1288 9055 4
8390 11499 10
8661 12446 13
837 12685 5
5751 15060 10
6832 8150 11
7604 9819 8
3457 5779 10
4394 10730 10
6580 11883 6
4643 8421 3
6143 13730 5
7061 11804 7
7997 14575 7
231 14150 6
19052 19324 10
7050 11749 11
5456 9610 6
10709 17939 6
11470 17643 9
2783 10654 2
3942 9233 3
4230 17189 7
6614 9672 11
1000 12321 0
454 11115 1
3820 6198 10664
2945 11111 9
325 5723 3
18804 19202 12
352 6078 0
221 1511 1
9349 9356 2
11061 15775 10
4308 4788 10
10559 16097 5
9273 13168 6
1197 9613 6
3165 7732 7
4696 13010 10
9274 11613 2
3698 5795 11
4210 16117 3
21 19227 1
7457 17895 4
4741 8653 0
7335 14897 6
273 2224 7
13827 18344 13
2297 13928 3
2128 13024 4
3779 13990 3
6343 6471 5
11907 19883 8
10052 13085 11
4698 19454 12
13239 15847 5
11776 16169 9
2623 4918 1
10463 14684 6
6129 13721 10
3472 18319 11
604 3775 7
1243 13701 4
4910 13009 7
1245 14081 3
5996 13528 5
3422 10646 10
1028 15752 2
5280 16436 0
4417 11001 8
2139 11372 11
5815 14440 0
1109 3226 1
8728 10323 9
818 6165 9
5266 5652 0
1672 17974 5
12265 14272 3
899 17980 1
10293 11608 4
5227 5474 9
6330 8581 5
2585 6280 1
4328 7772 9
7134 11821 11
9472 10011 3
1691 1981 7
6208 12218 3
12146 14998 9
9140 16505 1
11776 15444 10
2672 4490 2
6872 13141 5
3534 6066 10
6571 9238 2839
6309 19919 9
10467 11211 3
2312 4476 10
836 5706 8
242 10756 2
3089 17091 7
5773 19611 4
11951 17179 1
1281 19117 0
8667 10645 6
5496 10911 9
3109 10749 5
10773 11955 11
14624 17488 13
4563 9902 8
274 5266 4
11573 18048 8
5242 16806 11
1505 13586 6
1746 4203 0
7743 16258 2
749 10242 6
7820 9809 9
7737 8964 11
11985 16522 0
5985 19499 1
3862 16565 2
3429 13164 3
976 12481 6
319 3140 0
1770 7489 3
240 9336 4
8040 11687 4
10673 13234 2
7557 10502 5
5883 7283 1
7085 10713 1
14140 15615 0
3770 4194 6
923 7191 2
7243 14007 0
2227 4677 1
19728 19832 8
5486 10709 3
1554 6400 3
2965 5842 4
3422 4224 4
3006 10256 9
4228 11039 3
1455 12362 8
7733 15129 1
7707 19334 12
3861 6287 9
2121 18255 7
8694 10510 1
6581 14676 1
2011 11720 1
1516 12233 0
1509 15849 9
5026 11796 12
8387 11978 2
3259 5186 1
434 2857 0
11186 14147 8
8441 15447 5
692 4875 8
2057 5680 3
8939 10249 7
12003 14040 11
3850 10141 2
118 2976 6
2769 4017 2
5953 11259 4
2381 13815 2
733 2177 8
3784 15458 0
4744 9017 10
455 18366 4
7138 17184 10
6471 19127 2
10038 15969 13
8918 15104 6
3960 8662 6
5218 17703 6
1505 8971 6
6501 9698 3
7992 8920 2
7117 8239 10
3422 10610 3276
2992 19733 2
5111 12961 2
6305 6848 0
1219 8300 10
4163 16059 7
8458 10408 3
5610 15486 11
2007 5569 4
2260 7948 5
9893 13095 2
3412 11980 4
4593 11079 1
3250 7656 1
11031 14143 12
12263 18127 11
5836 9617 9
11411 19333 7
10032 16363 8
4588 14733 10
9175 12607 11
2550 4851 2
8160 12428 4
2509 10824 6
14138 14871 2
1647 14572 3
6244 18065 4
11112 11569 7
3558 15829 10
10309 11705 1
948 11440 1
5649 16898 1
457 3354 2
7104 16091 4
2334 7402 1
3177 11497 9
10576 15815 6
4101 18241 11
875 16740 8
12083 15566 9
3651 7073 3
3601 5015 3
4762 18987 1
8118 9980 10
4343 9506 7
7575 9243 10
581 15255 7
5942 9307 8
10538 12602 7
8537 14488 5
7502 16911 11
372 14072 7
14750 17203 11
7857 10242 5
2774 13605 4
4289 8496 6
3371 8070 8
14843 19115 8
8194 11358 2
8375 17654 1
6892 9924 11
3596 6701 2
1064 11732 1
1396 4989 8
6830 16175 10
11582 14362 8
1248 18269 6
12046 14585 5
1660 10953 1
2711 8411 0
1019 11222 9
1392 14385 3
3673 9598 2
5708 5866 2
7005 17416 8
7329 10761 11
3149 4596 6
5048 17464 5
3488 17064 11
5158 14220 1
5397 9275 2
3755 11141 8
5020 19115 5
9752 11181 7
3071 8371 6
9944 11755 11
2667 16197 10
3503 12931 0
17166 17769 6
5107 10148 8
5101 5958 7
16558 18267 5
7727 9435 9
6364 11006 10
7254 10822 9
5201 12451 6
3485 9759 7
92 7198 5
3670 3683 4
6707 18641 2
7433 15152 4
8914 10131 12
1719 2658 7
14104 14926 5
5011 11837 2
4035 13063 9
5839 6331 3
6085 14531 10
4638 7120 0
2110 11127 4
10322 10632 6
1951 4377 1
3212 6774 5
441 18396 0
3542 9184 2
2091 14713 3
1273 13377 10
903 15313 8
3263 11950 10
4908 8463 3
9294 10132 3
2340 8553 10
923 19536 3
315 13998 5
5600 9227 9
1001 13016 0
5124 10269 10
7439 19695 5
5189 9277 1
14087 18395 4
5587 16520 9
3121 5718 8
271 8740 2
10807 17159 11
4929 9031 3
778 17416 4
11599 17024 10
1932 19575 2
8015 13382 12
5802 8962 7
1325 11733 9
11276 19571 5
245 18428 1
4388 15265 4
6698 16785 12
11580 19589 13
8892 15694 0
5747 19864 7
3724 17787 11
1908 8832 0
11807 15247 12
4291 4550 2
11592 13260 13
11052 18910 1
9485 10973 1
4665 8920 2
3668 13310 9
8059 8500 4
15324 18288 10
5432 7414 10
10117 10952 7
6165 11675 1
7571 8912 8
10094 10562 11
7310 18981 7
4953 5412 4
7064 8325 11
10497 16322 2
7239 8525 0
552 2266 8
4575 7464 11
15230 16088 11
7362 11449 0
5836 9220 8
3121 16062 2
11276 18860 3
3414 6147 8
9421 13253 9
2165 17488 7
8323 9811 5
1635 4791 10
3522 12533 9
9609 17484 3
12573 19361 8
7185 12891 8
332 11841 5
12930 14220 8
10387 14730 11
3656 7126 3
11547 18695 8
5941 19496 1
7301 16574 2
14817 18174 13
9880 11500 1
7574 10075 1
7414 11399 5
11443 17383 8
7271 8058 7
4060 11771 11
631 12291 1
2649 2790 10
726 16626 3
2170 3556 9
3119 5175 6
3819 19601 7
3682 4036 4
16934 19949 5
3392 19632 1
11330 16828 9
5974 10930 1
5744 6582 8
8764 16395 8
4951 11612 5
2642 14765 10
3942 5789 1
12615 15281 9
4707 13095 8
2920 16461 9
12616 13393 8
2091 3142 6
6737 9440 12
3903 14716 7
5166 12870 4
5534 12705 0
902 10960 3
2624 16798 6
7283 12722 0
2452 4414 0
10392 13390 11
6803 8538 4
6988 15468 0
3850 8973 4
6769 10814 5
2785 7570 7
2885 12278 0
13071 16173 8
1641 5176 3
8564 18286 10
6505 19668 8
11314 16094 13
8538 17901 11
12341 19537 9
6927 10078 12
478 16992 4
13018 13304 6
5996 17889 2
365 9001 8
2818 17462 2
6572 18626 6
2562 7042 9
2576 8856 4
4383 7562 2
10693 16869 3
6561 11450 4
11712 14097 3
1056 5666 6
14776 15611 3
2222 7761 11
11913 13270 0
7387 13746 10
7938 10390 0
2178 10076 6
2324 7338 6
5049 19489 11
144 919 6
490 10428 8
361 14390 2
64 4888 3
5689 17716 12
1760 8708 7
2076 12146 7
2788 11281 10
146 5894 4
1876 9269 10
6721 6905 7
2410 3443 7
6727 8913 2
2685 5283 0
2766 3170 4
5615 7024 11
8974 14922 3218
5472 8153 10
7750 10072 5
14641 19704 0
214 11890 4
2207 5921 9
373 2784 5
63 7274 4
3703 6495 8
8710 15135 1
903 4983 6
8395 11235 0
2475 4390 1
11539 19777 8
822 3797 4
8838 10014 5
10665 10682 4
2063 2222 10
6306 12582 8
1456 17514 7
1042 12076 0
17020 17873 9
520 2140 5
9651 18604 8
4323 15340 2
529 4961 4
3948 12640 5
6270 13122 6
5250 13665 3
4483 7031 5
8771 17837 5
10480 12507 11
5281 15783 8
7244 7751 1
7794 10089 5
4703 12974 2
13400 18037 6
6225 17370 11
332 9681 6
6041 15902 5
5212 13252 6
5738 6055 4
4805 17247 1
1488 18883 2
2445 19650 4
6413 9668 2
1260 6001 9
6724 12591 5
4030 10505 10
8497 18282 7
17211 17532 14
4357 4957 6
69 4753 5
6624 11515 3
3381 6347 9
8395 10661 7
9900 11807 0
9175 9290 5
9360 16469 2
12699 17870 7
1641 1675 0
5842 13928 8
12196 13585 1
3770 11106 11
4622 4785 3
6423 12541 8
473 7236 6
6318 6411 2
1303 16961 10
2154 7507 11
774 5543 6
346 9904 6
3453 11667 6
562 2353 3
6688 15856 6
1883 10565 6
2551 3100 11
2129 15203 4
8913 15845 6
8149 8563 8
7322 18773 8
1166 2480 4
10754 18731 3
2407 17129 0
2672 8547 3
5902 10626 3
3783 7739 0
12058 12428 1
2559 11247 4
10849 17238 3
942 2038 7
2295 13409 5
7211 8800 3
3786 19734 0
3828 14028 10
199 18894 1
2266 2753 4
5035 9584 12
4688 8086 11
9907 18678 7
9785 17199 0
840 9036 0
7756 13173 0
1796 12320 1
7458 14339 5
14628 15063 4
3240 11290 7
11491 16848 9
11704 12997 10
8477 10144 1
8338 17635 2
121 1707 3
2159 2735 7
668 10540 9
14163 16117 10
3950 9238 1
3221 9027 4
3430 11877 7
6648 14098 11
7405 7926 6
395 8267 2
11732 18941 10
2212 11301 9
11006 14577 2
4742 6658 6
6411 12673 3
3486 6517 10
4393 14794 8
8513 10396 13
5717 7026 10
2112 5364 10
1497 3464 4
3775 8225 7
3895 18362 5
16093 17696 2
789 5231 4
11479 19722 12
10233 18208 7
14572 16141 2
7688 9444 7
12589 13824 5
8018 9945 0
7000 9377 10
5100 5881 7
7957 8446 4
4882 8134 5
9718 14580 9
8658 12396 11
687 3314 0
10918 12644 3
12310 19490 11
6601 8541 2
9791 10885 1
14628 16846 6
2369 18387 10
2377 15841 0
8050 8602 1
3508 8201 3
234 14688 7
8296 10415 1
5238 16398 10
1309 10045 10
18 6199 4
4091 12386 6
15979 17266 1
2059 8298 2
12285 19776 5
10790 17027 0
2135 10059 2
2886 7064 0
14520 18207 11
1760 15081 7
8461 9494 6
2832 3313 4
7789 17046 12
4502 4918 9
7781 14473 7
10833 16252 4
10734 15203 13
1139 7243 6
1864 10089 7
1316 5229 1
9171 9913 15854
73 14629 2
1292 15725 0
13298 13512 10
219 9961 4
8522 14177 3
5926 13006 6
78 10407 4
2651 18828 5
10980 19166 10
11976 19466 13
6242 7760 12
16762 19400 4
3995 11622 2
7598 17521 7
6088 11638 0
10414 12503 0
9582 9639 10
5605 11876 8
1011 3988 5
1885 5854 10
5512 12742 6
2214 11513 3
2564 16920 9
1998 9286 10
593 7336 7
2314 7302 2
1082 3119 4
1757 7841 7
6001 18259 6
5144 12590 4
2847 4958 6
7101 15433 11
6611 18187 12
7668 17184 11
11498 15964 0
11228 17727 9
10622 13652 6
7096 11084 7
4131 9296 0
10896 11483 6
2589 12757 8
1911 8047 1
3405 8067 0
1496 2987 9
11351 14578 6
10218 17342 1
5774 16607 0
7498 13256 2
6256 15831 12
728 7966 2
4075 13068 0
8266 14650 11
1333 16356 8
985 12681 2
11400 17364 12
3052 19839 2
4068 4296 2
8607 17047 7
10955 16959 9
2189 18565 9
620 18852 1
8385 12897 5
1625 3735 10
7470 9080 3
3449 5530 6
5824 12755 5
10852 13366 7
2081 9399 11
4249 9480 1
17582 18443 0
8 18543 0
1847 17405 2
2195 4598 8
11875 12477 4
3571 3746 2
8521 9824 13
12968 18001 12
9528 12671 12
9213 11430 1
2485 10255 7
1283 7612 9
2565 8742 11
171 4226 2
1860 3569 1
941 19453 6
262 19140 1
2690 9314 8
1321 5502 6
1917 8521 5
5938 6065 2
10246 18764 5
9273 18994 12
4068 7966 5
1411 15585 10
3324 17740 5
864 7436 8
2128 15901 6
5356 12782 10
1675 18952 7
12714 19441 10
2180 5200 7
2371 10033 6
598 1579 2
163 19105 5
13631 19942 4
9028 12764 4
8734 10818 12
2370 2548 2
8551 12966 6
1342 14861 0
662 17097 8
12292 13754 9
2302 19199 11
8698 12714 2
372 9941 7
10282 12161 13
3277 19410 2
11048 19824 0
12300 13220 7
4428 13054 12
3598 6871 7
14553 19581 9
1513 16759 1
9008 10298 5
6489 11777 9
686 11357 3
317 7081 8
1537 3415 1
7632 15102 2
7070 18089 6
6216 8490 4
6222 11926 9
5316 10697 0
11714 17236 7
6628 8460 6
2691 19671 7
14901 18801 13
9908 12306 13
14938 16791 4
1484 17116 2
750 14843 2
11122 11156 3
983 1833 3
1317 6519 5
643 11741 8
5544 6171 0
3973 7239 0
2717 12874 7
837 14519 8
3845 11399 3
1652 5679 5
2123 12680 7
1180 10830 3
2926 10753 7
7318 11934 8
2983 18057 10
6955 16461 5
12593 13769 9
12460 15454 11
1852 4591 7
6137 7739 8
1777 17800 0
2319 7688 10
5019 11607 1
1207 9205 2
8191 10173 5
1914 13388 3
2971 19962 10
4450 6285 1
5509 8973 4
3372 11259 8
1745 4816 10
8030 14251 12
3156 6131 3
7201 13862 3
980 4302 4
7769 10097 1
8191 8426 12
1778 17794 7
1995 8349 8
842 8341 7
7787 19132 3
4504 16484 4
4061 9125 10
6574 12040 12
1183 11087 5
2987 19746 0
1732 11671 8
962 10074 1
2096 6717 2
3773 9624 0
1844 7023 0
5654 9355 12
9414 19148 12
4772 12543 1
8282 12014 5
1476 19887 3
2784 12266 6
8430 10709 7
11756 16394 12
428 2257 1
6703 11829 12
2239 2341 5
8988 12514 2
11385 15448 12
11936 17997 5
1876 14177 9593
7695 12318 10
530 8200 8
2255 8261 3
4348 7366 4
4742 18058 0
8422 13762 9
1788 4043 2
961 3546 9
10475 16554 3
2480 7511 3
3541 4606 1
1187 5545 5
4972 13056 4
4224 13222 7
867 11236 6
1829 5569 1
571 9894 7
3462 13454 9
1031 5481 9
6679 13500 8
11089 14161 10
5679 13967 12
2204 11201 4
1630 2983 8
5383 7031 6
5662 7443 12
6442 7858 3
8847 17976 2
2081 4673 1
5315 14714 10
3035 10047 11
7568 11000 3
10648 14086 0
9096 13895 13
5709 7640 4
11283 19907 13
1028 4634 8
8970 14475 7
179 666 0
5304 8903 1
913 2591 6
5352 15413 10
6660 10745 12
3089 10017 9
9730 17890 12
8239 12423 4
1221 9409 5
8519 12181 11
6853 13248 10
1866 8514 0
3934 16662 5
57 9329 3
5250 6177 9
4055 4760 5
2801 17797 7
2 8043 0
12314 16114 13
2677 2871 9
76 3342 6
724 11419 7
384 7405 4
6187 12006 11
6442 10531 12
5324 19605 1
6253 7592 5
6128 10843 11
5946 6338 0
6569 9447 5
6443 12422 6
2322 3128 11
2757 7444 7
12468 15638 3
657 1888 5
6275 9912 9
4909 15074 1
8925 12641 11
4157 6884 7
11735 12501 8
12083 19481 8
6697 10159 11
3038 7441 11
9047 9908 4
8877 9106 4
2468 13252 5
15082 16448 4
3306 3580 9
4855 18942 0
4325 10357 2
54 12233 2
5784 12244 7
5531 7522 1
3717 5913 11
1879 9894 3
5839 6266 10
8782 8919 2
7779 12606 12
3586 18160 9
3841 10380 7
4310 10181 5
8424 8552 9
556 10719 0
14678 15375 6
2556 7439 0
10959 18797 4
1002 10317 0
3351 9223 8
17623 18190 9
9531 18901 12
5619 15376 10
1104 5080 4
9390 12681 5
1097 12785 0
2538 7925 3
5646 7779 3
11163 14677 7
13491 16471 12
8330 18860 8
13029 17151 10
4997 5173 0
9564 11282 10
2925 19308 8
6326 7773 10
7536 8375 0
1196 3335 1
8556 17320 4
8881 10904 7
11001 11435 4
1882 6604 7
12822 15551 6
444 6777 7
4330 10036 6
7025 10598 2875
4736 18091 3
3383 19118 5
7298 18401 2
10192 12514 0
5992 12700 9
7572 7604 4
8105 11194 12
938 16317 2
2352 9533 7
3352 6706 0
407 16147 6
7174 8157 6
1328 11429 6
1198 10605 8
2865 15701 7
4628 11040 0
4546 8264 0
7338 9374 6
8101 11553 10
10664 13888 0
2522 11838 5
974 3569 1
3104 17751 3
4847 8318 4
4689 7039 2
17630 19919 3
1537 2344 10
2775 10010 6
13282 14844 9
10179 14880 9
375 13168 7
4193 10082 12
3214 10243 0
276 535 3
8622 17555 9
9077 10362 5
3632 6503 4
362 7181 7
3049 9020 0
2793 3260 7
4611 13497 2
11925 14717 1
4245 10700 4
13297 18688 13
227 11534 2
2869 7543 8
6319 9779 4
1353 2266 3
1276 7046 0
4858 5175 2
2622 11257 9
4321 5031 0
5985 8157 8
2120 10792 4
8054 12535 6
2896 17886 11
1759 1972 1
10795 12622 3
6224 10211 8
1955 2112 0
12453 15720 3
6092 12426 10
5146 12349 10
1980 4665 2
14995 17034 2
11337 15503 0
5780 12818 11
2244 19566 4
13162 14117 3
6441 6787 11
11526 15304 4
4285 14091 9
8239 11362 5
2639 4081 3
7534 11345 8
3535 11095 5
15651 18992 13
1382 18652 8
6403 13665 0
5424 6409 5
8649 12248 10
5485 8211 6
10160 17086 1
1855 9711 2
2146 8296 10
12125 17868 8
3257 13488 6
3566 7367 11
5455 14667 8
9286 18883 0
172 14328 1
7509 12837 6
4796 10887 11
7490 18126 4
1852 18768 2
3583 5774 10
15378 15869 4
4932 8135 10
16990 18674 4
241 7594 7
6630 10663 2
10999 12017 4
3887 14094 4
3354 14423 8
538 10227 5
102 13742 1
9245 11813 8
1429 5387 3
4016 11787 4
11903 19552 13
11072 12109 13
4243 5152 11
1135 11031 6
1676 4042 6
1841 10618 5
1728 1946 9
7291 8672 3
13912 19887 12
514 8745 5
616 12089 0
7588 9413 9
12104 16025 13
5753 12258 3
2000 15943 10
1055 3998 5
10785 11887 11
1299 3252 1
11915 15744 9
10848 14663 10
263 15548 1
8905 10103 13
4058 4239 11
9757 10357 3
3266 11655 6
5702 19756 3
9793 12481 3
2891 15875 4
1690 9876 8
19 10329 1
2555 9541 8
671 14506 5
6367 16323 10
3250 3818 0
6035 15521 2
5346 9486 6
4189 12693 2
11088 12830 8
5586 16409 6
5701 19405 9
2782 5101 10
4550 15213 9
9075 9504 13
4657 9644 6
1714 6827 4
2099 6500 1
7988 19655 1
4880 11343 12
2152 5549 19720
10917 11075 10
2799 9537 2
10683 11305 12
9581 16276 13
4957 10841 7
9153 17598 8
1196 16177 7
6132 19131 12
4234 6660 3
6160 9255 4
9173 14368 9
5891 12011 6
3097 9122 13096
10430 18057 3
9165 10769 11
10639 12187 8
4672 14223 6
11793 12843 2
11611 11687 1
13261 17478 9
16699 19325 5
999 16316 3
8567 16473 8
10380 18186 7
4721 9008 5
887 18453 8
1880 17312 9
8667 9830 13
10502 15700 4
8033 12195 5
10904 12685 2
3720 7769 1
2593 11984 3
15163 19007 10
1720 6128 8
6378 7612 11
14352 18851 1
3749 4693 10
2964 6041 3
5790 19039 7
9172 12282 6
202 15017 4
2123 4600 0
6267 10137 9
121 2649 6
1119 12884 3
1989 9715 3
1205 15908 4
6436 12166 2
4203 19677 2
6240 18488 1
2208 8634 7
3825 12118 7
4008 9177 7
8151 9245 1
5171 15923 8
10638 16615 8
8455 15620 1
10007 16065 0
615 9858 7
12562 12657 0
11927 14556 2
7899 13656 3
3777 13810 4
819 1419 8
2886 13827 10
2398 15092 2
2281 8712 5
69 18320 4
853 1605 6
3599 5813 3
2186 2214 3
1661 2648 10
6314 11690 11
2786 12692 4
676 11644 2
1660 18577 6
2474 8028 2
11814 18610 0
3843 5260 7
5910 9141 8
5817 9795 4
7874 12883 4
9381 13059 4
1343 2269 2
5576 9277 1
6403 8474 1
1113 7907 7
100 12939 5
501 10298 5
2319 12560 8
49 13512 3
8183 10170 11
2230 14963 10
4207 18615 8
10326 11989 1
7586 11791 6
7017 16502 5
15069 15781 8
3025 17392 7
8864 9661 3
8639 10947 8
5266 7726 3
267 7263 7
8130 11264 12
8583 13205 9
11433 18310 12
13734 13772 8
12483 13772 2
11517 18945 8
1066 9428 0
1727 7850 9
8126 18355 5
4023 6590 5
723 3365 3
5644 8976 7
3623 9808 6
3956 7451 10
4913 19740 8
5277 10620 5
242 10780 4
249 10049 2
1985 5257 9
6966 11575 9
6197 15505 10
1502 1638 0
7987 8267 1
2440 2945 0
6500 6663 8
9647 15724 7
10835 11492 11
9622 10657 2
6836 8407 7
10609 19997 5
226 12225 5
1661 17804 3
8762 19579 3
7656 15234 2
11575 12344 8
8497 18713 11
5965 16489 1
6626 10810 6
603 11247 4
15216 19642 3
1342 7648 5
4555 7881 0
10178 18943 2
8901 16496 5
5032 14768 1
1089 12541 9
3776 11810 8
5531 6975 7
12666 17402 7
10858 15265 2
1297 7339 2
3630 7035 5
6508 14228 5
5071 8342 5
377 6949 5
11157 17495 9
4850 5912 4
8172 12113 6
285 6038 0
1019 5881 5
7357 13890 3
3788 16981 3
4894 17293 9
9860 19434 9
13744 17342 7
12068 14489 4
8534 11102 9
2227 12757 11
2611 11697 9
2911 12065 1
7973 13687 9
12627 17565 13
3669 11611 9
9506 9591 8
11193 11831 5
6243 19313 5
2718 12706 5
19555 19985 9
1352 11798 7
3224 6411 9
11739 18373 5
5615 10674 1
1071 14086 3
7982 11035 1
3484 6373 11
2730 17764 6
159 11971 3
99 10035 4
1209 18134 7
11997 12585 1
5679 9862 10
1886 16409 1
6545 11624 7
2889 9040 5
914 15688 3
5268 9766 0
8125 13904 4
1770 7341 3
8833 13534 10
6802 14810 2
5741 12170 9
3485 10382 8
8392 13164 11
5749 13384 12
1614 5370 4
4002 10147 9
1119 6309 9
5936 19946 10
920 15477 4
6698 13223 3
2858 16118 3
2527 2770 8
11829 13725 8
850 3500 7
6699 12808 9
664 953 5
4739 18725 2
3662 9805 6
3903 5007 3
2092 18521 4
16129 17178 6
6321 17187 2
121 5955 3
4969 13046 3
7175 11538 0
5947 10622 2
6608 9023 10
638 6829 6
9859 11246 11
9246 12088 4
9658 16855 3
6830 11048 9
771 10735 9
8549 9110 10
6094 12612 5
7280 17952 0
10331 19244 11
5003 10602 7
3443 4364 0
8955 13739 9
7712 13248 10
14535 16556 5
1187 19044 2
1500 14313 10
72 16258 4
1839 12018 10
2209 13879 0
618 8627 9
2125 19367 7
1493 3321 2
4056 9703 8
850 2793 4
12698 19891 1
2970 10414 3
12669 16270 7
399 16446 8
2144 2368 11
14378 16628 2
8547 12359 5
718 9427 5
2170 7779 5
7280 13964 6
1887 11817 2
415 6919 3
5568 5618 0
14438 17164 5
1660 4153 5
2644 3860 3
5323 13825 0
4636 15152 12
9044 16748 6
6676 14563 4
389 17588 2
11716 19351 7
663 3421 0
9693 15043 4930
3604 6004 9
7342 8251 12
13715 18351 6
5899 19558 10
5797 19778 1
5017 18606 0
2477 16905 3
982 9026 8
3717 15103 10
10926 14068 3
3002 4453 1
2492 15846 6
3665 19067 7
9173 16851 2
8918 16211 9
5881 7974 3
1787 6706 6
8208 9720 1255
241 3636 5
9087 11677 5
185 9470 2
3376 8638 3
3512 8231 0
7734 11537 4
3639 11999 2
1587 3127 4
1446 14337 9
4822 13016 11
11267 16117 1
5758 17642 6
5700 19236 10
750 16562 4
8531 11257 11
7816 19760 10
5879 8732 5
2911 10890 1
1322 14326 3
2459 18220 6
7668 12511 0
1558 8931 0
3024 8913 2
9279 12611 5
176 6921 1
9283 11226 13
6107 14435 3
11326 13852 8
1503 15665 4
885 8493 0
4888 6253 4
11898 11968 8
8600 15601 7
3240 12944 2
6074 8009 6
4526 10690 3
8065 8366 0
3509 10807 8
12527 19223 13
12530 14170 2
8508 9208 13
9569 13707 0
3332 7482 8
12117 13991 6
5049 17673 5
4860 5002 2
2935 11104 10
1663 11694 9
2775 8113 5
792 18737 6
1499 10147 2
4723 9273 7
3455 19863 10
3150 12723 4
6929 12180 0
8604 13485 13
90 9406 5
8530 18379 11
1272 3838 1
3523 10189 2
3324 6401 3
7498 12770 8
2282 15543 3
908 14469 8
4693 17149 1
1818 8096 8
8449 17651 10
283 638 8
2542 4503 9
3024 13863 0
6485 9864 10
3439 7559 2
7971 18019 10
1242 7094 9
4799 8937 3
4553 10957 5
1799 10042 1434
6540 13863 1
238 6521 0
6613 9874 7
2740 19793 6
8206 10751 5
