5000
3964 12833 0
2132 32181 3
11869 26566 5
15561 29024 1
23507 24543 5
485 32379 1
6995 29382 10
14062 24024 8
6313 24790 10
4030 8079 10
520 18263 8
6071 9993 5
56 22361 3
22951 25113 13
15843 23902 11
1707 24859 1
18309 20593 10
11006 16680 4
18589 25585 12
22905 32654 4
1396 15562 1
5069 28832 6
1161 22282 2
8805 9931 4
10230 23422 12
12455 30044 9
12104 27863 3
885 14586 9
12749 23644 11
4660 7585 1
3452 18948 8
26926 31555 0
13581 17756 1
52 7711 3
22999 29357 0
2514 30356 6
11275 31160 6
7493 20006 0
30361 30942 4
18030 30350 0
18781 18919 12
1529 26769 9
7365 11620 12
9290 28692 4
932 18391 3
21737 26548 3
4240 19288 4
12593 32013 10
487 14991 3
11256 23579 8
12746 18360 8
19229 29866 5
15593 23769 2
14613 18374 5
3473 8115 4
3936 23625 1
23075 25162 4
21405 24773 7
6811 31842 6
9942 31546 8
15439 18104 1
4496 23557 10
19506 32712 2
7010 25930 8
4964 7735 11
13853 24264 8
19253 27604 2
19522 26216 2
25885 27805 0
13647 23278 2
6114 24728 0
23863 29569 6
17010 20478 0
16971 24769 6
21805 28908 11
4105 12539 0
3229 7087 11
8649 11383 4
1354 17899 10
18947 19768 10
20501 23878 2
207 12152 2
17455 17516 2
728 29109 7
12053 21015 1
8669 17203 13
1929 11537 6
631 25905 0
12215 30997 12
27596 31291 4
8101 31578 8
22465 29943 12
15054 29692 0
2473 24691 11
11232 20793 6
3609 8019 0
13562 20025 11
7246 10606 8
4031 25079 6
19118 22085 6
27280 28935 11
21505 30419 10
8799 8900 12
17737 26289 10
13386 24247 9
19021 24199 7
27491 28109 5
9322 31813 6
15584 19746 9
4677 14948 12
13621 20467 0
15762 16685 3
8853 25617 12
17726 31619 4
10701 19469 9
5635 15703 7
17742 20270 4
6394 29713 11
140 3339 5
14912 24301 5
27219 31293 3
15159 23484 6
162 17287 2
14385 24629 2
2522 9113 7
4074 29054 5
12375 22152 9
1793 16306 6
10203 25431 12
10416 25640 6
14231 24818 6
4139 5911 7
9615 14795 4
861 29653 2
12062 16981 4
18596 25118 8
20848 24458 0
25771 30519 11
15718 25094 9
5218 31485 8
5481 30517 1
7034 30815 5
1305 8359 0
7647 8938 12
28633 29822 3
10093 28180 7
3237 20635 7
16427 30721 0
12692 15902 0
4193 17514 3
22397 31931 7
8331 15277 4
11228 24543 13
14997 26767 11
18776 25888 11
2609 22248 6
16271 23411 12
11860 24870 9
3874 30249 8
17428 25708 4
4940 21066 6
22000 28748 5
21851 29222 7
17278 24090 1
10599 20380 8
9205 19809 6
8644 30628 0
12616 30664 6
15477 19426 13
14718 24249 10
2488 11030 0
7731 19171 7
3916 15573 0
9749 22968 7
7926 10761 4
15472 31976 3
9582 15616 3
10882 24581 11
5813 17431 0
4944 27573 10
2279 9703 8
18639 20355 13
13929 28184 0
10772 25269 6
3000 11924 9
4695 21572 11
9158 21031 12
8119 25372 6
12767 24986 10
363 28391 7
13506 24474 5
18835 25919 6
11994 32646 6
22488 30220 13
16275 23309 4
2578 25057 6
6837 10716 3
15374 22833 1
27308 28248 4
14767 18741 13
21921 24442 10
22191 25378 5
14483 31939 4
4589 30693 1
5256 20482 1
28008 32544 10
11469 24087 7
22463 27822 7
14033 26139 4
717 30982 5
6271 29182 6
8562 25201 12
6536 21575 2
17476 28506 2
18082 21453 5
7687 26841 11
8157 27749 11
20567 27906 8
14830 31898 2
27333 28366 14
20045 25735 24976
9293 23459 3
5056 15445 6
18552 27954 11
8194 24975 1
9421 23302 9
15020 29497 10
1089 24083 5
9515 14556 8
22885 25994 5
1336 18189 0
14803 23147 11
8365 12951 10
17955 22159 9
16519 31869 4
6677 13184 8
3868 25276 3
5553 8281 2
11987 22684 8
16088 32561 6
22016 22991 8940
18677 31855 4
16340 18561 11
9782 31888 3
23043 28340 11
11439 22017 12
22955 30809 1
14241 28380 10
20048 20303 1
11974 21654 6
13774 22138 13
3068 13661 4
16776 21389 6
7116 32393 2
7570 14049 7
9711 29466 2
10853 20674 2
22236 24876 14
14103 26168 12
9244 15519 3
1362 23567 4
6912 12132 10
11845 24807 12
2612 12010 8
8142 24326 9
13441 26712 12
26836 32516 3
5826 31132 2
9986 26890 6
4326 10091 12
3644 19556 8
15289 18034 1
539 13565 3
20218 29762 8
11286 17468 13
261 13996 0
10030 13399 8
4803 20166 0
29185 30013 6
19995 31109 3
16722 18704 8
16786 21267 8
16744 20936 6
18814 19623 2
9051 13026 9
14824 24983 3
20070 28433 0
22901 23417 6
3080 11035 3
5875 15248 3
13615 20400 4
7417 9775 4
13395 13904 10
18445 19347 3
23424 25146 10
4274 15570 12
4381 17068 7
59 5641 2
25146 28568 12
11841 32747 5
3153 20182 1
4369 15949 0
12837 28241 9
6243 21615 10
1478 18689 0
26333 27262 4
3889 20294 4
15580 25029 12
4740 12213 9
128 11176 3
12110 18129 9
6296 11697 8
11374 16924 0
23228 29305 14
1722 24706 2
17103 28967 2
8853 28597 4
3790 20641 10
11491 31293 3
5012 20932 5
6413 14456 12
20515 23328 14
6016 26902 5
11851 14161 0
7212 31133 4
11614 18756 3
29958 32487 13
18883 25517 12
28806 32160 5
27044 31571 7
712 5161 5
7024 26514 3
3127 25328 6
25689 29400 0
13280 16660 9
7894 15145 4
6272 31324 9
25244 26915 7
7010 21342 2
4059 9148 6
14921 24202 12
16039 32742 2
537 6283 3
7719 24657 0
27510 31396 13
15560 19522 5
12230 29866 9
116 30298 0
27292 31393 0
4142 12791 10
12566 31834 9
11629 22747 4
1177 25012 0
1934 5821 9
2058 9321 6
1648 7589 2
9950 22520 13
26129 26969 7
2683 17227 9
4293 9245 7
10247 16864 1
27943 30664 8
5222 16081 24906
2855 24502 4
4389 22249 7
2109 9102 1
30851 31635 10
3232 6419 9
17600 23192 3
5176 31281 12
619 15044 9
21230 32678 5
617 30954 2
6901 22978 3
8950 19930 8
5349 14152 12
5618 30493 7
15360 26661 4
62 26251 4
6038 8982 9
9479 17936 7
12266 28599 10
1436 26314 8
14524 15107 12
14782 22461 10
4825 29887 3
12493 29608 2
25078 30878 4
864 15978 5
1532 29691 2
28733 30473 5
22042 27072 14
8610 16749 9
10900 18330 0
3122 5745 11
18279 31318 7
3999 21050 11
1515 9022 5
1696 13119 3
20760 23253 8
5872 31048 9
10151 19889 7
28516 30305 9
6808 15614 9
7576 26657 12
20219 23469 10
16526 21525 9
12155 23533 8
5904 26713 5
102 31265 0
21768 30016 1
6709 16730 7
3013 13330 9
7290 14185 10
5682 27087 4
15206 20054 12
29333 31866 9
20224 29738 11
15305 18645 8
5701 20181 5
11732 19662 5
3400 17666 9
8747 14912 2
17836 25772 12
11847 18261 9
11241 15561 12
9804 31465 2
6704 18804 5
14759 16101 11
5490 5596 12
1252 23914 7
4326 14278 0
8942 24210 9
24839 31623 6
6972 26948 9
16020 24587 7
23123 31154 13
19470 28753 8
16072 25427 9
15677 23276 2
23513 32081 10
300 26371 1
9535 17838 0
6737 6952 2
6364 26272 10
18855 28997 2
13460 20399 0
10969 31077 1
15929 23760 2
3589 7934 7
5615 21245 2
19600 21269 14
2390 15372 7
2366 11046 10
4678 14064 10
24289 29051 8
802 14958 2
10580 31528 7
13262 14112 12
19842 24334 1
1769 16700 6
12824 23586 1
6786 28384 6
8829 13684 7
6840 29813 11
8250 32720 13
19733 26701 10
13720 19989 1
8476 24859 4
4035 30232 7
14325 32069 4
727 19353 5
23154 23519 5
23327 28157 10
302 25482 0
10731 31358 6
4027 13900 10
2417 10057 8
10556 27631 1
20018 20756 11
20138 25280 7
8678 32572 3
8299 19702 12
5848 20317 6
18404 30242 13
988 30824 6
5912 12943 0
8799 27527 7
6114 16135 12
8783 24381 1
13088 26796 7
11101 19750 12
5189 22622 10
18928 25594 13
7706 11524 5
20446 26079 11
9457 12367 12
16002 23882 5
152 5074 3
6427 18853 6
18527 25584 6
25547 32595 8
100 27034 4
4996 30393 7
20004 25785 8
4603 26452 7
4823 16594 12
10590 23297 3
19989 24932 12
11735 25462 3
26179 26742 14
24252 30745 11
21992 30792 1
7906 23717 11
19986 24553 0
1822 3503 8
7040 25873 11
1828 32454 4
1210 29956 5
17872 31014 14
25862 30884 8
11104 12419 12
25841 27359 10
9659 32193 2
12557 20731 12
12134 14076 10
2516 14762 3
23304 25351 3
5556 23046 4
16797 27191 5
3611 12156 1
17596 21279 3
5330 22906 10
4352 7975 5
24240 32185 3
17579 25317 7
8431 18913 10
9481 12224 1
1081 20360 8
16276 29127 0
3481 18999 0
2267 12236 2
19855 32606 12
15619 27111 3
1523 1897 0
2033 4160 6
1522 16586 9
12128 22538 7
13864 29402 11
4161 7444 6
10709 19366 6962
4694 11574 11
3762 24350 2
8282 28454 12
19723 21999 3
3758 31436 10
9994 32072 8
13432 24359 9
5939 30546 1
9721 9965 13
31973 32179 10
4896 6401 11
4627 15063 8
3616 28891 5
9665 15983 1
5833 12844 12
2600 7760 2
4441 28944 5
15571 15702 8
15982 31002 4
426 32595 0
7608 27044 8
5298 18011 10
5707 27772 5
19413 24562 4
28798 31494 5
4299 31268 6
3769 17514 0
24984 29195 13
8608 30830 12
2427 18910 0
20398 32473 2
10358 12393 10
2191 25369 4
3085 5966 11
2876 27942 11
19364 26022 6
10276 24155 3
113 28433 2
11048 26234 8
24757 26493 12
23439 25268 6
6116 31226 9
15272 15629 8
11672 12493 4
6147 23582 8
18621 24893 13
9946 25264 7
29902 30049 9
10929 19479 13
3024 28951 7
13704 18437 3
11815 18746 13
27441 30515 0
6023 15786 3
8436 10938 9
2836 31795 3
10951 21981 9
10352 14967 13
10767 24139 4
13395 15453 13
14555 28636 0
2208 4854 1
7310 10480 10
17014 32114 12
18969 21809 0
8885 30616 12
30216 31874 14
15894 22698 0
5156 25191 8
14439 18226 1
22263 25972 11
16432 19540 13
2798 25401 10
6319 14554 6
9260 18787 10
6651 29705 9
1077 20249 0
11236 12230 1
1841 18100 0
4257 11498 4
912 23837 0
5926 30694 6
11348 22149 2
6198 15027 1
18487 22075 1
9607 15540 6
5525 22981 2
13643 17953 12
24133 25606 2
12899 32482 5
13377 24469 11
3815 11002 4
11285 25425 5
9328 31049 12
13019 15200 7
2556 15515 4
22870 23836 2
1194 27130 7
27324 28476 5
2367 26141 10
6383 7340 7
2890 25932 2
13662 15005 11
6105 24485 0
18187 29062 5
9299 12615 13
9357 16930 5
8290 22375 13
30993 32623 4
2148 3292 6
5332 23857 0
20385 28397 2
3499 3693 3
24962 27413 8
12156 29678 9
20217 24736 14
15554 23235 11
12272 28218 6
19135 32525 9
12220 29820 12
10112 25848 4
17953 19432 13
21065 32593 12
5035 14223 5
16848 26700 4
9845 20300 4
11600 30576 5
12539 22514 9
8912 27216 9
22646 25580 8
5971 29530 6
26109 28961 0
3005 5109 4
6585 17598 5
7019 27876 6
15370 26898 0
8676 22428 10
5037 9828 9
3787 12618 6
18866 28163 6
21427 27654 10
4607 24765 11
7954 13017 6
9166 25960 1
10757 23300 2
554 20317 9
4353 10816 9
5238 5368 6
12486 30937 7
3814 5657 0
14626 32226 6
11012 29350 0
6263 8883 0
12332 28935 9
16485 23869 5
19473 29864 5
7768 13951 1
1147 15158 6
173 17500 1
16757 24947 11
14471 18125 10
11530 29307 12
6624 18119 4
8124 19018 4
11095 25975 3
5558 20362 7
867 24071 8
1656 10985 1
11642 24443 7
10511 29151 12
8410 13542 11
11484 15594 2
14840 19199 11
7919 28975 0
4651 14189 8
14941 32552 7
31207 32153 3
3774 11040 10
891 8932 3
9658 13999 11
17480 27767 1
7761 29802 4
5588 32046 4
10745 22985 6
17196 26422 9
3006 28421 9
8199 13290 5
23167 23518 14
10415 17128 13
6700 32089 10
21125 22676 7
17764 27429 0
11387 15507 4
20920 25176 14
20376 26704 13
1284 16144 4
8055 17786 11
12608 28591 6
23240 31876 12
22133 25047 3
21284 31693 13
5715 32223 10
6868 26846 5
1774 8976 2
12116 29926 4
11514 23661 1
1318 12261 1
6090 21422 1
1900 18449 9
3683 4920 5
2463 14115 0
1642 24096 6
2374 32671 9
4730 28898 1
21155 26403 3
7835 21476 5
14750 31875 9
1550 13483 5
6573 14040 1
21723 29517 8
20701 31106 6
7728 31505 12
2339 10699 10
1742 18179 8
4268 5538 8
12414 25985 0
966 26792 8
2091 31005 7
9254 21492 4
3884 7767 7
4301 13605 0
9520 12461 9
7902 31893 0
22576 27051 9
10551 31924 12
9786 28194 3
11986 19123 9
1463 29918 10
5578 23161 8
4962 10160 1
2683 24197 7
18123 24050 7
8127 18092 5
10375 13641 10
4545 31824 2
6935 30668 0
2114 32527 7
2809 31466 10
3533 11417 10
13086 18936 3
7217 21296 6
11556 25845 1
3109 16647 2
26529 31040 13
7214 7260 8
18189 20401 4
7162 30490 10
11767 13150 12
9450 13648 12
17855 30691 9
4443 5357 9
3835 6147 11
16160 19008 12
11155 31361 12
9679 10411 13
22694 26436 12
16998 22019 0
4129 13502 12
26394 31163 6
7950 24731 3
2347 19991 4
5136 12355 1
1857 6344 0
4983 19407 12
11961 17570 6
26156 32274 9
11401 28601 0
7440 16449 12
10249 12184 0
10503 12518 7
16760 20920 2
7262 16762 8
4848 31121 7
21850 23253 5
2863 17617 1
11530 23902 13
7229 31663 4
18957 23876 5
6555 29125 9
17494 28090 14
10005 13880 0
12224 25955 7
22297 29796 9
13611 29747 2
13020 19127 11
3019 14629 10
6354 11061 5
436 10411 6
3061 11064 4
23675 31501 3
20106 26529 0
23088 23154 14
3578 14349 10
1768 7249 9
3143 17489 1
2553 25404 9
3457 13839 11
6855 30985 12
13614 23116 13
13305 19116 13
15353 19134 8
12943 22541 6
1311 5985 0
8811 22165 5
25 975 1
16252 32495 3
16723 28038 7
13645 31881 5374
4807 6732 10
8162 31657 9
4781 22661 2
19816 22218 7
22653 31016 3
14382 27547 2
1112 16225 8
3515 17129 2
10732 21664 3
782 19301 4
8095 14460 2
15708 24542 8
11105 13013 6
8423 18290 10
2692 19204 7
19359 27107 1
15077 23980 6
10810 18828 11
7960 14229 2
8218 19055 3
1986 11081 8
2926 32028 9
20375 29728 13
10301 27297 5
8833 19986 10
16909 29158 11
16784 28871 1
29513 30533 13
3306 9388 3
23948 31554 9
20548 30068 12
2240 27240 5
2555 18950 4
5178 31536 12
8888 27602 13
6951 14482 9
9509 28191 1
13452 20745 8
5169 22216 3
20125 27188 2
11965 14734 12
2634 21586 8
1076 25217 5
16095 30109 1
29354 30428 7
8097 29613 9
9862 29796 2
7911 32609 1
18676 25070 11
10244 10740 13
15131 21293 9
13329 16179 5
10234 30163 5
10047 14122 13
16015 22124 13
20238 26351 4
2273 26708 0
4358 24809 19278
16586 28650 6
407 19692 1
2727 26337 4
8585 31182 5
14091 14739 11
13317 13917 6
3031 23773 4
1527 6392 5
3892 16948 5
27858 28630 3
13578 18718 13
27190 27729 8
8074 32182 9
8408 23820 10
11052 27557 6
17899 19328 8
4242 15170 1
5239 30636 10
332 13264 2
3849 25952 3
11025 14145 7
15880 19692 11
997 21780 0
10824 12169 0
10509 10844 7
2337 6724 11
3476 21056 0
15998 29424 11
9852 14538 4
10646 23149 9
5312 20446 10
28408 29081 8
9929 19661 4
21856 27517 13
15371 25526 1
9363 32114 1
8110 27611 10
810 12374 3
8797 9425 12
27191 31716 12
249 3795 2
23858 32201 0
13017 15225 2
13977 31750 9
2848 11116 0
19825 28267 0
28983 29925 25739
4658 28846 12
3769 21696 9
1001 15431 0
16595 23589 0
16299 26624 3
8870 25883 8
1156 4866 5
6271 26198 7
19530 23300 2
823 32473 1
2378 3489 8
26135 28426 9
17193 23152 0
15845 16560 7
7318 31832 7
18808 23892 12
1506 5622 0
10086 12184 12
6908 17057 7
17113 21863 1
9617 25417 7
14515 14790 6
12213 15056 9
22411 29667 0
12028 20976 7
10503 31919 10
13 27304 3
5938 10384 7
17333 29224 9
471 4360 6
8536 28002 5
21215 24397 6
9173 11045 4
16635 18602 2
11765 16046 12
4455 27571 6
23429 28045 6
4082 22339 2
2005 22569 7
4290 26550 4
25658 29241 3
11177 19092 13
7820 19276 3
7730 15236 6
6056 10050 0
5835 14368 0
10736 26320 9
18350 19473 6
16384 32710 7
960 13101 0
18095 31252 2
3574 10511 4
9927 17677 7
6620 26517 4
18256 25632 6
7185 13667 9
9282 26402 0
1118 27336 7
566 9630 8
8241 11848 9
15242 16567 1
8557 27851 7
9117 28385 0
8741 13535 7
710 3829 8
2147 4596 6
12514 31898 3
1648 11025 8
3224 26632 2
4842 18885 9
1665 31195 4
11059 30382 11
4949 28648 2
8075 27749 9
1347 13031 2
6105 12726 3
21658 23751 4
17198 26905 8
15266 19413 2
7298 27383 11
1699 25015 8
8587 19927 6
5001 29382 2
24417 30894 3
5310 21047 3
17024 20974 1
4776 32665 7
17891 28508 13
19892 21453 6
23806 27422 14
3550 8316 2
9146 21179 3
18456 22963 12
13896 20046 1
1005 24380 6
12551 32666 9
2835 23566 5
6117 22953 12
17636 23000 1
13093 25354 7
18799 31973 9
8089 9366 5
7066 30982 6
716 21571 7
8606 10256 1
3945 4032 7
12379 28040 2
1303 31639 10
15173 21946 4
7578 21774 0
15277 23912 8
6643 17414 8
17528 27931 3
6058 17586 2
23345 28432 0
7082 15287 11
17499 20960 10
4980 29694 11
1754 13342 5
4876 16324 11
7507 16881 6
4017 31975 8
8871 30622 2
15661 22155 4
4959 12060 11
10318 10669 4
15924 24198 13
18813 20871 3
13601 13838 11
10779 16688 5
11442 12207 0
13218 21377 0
963 22122 1
12900 18257 13
18788 28518 14
13185 16515 3
3860 14000 5
11569 24246 0
232 13850 7
3390 19925 3
1049 30120 5
8101 24171 6
5137 19847 1
4609 24894 2
21548 25415 2
26273 29499 1
20390 22771 14
5328 31784 11
17894 20418 14
4618 9329 0
3556 13233 7
9951 24393 4
1312 23438 5
11801 27265 1
10616 24096 12
2999 30345 0
13042 18271 9
3293 17801 2
10884 12459 5
7306 21923 8
17452 30134 14
5450 20037 5
6734 26654 3
10709 13960 0
2308 17192 10
1327 21523 6
10047 24987 2
7784 13911 12
17866 19895 2
2528 9293 7
3726 4344 9
14926 31345 12
11717 23014 9
14648 28997 4
11982 20019 2470
19616 22188 5
2282 3343 3
20826 29321 11
6768 8936 7
7378 17410 3
2910 30173 1
15891 16247 12
4551 12368 7
2906 8171 7
19108 30489 10
3470 14996 0
1253 3435 4
17473 22989 4
3608 22325 2
11766 13281 11
3630 11358 7
704 3933 7
13104 15370 4
2338 11575 1
16310 27943 5
14342 17879 1236
19251 27936 11
4061 12023 11
11178 29989 13
7927 13895 6
20358 32604 0
10796 14283 6
12324 17229 5
5703 21353 4
3482 18719 6
8092 13397 2
4460 30180 2
4138 14836 0
27600 32085 12
10132 20188 13
1783 7557 5
1458 7493 1
1730 28209 2
2586 11910 10
23549 31876 11
19071 21419 13
14643 25919 4
2776 27736 0
3446 18679 3
21032 28923 4
3557 4491 5
1719 21911 6
926 21297 7
1566 20659 3
11309 31500 3
992 15304 9
10441 20203 7
20500 27535 0
15438 32336 5
16828 17584 9
2840 4499 3
4693 16176 7
1667 3432 6
14933 18676 9
2341 17821 9
10942 11049 10
16169 17350 11
23291 31601 5
18739 21331 2
3545 13789 2
9070 10633 2
9307 10535 11
11731 19507 1
4594 8558 1
10772 25278 7
2077 15261 1
14361 26806 8
19591 28236 9
16787 20795 14
3429 29791 9
5019 23638 8
1900 17937 1
18690 31670 2
19905 20489 13
25484 26731 7
12454 27558 4
9402 22820 1
11078 12343 8
1284 31214 7
12719 17407 1
8377 20054 1
15501 20350 5
6936 32085 1
2322 7296 0
6636 25773 0
7878 20313 4
866 18966 8
756 21105 0
15321 27761 9
5826 30505 9
10118 12572 9
9307 18361 7
27955 28732 6
10810 31456 5
4218 18812 10
11271 16904 7
26451 32131 5
12478 18973 11
2173 11912 11
195 23680 5
15548 32275 6
23587 26555 8
2520 28930 9
13837 25361 12
30362 31372 1
8665 24692 4
3269 10561 6
3159 12855 11
11030 25619 7
12399 13673 6
27607 29373 3
8761 26055 5
29515 32348 9
16754 27197 1
22309 22768 6
1693 9928 2
20201 23556 12
8577 23804 11
7029 28704 8
7296 10152 6
9050 16241 13
912 21217 7
24166 31037 11
20346 20414 7
19621 27112 8
7191 15650 3
3058 21595 3
14718 30085 12
12415 26754 9
22504 25115 2
18895 27984 11
3042 21910 4
3264 9654 8
17754 21540 9
14587 23087 8
12299 20985 5
5251 11319 4
3622 22448 9
3663 8875 9
9008 30308 2
31 30459 4
1649 13386 5
18244 27482 4
1901 18220 7
7469 16695 1
7521 9208 3
3684 28991 6
812 16849 2
22112 24200 9
987 3204 8
16341 25923 9
9029 23276 10
25131 27719 1
14370 21467 0
5559 8148 9
22509 24886 3
13252 16524 13
18621 32033 9
468 10037 7
22994 30829 1
19898 30615 14
25109 31515 14
18737 29679 11
2505 6571 8
13865 24475 8
28258 28738 2
26177 28318 7
7371 18277 4
2279 18061 6
9967 32117 3
23583 31925 5
2607 32563 2
5588 15324 5
14823 31803 0
330 5571 5
10888 31471 5
4939 15869 11
3761 6744 5
1969 7014 8
942 17582 5
23119 24121 4
10705 22008 13
4991 8833 12
24502 32715 8
2209 32413 8
6563 28907 2
7630 28810 1
11151 27204 8
5264 7722 1
19676 31275 2
742 19781 3
16061 29955 2
11933 22315 13
23565 25687 2
5865 19999 10
13340 19226 7
6164 26786 9
12915 15581 11
10965 12583 10
19845 19997 14
18872 28572 1
7107 32310 9
24181 27424 8
10847 16278 5
23734 24119 10
22593 23502 4
1001 9209 11844
4686 22093 7
7833 18361 11
600 15463 0
1946 11991 2
6452 31309 10
1208 19735 2
17254 25937 8
25812 30075 5
18234 31964 14
16073 27241 8
18238 26344 11
2645 29622 10
133 4292 0
11457 24841 11
15957 31331 10
12322 16785 6
21110 23824 1
11989 18320 0
23964 25089 14
7355 11801 5
25910 27527 3
6614 30073 8
20885 21997 1
3016 14517 6
5682 28201 0
18678 20836 6
9722 31898 6
430 7566 8
11955 26779 5
906 19270 1
8536 28458 11
14624 18429 7
8074 21626 6
3359 11362 10
8034 16154 4
26587 28118 14
14600 18787 4
7457 32665 6
9029 17384 10
17218 27330 8
914 1119 0
925 19629 6
1305 19882 0
2363 5993 9
12824 21869 7
2863 5713 2
4964 25483 4
459 10198 6
15769 25595 9
13424 32440 1
1522 12522 1
6945 28519 9
14074 15633 6
25912 30807 11
9392 16010 10
16866 26755 9
2230 29092 9
5605 30880 2
12346 27131 4
9215 20936 10
5681 22332 9
20227 23126 6
80 10029 1
2801 13261 8
12049 29859 4
2270 24056 8
10442 15220 3
11950 28201 2
4577 24379 11
16473 29940 0
955 4972 6
6345 13397 5
16083 18496 12
17983 21067 0
24553 29822 13
6938 30475 11
4680 16959 9
1241 1282 4
3886 20094 10
8115 29762 2
2596 23490 5
26428 28883 12
10305 23009 7
18229 30955 5
4536 13158 8
15558 19118 13
5564 26812 4
12630 30812 8
10027 12915 5
19128 26399 4
11748 12024 4
3440 23498 10
23931 27352 6
2843 23405 2
22846 31678 12
6507 25435 2
25497 28689 6
15319 20091 9
2935 8335 4
19588 23391 11
22231 25788 12
3783 10430 5
14028 24029 2
1078 20329 1
765 6781 0
9293 31138 11
12198 24428 11
4945 23353 1
24890 29461 5
8795 16514 12
4397 14272 7
4905 14726 8
5735 16920 6
12072 20982 13
3488 28620 3
9032 25687 5
15228 25724 9
4737 5758 3
26923 27665 14
3619 20547 5
10910 21386 4
12605 28434 3
4694 13362 3
12014 26277 13
13991 19798 10
16345 25219 10
12556 17397 10
10965 11358 9
8570 15980 7
20488 28652 11
6324 31009 10
13548 24040 1
23017 25574 3
18512 30484 2
19606 28441 11
3172 20770 0
19735 23056 13
4041 27825 8
4066 20191 7
23521 30196 6
9855 15455 10
6358 12207 3
15770 22300 13
919 27705 4
26088 28534 11
25526 26269 11
11017 22964 11
9349 22655 10
3166 21562 9
1479 22634 2
19159 30895 9
12104 13623 1
6097 11303 5
7727 22462 6
20970 24913 8
1898 3943 8
928 30926 0
8848 22087 11
2677 22807 10
6668 20474 2
19788 22300 0
13385 28530 2
968 28129 7
8267 22881 3
26297 27929 8
4367 22489 12
10649 16036 0
2036 32478 1
12815 19980 0
21882 31409 1
20373 20450 14
24266 31037 5
23980 32390 14
4681 17545 3
14145 26052 11
1141 5345 6
7228 7239 1
5936 14461 9
10650 19067 10
654 14785 1
3234 22108 7
127 17033 1
19648 22678 12
8089 14439 8
2317 32258 7
910 19236 4
6687 25813 6
14774 20288 0
12772 23490 13
10423 23873 1
1504 30399 6
6417 14382 12
32134 32681 14
3475 17430 2
15723 27159 13
3207 27619 3
25190 30517 2
23320 29947 3
14187 16100 8
3494 24031 5
7011 26865 1
22279 24059 7
17352 26986 14
1548 5906 3
19753 20258 13
14518 28945 12
7083 8751 1
28192 30498 5
2946 21099 10
21937 22397 9
13814 29052 6
2935 22025 7
6066 27511 3
30404 31937 14
230 21958 2
21918 32583 13
4123 4944 3
21338 29506 14
7888 26338 5
6033 28783 2
18700 19094 8
6634 19413 10
18789 21201 7
20220 23010 5
2579 15402 11
28106 30706 6
14348 22359 13
3228 7794 11
3023 8026 10
10959 26131 7
22137 27504 11
15587 27323 4
13504 23316 10
5833 12342 0
9852 15736 3
372 15271 3
6849 25706 6
10053 13852 11
25061 29006 5
29336 31996 14
1435 7171 5
5151 27318 4
14202 17244 3
11103 23864 11
7599 32619 8
16177 19576 9
14911 31049 11
1602 28911 10
7408 22558 10
31257 32659 6
12664 29183 7
21750 23290 10
5350 21888 6
652 12704 4
13735 26796 9
3713 32355 7
4919 18522 12
13575 18159 12
1450 32671 2
2698 8974 8
15190 26919 3
22105 28928 12900
14934 27825 0
3841 18460 7
15223 17186 8
11257 30250 3
20133 20759 14
27035 27235 0
5704 19081 3
13435 22822 4
16485 30895 7
4208 17373 2
773 23697 0
7207 17530 9
6407 12600 5
25042 27585 7
16132 19918 12
14797 28069 8
18409 20481 9
26250 29784 11
24586 30701 10
2473 31289 5
3735 9643 3
13808 26327 0
2845 25298 10
16679 19479 11
592 23718 7
12387 26860 11
3198 3245 6
2816 9558 3
11505 14405 3
11191 28753 10
17146 24222 10
14284 22441 9
13437 19760 2
15927 22475 13
1815 9614 7
2197 22998 0
2383 13114 7
992 31209 8
13507 26747 4
24018 30900 13
1966 17357 5
5103 7036 1
4463 25187 5
5586 22721 1
9373 19729 13
838 18737 3
3289 8567 1
1099 24214 8
24844 32454 5
18907 21023 6
12766 30278 5
13644 19442 3
18496 19411 2
4113 23155 7
1628 29667 7
3388 32699 2
20579 27070 11
6949 20219 3
10367 12940 2
11262 29405 11
10571 25053 4
10225 27245 5
2494 29882 1
2251 31852 7
3820 7915 5
13446 19399 4
8608 21590 0
1340 7839 3
5863 32630 9
22159 32745 10
4571 32405 5
23587 30703 7
448 25768 3
2081 5326 6
20802 26899 1
438 17142 5
9276 10472 3
11154 30125 5
5894 18062 8
8077 14954 0
12256 14176 2
23414 31489 2
22428 27133 2
8908 27380 6
10353 30329 0
15011 31363 13
6609 20866 9
26381 26697 4
8924 26868 10
17453 22314 0
3795 28253 10
7145 18333 11
5234 16046 1
4401 7018 4
8856 29831 13
5689 11879 1
5029 29668 1
22031 23534 0
5394 8571 2
8794 24597 10
17179 17949 7
4223 27022 1
5848 32656 11
18647 22893 13
27967 30874 2
16480 30842 8
17055 19583 7
2515 29976 8
22203 25059 14
9015 17592 12
1259 29106 5
14850 28336 2
7421 27959 7
4907 4913 3
9489 23362 6
4271 13497 11
14235 31019 11
18463 20623 5
1769 5701 9
9423 19340 5
18931 26130 10
20220 31224 14
11140 12312 11
19649 19863 14
14107 25092 6
13500 20993 0
7827 10489 12
29307 30515 13
3238 24089 3
7791 10405 2
24318 27501 12
16121 23346 6
2779 26172 11
7398 26531 10
15172 20450 12
23916 32687 12
13886 28564 12
11831 28914 8
3364 16649 1
22569 24870 5
10132 26763 2
973 14518 1
891 20978 6
11539 15872 9
18635 23522 0
19629 23289 9
18130 31106 11
23827 26403 7
1134 8507 2
15315 30025 10
9894 17706 7
11448 24398 0
11269 22203 4
13468 23132 7
4766 16305 5
11977 12423 11
23696 23699 12
24039 24286 7
12564 15019 13
4442 32521 4
17393 28556 9
26121 30088 13
11953 24285 8
11593 22979 7
12067 31450 0
14163 23191 7
21713 30169 4
10158 30955 3
1195 32166 2
12344 15271 13
7474 13903 11
5816 31010 1
16206 28761 1
18801 29069 6
7777 14241 0
15773 32638 2
15889 21660 13
7391 22902 6
9290 14672 1
3546 6224 8
5178 17752 6
13312 26225 11
21667 24211 11
16838 31888 12
1718 22861 8
14856 20313 10
20001 28454 14
5428 14649 9
5662 30990 5
234 27080 7
5848 18655 4
22189 32271 3
900 14907 1
7356 28343 11
26846 29465 10
7431 18444 2
4853 31987 5
3233 12688 6
20631 24669 6
6557 28448 0
10613 11745 1
21168 26699 14
1706 29811 5
12043 28543 12
35 29457 0
9762 22846 9
5220 16377 8
5536 9512 7
3465 8874 5
17119 27532 4
13946 32172 5
14606 20022 5
13809 29327 4
13892 14952 2
23846 29246 5
11542 30264 11
2083 7079 11
4418 17134 10
4216 26637 11
10969 22744 10
8359 22166 4
1991 9407 3
6961 25669 2
6543 14638 5
5473 20520 4
11400 17972 3
9204 28083 4
49 20495 5
15949 16525 4
2138 7428 3
17542 21887 13
3150 9529 3
1280 31711 9
19243 23891 3
19828 21386 9
3200 29921 0
3293 10731 3
19423 22983 4
14213 29947 7
8448 24348 5
5194 17653 4
13551 14071 6
17154 23798 0
13013 20655 1
1288 26989 10
8631 11796 13
19170 20853 1
9890 12360 7
16973 26570 5
7965 27720 4
27233 30119 3
356 6582 2
3629 16166 5
16835 23677 0
928 9051 4
10972 31623 3
17233 17286 10
11774 32621 9
8361 27123 12
7114 18632 7
5538 15664 19351
28082 30145 11
3727 21324 6
15491 31348 1
8777 14503 3
2776 17806 8
3539 4945 6
6074 15523 1
22194 32687 12
23850 27818 13
22978 24741 12
17425 25860 4
7252 19837 9
25385 26527 9
12519 19498 2
18109 28717 4
17108 17564 8
1632 19826 5
12742 17482 11
30760 32005 0
1974 18228 0
19941 32027 6
24351 28851 8
3020 9438 7
28848 31936 14
26892 29396 7
21547 24090 8
7607 19961 4
9656 22517 12
22548 32619 13
17627 24060 11
21823 26829 8
9268 17307 2
214 5014 2
1480 24239 5
20857 25492 10
4943 11832 5
22866 30050 9
6156 16262 11
15149 30803 4
4976 6800 11
14977 19813 0
3321 19740 4
25397 28287 3
20034 28583 9
12659 13724 12
21033 21831 10
3384 12351 5
1708 18628 1
18013 21090 0
7124 7355 8
9057 30389 0
10457 17772 2
14662 30140 2
20550 21404 3
11036 13636 11
22882 23088 12
6004 27122 11
7810 24276 2
959 15075 8
2395 7340 9
5762 30328 12
16044 30637 10
9836 21054 13
7056 32323 12
10308 11271 6
14511 17706 12
22044 29101 13739
9874 27154 10
22223 26777 7
11683 29345 5
6640 8409 5
8822 30511 4
5241 26470 1
1013 25491 2
2150 3476 2
22595 22852 11
3031 20711 4
588 30920 3
5664 7433 0
17726 23866 11
19157 28604 14
4875 11466 11
7662 17334 1
27370 31034 7
2089 19263 4
18390 28770 8
8612 9367 6
7949 23725 12
20917 22813 0
28307 30106 14
20212 27719 2
60 23469 1
11954 15145 0
16314 24934 4
14675 30493 8
3854 13776 8
22027 26886 14
13132 22197 1
15468 20158 8
14481 27572 10
21462 27309 6
9752 12581 4
4986 29374 9
14438 15594 10
7271 9559 3
20379 28455 10
15302 22047 3
131 8232 0
23635 27518 0
23867 30403 12
21365 24716 0
576 23109 2
3290 18544 9
8554 18037 8
2053 24533 4
16945 19032 4
26212 28114 13
6405 20431 11
6501 25815 7
2599 6082 0
463 29269 7
22605 27260 10
3107 29013 0
7257 24310 11
12795 22566 13
2084 14089 8
14323 18792 2
23769 26644 13
29739 31889 5
8326 17514 9
9417 30313 11
4302 18336 3
4494 22133 4
1298 21353 5
22256 23259 11
9823 30371 10
9814 20269 4
16857 31209 12
11991 12959 10
4438 22015 7
3305 14178 10
7708 28690 10
9416 14135 9
4044 18891 10
15979 18045 7
15293 20723 0
6732 11880 2
5441 11827 0
2814 17003 7
8069 29232 6
15456 26628 11
3455 29854 1
4546 26522 1
3964 26032 0
17529 23780 13
28596 28809 4
2653 32625 10
8940 18837 2
15137 19531 8
1375 28836 3
6313 27812 7
6215 21085 4
7629 30227 9
1109 1224 9
3900 18605 2
1944 30825 0
818 22100 6
13912 13921 9
5837 7265 12
3296 11687 2
2493 5873 0
27576 30157 6
1943 26259 1
16594 17619 11
5053 13158 8
4049 26079 7
4490 21474 10
11173 24227 1
9356 31657 5
11803 14028 8
3267 20031 10
14587 21986 3
8223 13459 1
11793 19013 2
27372 27534 8
8380 13977 11
928 16199 9
3147 23140 1
8664 25353 9
8970 25104 4
8285 15942 12
16738 29372 4
10615 28494 9
6864 23629 8
11626 25546 1
9855 27603 6
5247 5558 11
5284 5416 7
933 5570 9
3594 12908 3
14714 23877 2
1170 4737 2
4796 22735 9
6029 21422 8
11025 13919 1
12517 25980 1
14850 22379 3
8316 27730 3
14390 23201 13
293 15231 0
14743 20677 2
22205 30241 11
15329 23841 4
3612 11823 3
11263 32550 12
6165 18562 0
11851 31027 0
4976 12754 4
9870 22409 0
1056 26249 4
13549 25196 1
6033 19816 10
17625 24103 11
8930 14430 6
5282 12929 12
6780 19425 8
3694 8383 2
2034 18457 4
9193 22270 4
19596 25936 4
15499 20706 6
4026 25728 6
3222 12191 1
5322 6298 5
3598 20480 6
8161 16534 4
831 14044 4
16469 23567 4
6610 15627 7
14161 17314 4
17593 25711 6
2691 30021 2
18679 23089 6
22824 32307 14
15695 26135 7
6707 23500 12
19621 30490 12
16621 22000 1
9392 25527 9
18382 21289 13
9295 19103 8
24310 26929 7
10015 13849 10
5488 21168 4
12203 16600 3
2953 15327 8
5184 6182 8
14223 23764 13
2847 32430 2
15139 25385 13
1299 24812 0
338 29410 7
8589 12301 3
5789 19814 12
3777 12498 10
7613 15295 9
7035 30909 0
15080 25169 10
15349 22585 9
12938 16674 4
1266 11905 7
717 6481 2
18485 31785 8
3329 8880 8
14115 20345 5
24834 32604 5
1163 4519 1
19410 19495 7
16515 31227 5
3790 26715 4
15664 22535 10
18389 27805 11
20194 25224 6
3501 19840 5
1759 27550 5
11691 15584 10
9285 16104 5
7769 13884 12
7683 18060 1
11605 12250 4
5501 10134 7
1794 21009 8
13704 20981 12
1268 18396 0
4901 28360 0
4803 22799 3
19908 28433 11
14168 16386 3
14067 29460 12
11518 20611 1
8011 27738 8
1355 29423 1
100 17099 2
24773 27529 14
5511 27379 5
3589 6747 3
2925 17735 5
4954 12431 10
17299 18896 11
2113 30200 8
12698 31178 1
4547 19385 12
27830 32055 26707
7557 20526 9
2875 22098 10
15532 17163 7
13417 16062 12
5625 12867 4
13789 24862 9
633 23632 4
4153 31590 12
1730 5632 1
8073 17782 3
24252 32164 14
3006 28580 10
10612 28223 4339
20027 27690 12
8945 17590 8
7262 13217 9
27549 30561 9
1754 13473 3
4584 19303 7
17015 31244 6
10045 24274 9
9396 32093 2
1099 25403 3
31510 32359 6
22148 28497 9
15 7524 0
24352 32472 8
11368 30866 6
6936 27046 12
18923 26757 4
16812 25640 10
9289 32320 7
20443 21214 13
18534 21230 7
13813 23508 3
13186 18358 6
26619 30008 7
16012 26981 12
1989 14910 0
22728 25804 10
3655 8403 2
592 6977 8
4366 29475 0
4128 19852 8
16592 28684 4
11547 27112 12
4393 8793 2
10838 27319 13
13277 17546 12
7113 18638 4
8975 30100 10
5899 11195 5
8118 22899 12
3441 24232 2
7214 11669 5
5777 13524 3
1580 24037 8
8030 27002 1
11439 24030 11
2028 28939 6
3673 31025 5
13172 14381 4
15017 29066 9
5609 17698 9
15782 29152 5
14008 17419 5
10713 17286 2
3015 6888 1
15590 18571 10
755 12056 5
10125 12982 0
13503 25008 6
6249 22479 3
2083 31398 2
2882 8520 9
25843 25961 13
7434 22337 6
18426 27598 14
1018 10090 7
3102 7140 7
18294 19488 13
5738 10990 8
6410 29299 7
17689 30039 4
5011 6647 7
4269 11419 6
7581 12648 8
10086 27342 1
9980 14357 1
21386 23385 13
17927 24481 11
17274 25056 9
27651 30362 4
6198 23234 1
174 19433 3
15325 29590 2
1163 27534 2
10280 29615 8
12129 16156 3
7322 29937 11
7866 32314 5
9273 11540 6
5221 28452 8
5362 7487 11
17652 30504 1
239 12216 0
13887 31530 10
8575 15347 4
4128 11743 9
11974 32237 8
12212 31639 8
12946 29260 13
1068 3168 1
7995 20100 11
4628 32713 2
18160 30863 2
8085 24475 6
15722 29746 9
22980 31114 12
6036 21076 6
17142 20450 8
1426 9730 2
5666 29993 5
21943 28781 5
13279 15894 7
8754 16964 11
1348 23996 3
19569 28496 10
5343 11154 5
7871 31699 3
11675 17284 10
27290 27956 13
6007 26694 2
15046 26350 4
19141 20239 5
20557 23692 1
29250 31876 9
5811 11383 11
4809 23557 11
15501 30306 8
27668 32231 2
19013 21374 11
6961 29703 8
4114 6028 10
3912 15360 5
6070 28183 0
5106 29649 12
12319 15831 1
655 18317 1
3808 22070 8
16883 28841 5
7528 20762 9
25625 30541 13
10643 29015 8
1043 4959 8
7571 22976 1
769 3730 9
24756 31590 10
7124 12189 2
15127 24798 1
11484 20404 11
16676 20942 0
1880 18929 3
14054 24208 9
12573 22704 6
23168 25793 7
5295 25719 5
8831 32743 4
27066 31357 10
25315 29553 2
18067 31268 9
5650 20671 6
741 20823 1
10276 31446 6
15971 29897 12
22176 30118 7
16624 24282 12
1629 7971 0
2573 16162 9
3082 21959 11
5351 21863 0
12047 17575 7
2266 16407 5
15866 32265 3
84 5221 3
12122 27021 11
15558 26969 13
406 21330 0
13824 26486 0
10256 19923 1
1268 23795 1
2283 25380 10
10739 22146 8
13730 27479 10
3238 24145 6
13061 13184 2
8566 30124 6
5160 12748 3
15394 16732 1
20683 24078 6
13658 17171 10
16680 17660 1
16363 17213 0
12943 25226 2
9874 12848 8
7863 14752 1
6749 22728 6
14394 30360 5
1300 25853 9
2984 23857 8
1637 11196 3
21385 25482 4
4907 10396 0
12677 18423 8
4622 24638 3
9783 18482 7
15609 24025 13
21002 28544 8
10768 26946 2
31657 32570 11
7900 21188 12
2649 17274 0
8006 25373 11
2764 15683 8
3150 7121 11
5464 19276 2
17544 21925 12
4711 21651 0
5273 28452 5
5840 15100 3
2845 30654 9
7363 20848 6
10310 24355 1
10711 17602 9
19 4620 1
23535 32216 1
10525 10866 1
10551 12450 2
3382 7662 9
1123 26338 4
3064 31271 10
3635 23974 10
927 6906 6
4964 30295 7
2775 4014 5
920 3792 0
12430 23070 4
18418 22980 7
19063 32570 10
19302 25965 14
21384 26501 10
154 1194 0
3989 23163 2
1625 31119 6
80 2198 2
22842 29370 11
1737 18631 1
29732 31187 9
19451 28396 6
1434 11578 6
1050 10117 4
13198 19262 11
6557 19362 2
3694 28164 3
28949 31766 13
21557 22400 12
1782 17062 5
9964 10735 8
17438 23684 10
2526 14755 5
4477 9644 7
2312 5270 9
21102 32132 6
2913 16157 0
4299 22988 4
30321 32599 0
7197 18029 10
3058 20104 5
2172 26007 8
5433 23727 3
6425 25662 9
3440 30034 7
13238 17814 5
17384 19492 4
2203 23083 8
16497 26547 4
9867 10979 10
8459 29365 8
8554 12637 2
8745 17094 0
1708 8829 5
9978 16155 10
10447 16887 6
12804 14060 3
14586 18351 1
978 29125 4
4227 30000 2
25941 29730 12
7413 26792 8
11650 26835 4
2354 4809 8
16893 28499 7
1800 27692 6
28293 29528 11
16338 25529 9
18108 23053 0
7488 21723 2
356 5592 5
8169 20460 12
2821 25261 5
31530 32087 11
15090 16398 4
13613 23700 10
2598 18736 7
2413 8356 10
18503 28402 1
20638 26404 12
7107 18115 10
6189 8144 10
15549 32437 9
6159 30132 12
6706 18267 0
1689 14934 6
11219 28905 3
8241 32002 0
15412 28680 1
18758 26579 1
4141 25974 10
14221 30068 3
10685 27170 5
292 8450 8
22961 27780 3
943 7658 3
2817 13380 5
4241 10933 9
7900 13606 0
5204 18584 8
12869 22646 3
7719 29438 0
905 1676 6
12627 27921 6
10961 15678 5
15173 19118 5
24207 31344 11
7084 18246 0
2823 13194 4
16463 26893 9
14282 24322 3
21 17646 3
2240 16973 2
13853 25204 6
722 23608 5
3494 20191 10
10776 21946 5
121 24004 4
9669 19715 7
11806 28873 4
26768 31773 9
6758 14377 8
17686 21375 9
17204 31714 0
8784 21661 11
6761 24780 1
5498 26370 0
15766 20457 2
631 1768 3
11079 16406 2
1035 3074 7
8690 13855 6
16378 25688 10
18352 23557 2
28616 31374 14
21911 29860 8
5462 20541 12
643 28649 4
12677 30303 9
9352 10338 7
25815 31642 1
9400 11895 9
20590 31319 8
2331 23920 9
8106 24080 7
7095 13171 10
9108 30452 6
10188 29506 10
7286 16198 4
7723 16100 7
1387 32464 8
1469 17955 7
4742 7102 5
1294 15356 7
9697 21643 11
1400 4728 8
2013 5828 5
28243 32375 10
2637 19163 10
16613 31429 13
3336 7832 1
10136 14306 8
2067 10730 10
13904 15021 12
10163 25052 9
8789 25462 8
9180 12319 3
9181 11130 3
3497 29844 6
14036 25366 10
7635 26074 9
21684 22258 1
161 21592 1
9129 24541 8
1093 27359 7
2356 28453 11
6413 32129 9
22008 25043 10
16073 19235 2
12423 29909 4
6990 30207 0
16281 22992 2
8436 19488 1
12558 20241 0
17689 24552 6
1356 21312 10
18076 28813 2
17207 20568 5
1123 8856 1
23446 30541 13
2149 25557 10
6045 28797 5
18272 31398 6
6790 22808 9
5365 16608 5
12421 21289 2
2540 19591 5
889 4078 1
11920 13431 1
16570 18688 11
26498 29323 11
24268 31139 2
3451 31459 8
26758 29348 8
2147 12227 9
959 4772 3
14622 26316 1
3425 18700 2
5190 7490 10
2875 9014 9
6103 12639 6
2044 20341 3
20638 27620 21369
8881 19606 12
21281 30257 4
17597 21224 9
8748 17080 8
9753 20219 9
8112 19229 5
6175 30166 3
16865 27161 12
14999 20205 2
4938 19048 2
787 19391 8
2209 24562 5
7475 26260 11
738 5295 8
5804 21882 4
10792 31956 9
14777 28368 7
21785 24159 2
26455 28171 13
14652 20424 9
11531 23791 7
26489 27260 7
21552 25411 1
9758 32730 0
8798 17768 9
3052 27945 1
26832 29687 8
5297 22007 8
5489 31148 7
6334 23465 3
13120 23052 2
4855 26216 3
2768 12253 4
19568 26759 4
4808 23464 11
11508 23801 1
12387 16958 12
5689 6941 8
6960 18417 1
24391 27225 4
7509 20310 2
23804 26773 2
1157 26441 4
189 14984 7
2536 25101 0
8690 28995 3
2775 31629 1
13457 25242 5
2299 6198 10
3516 21396 2
7424 29008 2
14459 29349 12
6099 29367 1
7893 23964 8
19290 20776 1
978 13983 2
1525 19899 10
14594 23972 6
8305 18165 10
10584 13461 10
16041 30503 10
11134 31743 10
18593 23116 6
1706 23863 7
9259 13164 4
25078 27148 10
27952 29522 5
4254 8063 4
13866 30475 11
994 8932 4
6313 22123 6
10186 29730 3
5584 17031 1
6011 10330 11
18133 29756 4
605 21441 1
10919 23940 7
5295 20494 10
14763 29884 11
6952 10201 4
10351 12528 0
17015 17942 9
12455 24541 1
5019 18631 0
19709 26916 0
3916 5256 0
10784 15415 10
17936 19328 10
6100 7756 11
17910 20135 11
4189 16879 1
1336 8736 5
12510 19882 1
14871 17506 0
6686 23093 6
15524 23398 5
196 8517 4
19582 24052 3
9188 9718 10
5053 24500 10
14176 18799 6
8451 17944 3
14846 21454 10
6826 9268 7
13831 29314 11
29624 29895 13
7169 31897 2
766 21023 9
18799 27383 10
16184 26868 7
4872 11561 12
20459 30353 9
5607 5932 8
23884 26598 0
16548 30555 11
21288 26018 13
27391 32192 6
11912 13716 9
11887 17028 5
8239 10022 0
4778 22635 3
12001 24601 9
8011 23086 3
4249 21074 5
18231 32272 11
11912 26322 0
25543 31161 9
3738 9022 0
12953 17254 10
4639 23082 11
3864 30559 8
3128 25525 7
19775 31792 6
3804 32635 4
7514 32240 2
2454 17631 5
4092 10566 5
9951 13488 3
2654 22027 2
7118 14452 10
7272 12352 2
8559 22547 8
10353 28495 10
17628 30914 4
7986 22811 1
18489 27394 7
5996 18772 9
26914 29494 10
5887 26466 4
27640 27986 0
12751 26244 5
14075 16581 1
20541 32339 9
613 8025 9
2691 11880 2
15012 29182 8
11724 14399 2
5455 29395 3
258 14705 4
773 19016 1
19372 25553 13
4269 7385 5
30659 31383 8
2088 14693 0
679 24686 8
4140 10316 6
13951 15631 2
498 25793 1
12499 13742 1
21824 24517 10
10124 18161 12
7714 20841 10
981 10522 5
10418 19466 5
1783 2591 8
22636 27641 4
2689 3212 4
363 27968 8
1004 25306 7
7043 18313 10
10318 10940 3
8630 32169 12
20569 26657 5
16989 31859 1
23044 25230 14
10881 15973 2
5899 21912 12
14416 26671 4
19306 29034 1
473 28919 8
11077 15334 13
14446 19960 5
19588 24059 6
13180 22188 4
12048 14963 4
16079 17798 1
2089 8599 0
1398 31753 4
13739 15597 0
14151 27728 9
14621 21288 1
16233 20856 9
16565 24099 12
24074 25842 8
13119 32253 5
1795 11995 3
155 1943 7
14147 16271 6
8985 16954 10
13919 23841 4
11172 31342 9
2185 24669 8
19189 30659 1
4493 16589 2
5132 6492 3
21998 25241 5
13695 23451 9
4407 28479 7
7702 21130 5
1268 21903 6
15251 27154 2
4852 24176 1
7795 8503 9
782 30233 8
18305 31624 2
10649 29849 11
8365 10054 9
7666 13904 6
1377 29713 7
249 1140 2
9972 19828 9
19853 21396 6
11336 23111 12
11768 23851 8
5462 14372 2
8747 18536 9
15527 30953 12
27268 28256 5
26459 29113 14
6331 22571 11
3109 13050 5
3480 12324 3
14040 17356 10
9630 25672 4
2476 8129 6
13116 23294 13
1767 19507 6
9593 23403 10
19813 23234 5
8326 25573 0
19851 21337 8
15089 15291 9
10425 21442 9
17098 23828 4
12969 27974 12
21542 28007 12
7878 13905 11
1539 32670 8
27237 32579 5
205 19592 2
17427 27158 7
1237 23403 2
1317 20442 4
219 31350 4
4143 8497 12
6279 10053 2
5843 16269 8
5253 28106 5
12811 25566 5
4299 26886 12
3384 21123 5753
607 19520 1
1060 31821 5223
11380 23785 5
17196 32081 9
2380 22720 1
27208 30944 6
3067 25349 8
13036 21160 12
22763 23292 14
5070 18924 18681
17006 20056 14
10757 12137 1
13351 23765 6
19164 21115 12
12229 27257 6
648 24945 7
9698 21944 13
7253 8280 8
6585 17084 8
621 10294 7
4450 31276 10
18504 23455 11
13039 31499 4
3805 24958 9
25868 26907 5
10711 16096 10
23419 28511 8
5934 32351 3
18202 24344 4
2267 9580 2
5218 8258 9
13303 17458 12
17870 26160 0
9394 24727 1
1042 3668 3
10600 10803 11
4081 32103 11
8536 10896 9
14887 22150 9
8730 32441 11
8312 19736 3
10915 25393 2
24729 24814 2
10382 19888 6
6807 10971 11
12350 13308 13
2179 29697 9
6160 20410 8
4490 12738 12
2604 19355 11
23795 25021 14
28039 31070 3
12605 31151 0
1204 12791 5
15616 19865 5
17920 23677 7
13907 32591 12
12377 22586 10
4104 14406 10
26725 32411 8
11236 18007 6
10443 12770 2
20167 22166 0
8211 24137 0
13871 28373 7
4691 5972 10
3031 26876 3
7282 29582 4
13275 29679 1
3825 12478 5
8865 27806 5
8808 24176 9
8173 10737 2
11058 26946 2
19622 26120 4
8436 12896 4
6094 6207 9
14089 30233 7
6478 18786 10
2592 32065 1
4677 8799 3
12877 18972 12
4110 14403 7
8500 22840 1
25526 25532 2
2385 14628 7
11167 26240 3
2746 15531 1
4741 15167 8
11932 15961 9
8239 13306 0
19007 23674 7
9448 23937 13
10482 20006 9
6564 20056 3
8408 11645 7
25690 29013 13
25432 26163 11
3379 16244 0
9742 11164 12
24292 28287 9
7529 32020 6
67 1653 5
4019 29168 0
859 24952 0
6569 13296 6
15291 17537 10
25911 26488 12
5550 22304 8
9011 12509 5
5158 21660 11
15386 25250 4
8514 19041 9
11737 24246 5
16044 22187 3
5438 11259 0
935 31093 4
13176 28621 8
12224 12490 13
20351 27540 6
2780 10160 0
936 28214 0
5243 30190 3
17771 27468 6
29734 32407 8
10111 14347 5
18314 20727 4
975 16455 3
25266 30542 0
7590 9039 3
4906 8887 10
6406 23444 6
12358 27099 6
656 13759 0
17268 20385 1
6300 26265 12
26027 29891 3
1497 3947 4
19463 31272 10
18263 30458 6
315 5756 7
19786 26555 7
11019 32687 14544
11074 24221 2
2231 31631 2
2260 22889 8
23086 26518 9
7078 31655 0
768 25838 9
19752 26611 6
4953 32386 6
2173 20747 2
8148 24614 7
31101 31184 1
3017 31558 10
27587 30010 10
7067 17309 1
10541 18132 11
2210 19017 4
2142 13117 10
9016 10943 29833
2877 24744 7
23432 28920 8
3445 18268 151
20464 23061 7
755 29237 9
26663 26675 12
3873 18027 1
7715 10380 1
20388 30674 8
236 8092 5
6484 27365 4
3126 16526 0
1630 9633 4
4093 13466 8
13823 28361 4
10219 29350 12
27748 27915 4
29897 29902 14
1642 21052 9
20512 21445 5
8288 13206 12
18119 31563 10
3359 29091 5
9456 11549 2
23066 29479 1
6711 19428 4
15846 21922 2
9868 15693 8
15910 18008 5
3042 10075 7
799 3528 6
6122 13738 0
12350 30237 13
17120 27046 7
783 19262 9
19134 20049 11
11952 32342 3
8319 14854 7
7013 17731 22205
7194 10620 10
1689 14741 3
17513 26334 7
11566 19769 23195
16154 26845 11
13457 24686 1
23903 29948 10
21721 30366 11
2317 16756 3
25001 27776 6
12370 30845 2
10123 14778 9
25866 26616 1
25782 30498 12
15258 20886 9
5362 29135 0
24838 25537 7
27706 28545 5
1739 15554 6
13034 29038 9
2870 4457 9
8054 22924 4584
24352 30291 8
14984 25968 7
13001 16910 7
9233 10310 8
29408 32529 4
7711 7921 0
1093 32506 7
758 14581 0
7768 12093 4
3331 28553 3
12884 16590 9
5408 17995 8
128 492 3
10230 21733 13
7793 9952 12
24201 28028 3
3080 25597 1
28 22991 0
14890 30190 2
822 6449 1
19492 20298 12
15393 20746 4
12695 19886 3
3411 7020 2
59 3833 2
20765 31850 11
30226 32277 10
945 30475 1
19685 28288 5
3483 25044 1
20020 22360 4
11464 31938 0
25075 29598 6
3125 14491 5
26070 31211 11
20001 27576 9
19914 27386 4
4748 27276 8
9861 24080 5
13329 18885 9899
5054 12750 12
14431 19670 5
3610 23868 4
8378 21620 10
7984 8904 0
1308 25209 0
7922 8670 7
16263 28042 8
1825 12916 8
5443 5859 2
1037 25415 0
1312 6925 5
25392 31299 14
21733 25457 3
8868 13322 2
16237 22336 5
28984 29413 0
12811 32008 8
9756 22032 9
9625 24746 12
13473 13570 6
24854 28598 5
19378 20204 5
2574 26635 1
25042 28097 10
1878 21528 2
1857 8975 0
2675 16494 9
1999 5420 2
12305 14933 1
23422 23955 3
425 19741 6
11192 12976 1198
6489 15691 11
3792 15198 6
10215 16785 11
2681 31600 11
10218 28330 0
23061 23649 8
11157 26767 10
6215 12996 2
16403 24084 6
4381 31514 4
16971 29484 9
7727 27822 6
1309 14762 6
11549 16928 0
3333 29853 5
3726 6495 8
16341 18320 12
797 30140 4
2532 20587 5
3153 24054 1
16694 25401 0
1425 4678 5
15197 29522 1
4287 20157 2
3863 12474 11
5136 23669 5
3320 20087 1
23416 24353 10
382 24444 0
19760 28547 14
13247 22270 10
1786 11568 4
495 19178 7
14610 29339 5
9848 28112 12
11354 15846 7
28322 30520 1
18620 31110 3
25256 31380 3
20205 29050 11
353 2700 3
21337 26469 12
21909 25268 8
21863 27207 14
13235 18636 5
8687 17156 10
2073 15746 7
13413 16957 12
693 12233 4
16151 18196 9
7414 13803 5
9837 13029 10
21554 29221 14
21779 25634 4
2741 12437 1
147 8377 0
3891 16072 8
1033 19032 9
452 17855 8
1472 10204 3
4309 11264 12
1504 9627 8
12648 23634 3
11670 13629 13
17443 32690 9
19969 24017 9
1142 19751 0
7208 28373 2
3843 8804 10
10799 22020 2
1942 23748 8
17594 28911 7
21196 32430 0
15555 21034 2
3142 30809 9
12664 26221 13
6872 12965 2
22103 32118 11
17066 31729 6
30200 30277 14
119 3045 5
1034 15385 6
4170 15280 4
7532 13654 8
9851 27660 0
15897 23713 2
12758 16918 11
17343 27969 13
9836 15230 4
3017 21529 9
28250 31939 12
11692 25690 0
26644 29153 9
3775 4778 4
3425 9820 1
2443 31959 5
12787 26018 13
9984 16284 10
32217 32671 1
15337 18487 12
22989 31596 0
5649 30265 9
8597 25578 3
714 17415 1
9300 9849 7
16218 25959 14203
5436 24897 3
20927 24002 10
14796 21492 7
22808 32439 8
20152 31209 12
4120 5286 0
4822 24106 3
18123 31733 9
11570 29799 13
1932 27404 2
2617 23235 2
24845 30552 6
2323 11136 6
11219 32457 3
9922 12510 1
23379 26038 8
17412 24121 8
2277 31472 2
799 4413 5
2017 12956 3
22766 32728 7
1240 13821 2
1724 7520 10
30761 32741 3
2016 27642 6
29716 32150 3
21585 22784 8
7004 26413 5
16920 23185 9
8545 28286 4
3053 18424 11
19230 19742 12
7812 19291 12
18783 22821 2
12201 27040 8
15685 20400 1
361 15939 3
1889 13510 6
3026 12440 2
20698 22826 14
4940 7281 10
23366 31119 10
10080 29270 0
10960 25446 6
4339 18509 8
2803 7977 8
10470 25142 7
977 2566 7
7009 11650 0
18796 21920 4
5711 12730 7
15155 22405 9
2013 20727 0
2431 4785 3
22635 27903 6
218 31562 3
12267 24791 8
7644 20925 6
5787 32531 7
14187 18305 8
16720 17545 2
3784 7691 4
4026 14602 7
11597 22543 1
3601 11448 7
3489 32588 2
1647 17834 2
6755 29920 4
9035 23667 3
5632 14452 3
3375 15723 11
11448 25910 1
7020 14075 10
664 4831 4
1223 2033 5
640 21931 2
389 15471 6
4897 14434 6
10950 11672 4
2610 22552 5
19261 28626 10
8511 24168 1
329 20401 7
21122 29590 12
1918 2155 4
383 17650 4
8810 13586 8
13437 23140 9
16830 28273 5
1722 4916 3
7328 19890 9
15463 24846 0
11152 29055 8
15932 31600 0
14288 19865 7
13813 21037 3
19281 31206 5
9605 25910 10
14864 18462 8
2255 29159 11
4048 21765 11
4576 26055 5
31137 32240 14
14734 23791 11
10611 15397 11
26499 26876 3
13802 25620 7
10346 10718 0
18105 30707 10
13429 30299 9
18674 21107 11
1495 21644 1
9612 12085 6
16991 32586 1
12038 23597 2
8842 19988 8
3714 19330 11
22231 32448 1
1367 12543 7
3277 16247 4
1882 9928 4
8754 27255 8
4654 29966 5
7248 24021 0
19161 29554 0
25021 28847 3
4671 21396 5
3863 11639 2
11269 14632 5
18916 28172 13
6355 32438 4
9820 17651 12
5586 13601 4
22044 32165 2
3289 4724 7
8542 12885 1
4251 13492 10
11750 29703 9
15180 25151 5
18061 20990 11
3457 10730 3
26275 32096 7
1269 11069 7
9973 27438 3
1679 27498 8
8772 24268 1
8632 12537 9
21835 22783 13
6946 30722 6
29211 29577 7
6968 8893 5
21635 31689 5
7133 19135 4
2439 23107 7
7815 10725 0
18726 26580 1
23650 26924 11
11083 26567 5
21079 29613 12
23535 25265 7
2107 28268 2
2784 9643 5
13300 13367 2
1085 30929 1
18118 18258 8
6397 26051 5
17387 23012 8
3623 22376 7
8893 10958 3
4645 5020 8
8728 20806 9
1769 16394 10
15641 18200 3
5623 32037 12
1828 27554 10
3580 6028 10
4572 23771 1
10374 12632 11
2479 31175 7
1623 5317 7
16715 22016 10
16788 20738 3
419 18615 2
17289 29555 3
21998 24494 10
6381 8805 2
17597 17701 7
10508 13546 10
15951 20615 12
19128 19686 13
535 32739 1
20372 23237 3
2845 19084 11
11776 25227 1
23921 29345 1
20071 32139 12
13902 21491 12
13370 24683 9
8689 11558 9
10729 15912 6
7357 15760 6
11227 19488 11
811 29772 6
4990 26116 1
4676 28344 9
7618 13913 3
1783 14377 4
412 12023 0
13451 29296 12
5764 20877 9
2355 28749 6
2808 18460 6
2045 14971 7
10999 19831 12
22451 24530 6
13959 26057 2
1084 29413 2
18479 26383 26704
20685 22224 0
19326 20890 10
11065 19179 12
898 30862 0
11137 18997 0
8529 31334 4
4633 19478 2
2414 27268 6
17396 26443 3
1095 28599 7
9898 29895 3
21258 24166 14
15515 21130 7
7843 22678 0
20268 30826 11
2417 11050 3
15337 18924 6
5708 13803 12
15213 20065 8
18744 31175 10
4170 24822 10
3877 16416 6
4430 25975 8
3042 15306 2041
8699 28373 6
4174 25060 2
14194 14649 3
6521 6580 8
12012 12939 10
17613 22398 1
7047 27557 12
2439 21003 6
9920 22239 4
4407 31016 6
8793 13600 8
24643 31781 2
9381 22676 8
20069 24663 6
28900 31577 13
10134 20264 3
9091 12848 1
1727 2671 1
2281 5309 4
11316 17647 13
15895 31714 12
5719 6320 10
8593 20436 6
31250 32143 7
751 30603 4
8639 14675 8
12307 19090 1
4675 27016 5
925 24968 6
13173 27175 8
885 13984 2
2435 2856 0
3909 5665 3
17289 20717 5
7933 24295 6
26376 30666 6
4429 4832 8
638 20590 7
2606 14224 6
8320 15307 1
1677 24922 7
23563 26049 0
8399 28164 9
7841 13829 11
4944 24882 9
15761 16853 5
25316 30955 0
961 12592 6
18261 25623 0
517 15745 4
10288 17586 11
10678 17924 10
12742 31182 9
15108 28791 7
13563 32446 12
660 23162 5
21343 24071 11
7039 9874 12
20916 24014 4
12747 26800 1
30958 32227 8
15522 31480 0
4837 14854 8
28320 31857 8
14244 23455 13
23015 31736 9
842 17112 1
12088 26660 390
2264 21202 4
4315 19287 9
6273 27221 12
7566 12252 8
18487 31294 11
7720 16697 7
4174 26596 5
11221 21750 9
20956 26037 2
14826 28621 2
15408 19641 3
24965 26885 3
3427 31496 9
15868 23815 13
9220 16672 12
5030 13713 10
4013 12359 0
13993 20971 6
12469 14814 6
11950 21042 1
14135 20319 13
2059 5421 10
8594 25300 1
2657 12466 10
14171 19175 7
2215 12438 2
425 2462 0
5804 20529 0
22660 24034 6
881 20222 1
12320 30023 4
10752 20172 5
8076 17506 5
25062 29242 5
17879 24732 1
6075 13109 8
11147 15806 3
5533 27005 9
13506 15063 5
2340 29617 2
18594 22979 13
5181 13679 0
726 19633 8
4646 16738 11
3674 14935 0
3447 12847 9
28894 29069 14
14789 24534 2
2485 18788 10
12044 13128 12
373 28799 1
5815 26721 3
7573 14456 11
200 1981 3
4080 17758 1
11148 19971 7
905 24560 1
20099 28675 9
8073 12704 12
2612 6618 6
8205 19137 4
19662 22871 5
2099 28543 8
19714 21024 6
14734 24424 1
26525 28437 12
11392 23574 3
9574 19316 2
14626 32576 11
21742 26635 8
26269 27240 13
9515 16282 1
6022 31098 9
8738 22823 7
15472 20285 13
29973 30424 8
21562 29698 12
1363 17436 7
19319 30018 1
8274 23698 10
20255 29158 8
23264 31194 13
15102 27357 7
6574 23049 4
6823 24867 1
20392 20559 13
4916 27401 12
11955 17215 4
11477 18851 0
9449 16013 6
9638 21739 0
2313 13725 1
11298 24666 13
28586 32087 7
2919 3483 5
4506 5317 2
1112 21102 9
5122 27625 5
16147 17965 11
2783 20557 3
3171 32607 0
17363 28972 9
3957 26883 1
4874 16784 7
4231 20186 11
26761 29186 14
7531 31724 7
15441 29543 9
26883 31242 10
7617 13981 7
24799 31535 4
15323 21304 8
4983 21056 7
9301 22385 12
10063 15096 9
11411 20008 7
6295 15158 6
2508 30148 7
1568 21779 9
24176 25036 14
18034 20681 7
19139 31048 10
9728 15743 10
3448 17707 5
3103 27473 7
2714 14442 4
6017 19928 7
21101 22549 7
669 30398 4
4790 22804 12
204 30628 1
11199 31268 1
2434 13799 3
9939 23639 6
166 16714 3
11155 15555 0
1444 25571 0
5903 27749 12
420 21221 8
6617 8463 2
7792 22197 7
4947 26912 2
17347 19620 8
12209 15479 8
13508 26732 11
8317 21242 0
4202 29391 3
2833 9492 9
20658 26979 6
24617 25382 9
21755 29491 0
3897 28977 10
10334 31079 0
5920 25894 12
12951 13660 11
2925 28827 6
15781 18950 6
7829 9623 1
210 14308 6
18673 32408 8
25282 31221 5
3453 10450 8
2787 13122 2
9526 18378 0
637 11480 6
2160 15116 10
3612 31570 6
3157 12195 5
17045 18655 6
841 3769 3
7718 31513 9
16303 27088 2
10064 13106 4
3447 20536 5
1572 13219 10
17936 27157 8
8190 9072 3
24658 30589 5
9316 16462 7
4301 7976 0
11160 24333 0
2677 31934 3
17476 23788 3
23408 29456 9
12461 16743 2
10353 32695 7
1666 23915 4
6522 15703 5
10582 28629 2
10545 25417 7
195 28246 6
29 6491 0
6754 17013 1
1596 30014 2
18923 26741 10
3693 15894 6
18773 28210 7
10879 26485 7
2027 8968 9
27584 32704 12
11319 29936 12
10416 31110 4
7116 10160 3
14250 24530 5
2641 25813 1
5895 32008 5
14850 31274 0
7429 23041 5
3117 10309 5
21972 28409 8
251 25014 2
17234 21209 2
19348 21990 14
2445 23984 8
2897 14054 11
2695 15347 10
157 25485 3
3188 22331 1
14460 31473 8
8609 23904 10
100 1934 1
694 13624 5
1056 24674 8
16635 31570 3
26143 28575 14
9972 12374 5
12902 32444 7
27050 30402 1
1012 12298 1
7978 27495 1
16567 16838 0
17668 19946 5
427 1268 6
22221 31043 9
14724 30139 2
11329 29853 6
6466 30158 4
6546 8709 3
27195 29021 6
25163 31362 4
19779 32505 11
25453 29443 5
7280 15557 1
4130 28325 5
247 22941 0
12437 20185 13
11497 23131 1
7140 26743 0
24785 29493 9
19838 32094 4
21962 23721 7
694 3552 0
5327 6959 5
9948 15276 0
8439 21497 9
8406 11057 9
13434 28402 3
6565 19484 4
8979 29527 6
316 17280 1
2204 30752 10
1606 17166 6
8589 19071 6
545 19489 8
6973 31905 4
20620 26372 0
6888 7584 2
2729 22270 6
18343 20120 1
8303 20436 13
15925 19925 9
13453 18670 11
7274 19042 1
10720 32475 1
18320 23727 10
16644 17605 2
16574 20792 4
7126 20463 10
2292 17251 4
17633 24385 3
2865 4726 4
13626 17526 9
18261 30122 6
18489 24409 9
13498 14486 2
11917 31163 9
592 31253 8
10433 15335 8
15089 26349 4
2127 14990 1
19581 29114 6
1519 3970 1
9483 21685 3
10770 16428 3
3166 14149 6
3351 11365 3
19180 26103 1
4293 25586 0
7505 7686 2
4616 25550 11
3799 20957 0
1095 18896 8
12938 28407 6
30698 32036 6
8122 16488 2
27458 27753 13
2999 5145 8
20352 30642 8
3669 5447 11
21233 30032 6
5385 22631 4
22755 26860 10
13486 26721 12
14446 21434 6
4084 7965 9
9545 15018 12
15803 24110 2
9555 32731 0
8484 13756 8
9130 32388 12
21766 22546 11
7411 28078 5
16548 17382 1
6903 21398 5
9139 22359 13
16514 18636 0
6408 19511 3
8374 20454 11
19189 25271 10
16758 25101 3
1204 3832 8
3934 27148 1
25599 26224 3
12677 16267 1
6051 24668 10
1608 22847 7
13067 24884 5
11423 21154 7
13407 29575 6
9620 14700 13
2640 24889 4
18913 26371 11
6951 11112 1
14851 16223 13
12104 32500 5
284 7467 7
28450 30087 3
1671 20277 9
8586 30269 13
8598 21412 4
7660 17012 8
1515 6831 3
19552 21687 14
399 22395 6
4489 13275 11
27799 32630 10
28442 29056 9
21618 28177 11
456 11034 0
13454 23316 4
13472 13725 10
3233 21333 7
475 7084 6
258 1891 2
22369 22544 12
12530 17469 11
4568 22956 6
505 22254 5
27350 29771 2
23682 24314 4
14946 24097 8
11585 15347 9
5927 11924 4
6894 9918 7
20071 25934 14
27176 31923 3
19711 24625 13
4810 14659 4
18788 28771 7
13585 28632 13
2256 13340 3
1470 11950 8
30786 31909 6
14726 16999 12
3078 19926 7
24612 27124 8
2969 20778 2
17699 25809 3
16617 17798 3
16133 29402 1
901 29445 6
3455 9487 9
4774 12270 4
7236 10698 0
2044 11500 5
6387 9683 9
29962 30382 5
1115 29209 8
10133 12408 5
8760 23285 7
18081 22056 7
14924 28178 11
5508 14369 1
12615 20615 5
1756 1881 10
15123 23432 5
15742 21346 5
11097 31456 13
5654 24532 0
2787 9877 8
16355 19080 13
1685 25320 5
7678 18776 1
7763 24689 12
7143 21645 8
10156 10362 9
19697 26230 6
5915 25266 3
4488 5409 4
22174 28068 12
8994 9577 4
30939 31365 5
12351 28153 5
2920 27127 6
17384 20169 11
6753 22380 5
630 13145 6
2352 12124 10
5720 17645 5
7928 29158 4
8924 30401 6
6403 20309 5
10914 32405 11
3735 21327 9
16286 25520 9
19304 31079 6
11118 30086 10
23102 29041 0
19547 28087 0
9191 12184 3
10917 14789 3
8188 19085 4
19958 25759 7
16908 32106 2
2032 27414 6
4845 23893 0
17842 26964 8
15558 31869 1
8255 27002 8
13113 20718 2
6769 25763 2
26085 28944 11
8132 25385 9
10773 30963 8
6646 26103 7
8828 20891 10
15112 31627 11
12534 20026 5
5620 26184 8
955 3582 8
2144 20921 5
24977 32479 11
16007 19883 9
6235 7694 7
7346 17337 8
1498 32313 10
4772 25304 2
4575 15446 11
796 22236 3
5346 26632 4
16377 19280 12
10467 25030 9
10204 11475 8
8846 28851 4
17581 18840 2
1149 15961 7
16870 31254 8
13508 28707 13
17415 18585 12
24684 29404 4
1328 13215 3
2415 31674 10
23676 25994 10
9466 22804 11
16591 20678 0
11341 12425 0
9469 21162 11
24999 26894 23219
10597 24791 2
54 2565 4
8804 16843 1
11193 14995 0
7876 9582 4
7492 25570 9
6602 29188 8
12576 21057 2
11001 29549 12
18967 24784 6
13263 27746 3
1008 13841 3
14876 23336 4
18648 32115 8
25154 32324 9
7807 18748 7
2814 6076 10
2821 15513 1
206 30893 6
13152 23611 8
18745 21760 11
5792 8721 0
1115 24804 8
15560 32107 10
8011 32097 7
12957 26163 9
2833 16492 9
4018 17883 5
4163 16448 11
1684 13877 10
27738 29964 3
9612 28589 7
27615 32204 8
20364 24415 8
200 18656 6
24503 29326 9
11141 18956 11
16151 20461 12
6794 23014 25529
29323 30899 5
3006 13160 6
1357 27924 4
15081 17539 4
14746 27289 1
2640 9348 1
1521 15841 6
9010 29335 4
17057 17424 1
1094 9798 0
2948 6173 5
7233 13302 1
18049 31559 3
1490 28649 2
21176 29929 6
11929 26186 13
3137 32194 5
6337 30863 11
7333 15991 6
611 29976 6
31369 32489 12
919 6176 3
25882 31176 1
8229 30984 6
1866 26713 0
21621 23658 0
11149 23989 11
15665 19318 11
9513 19579 9
164 18835 4
20401 22102 2
20304 21191 11
15794 19535 11
16384 24235 4
5381 24956 0
9971 18489 7
3053 7390 6
13910 19541 9
8283 28962 13
8222 26356 8
15482 18196 13
20651 30584 3
24346 25649 11
11761 16520 0
5023 25018 9
2038 5774 3
11288 16799 11
7737 22869 10
4935 19315 11
6907 22461 10
7935 18704 2
19852 21619 7
4281 29957 4
25189 27851 3
26425 30697 6
2739 28742 9
1298 28897 8
1713 13609 4
18438 27960 4
12480 19564 2
9089 15592 1
11779 28703 9
3373 21763 7
7236 21633 1
10349 21310 4
15926 23233 10
2211 19108 7
24145 27937 7
6074 19471 2
12600 15248 2
3229 16051 5
9562 27400 7
2195 29118 8
23598 31572 13
1802 15248 7
18398 26723 9
22340 28429 11
4403 25439 6
22577 28354 11
5773 21169 4
985 20605 9
3159 4241 0
5493 17971 11
4927 5065 1
12065 26445 13
19932 30996 11
26256 29432 12
12144 13147 10
19537 30680 7
1697 24570 10
20216 32744 11
13707 19884 15585
22771 24992 9
348 19447 0
11548 12899 2
2752 12729 11
27480 28899 1
3499 31838 10
9412 32751 7
10508 18227 6
5167 23806 12
19704 31795 3
14929 21240 11
5614 30665 11
14624 19930 13
6616 6861 8
22399 26128 6
30087 31752 9
22648 30774 3
21542 32704 6
259 28242 2
19890 30787 6
4089 30431 5
2189 25424 0
9749 11218 3
4559 20680 0
867 17443 3
26156 30923 14
3360 23795 7
1280 10148 2
922 29355 3
9959 26170 2
1988 27236 2
6452 23956 24082
11084 28888 7
19870 26157 1
20643 26961 1
25798 31853 0
4018 14334 0
25278 27427 1
9959 24542 12
19678 27828 12
28858 31806 0
6207 23444 0
9278 20265 1
10305 13009 4
2746 15056 4
23814 24201 8
23783 29508 2
12788 23663 0
2045 10357 5
11338 27703 13
12879 20622 1
4214 22844 11
10395 27046 2
7479 7777 5
12452 13864 12
4511 7950 0
14782 31557 10
13229 16278 4
1258 10203 2
4514 8928 2
188 10123 2
12156 23538 9
17480 30414 7
15065 30982 9
15145 26098 0
4287 7369 11
12694 23545 3
18078 29781 1
27441 28378 6
23685 25595 10
12684 25584 7
14674 18968 10
14659 14821 2
6581 12046 11
9544 29796 3
194 21426 4
8862 12128 5
20188 31074 13
8356 30152 12
26538 31507 7
6657 26523 8
15819 24726 13
11449 28882 8
16207 28965 1
17120 20399 5
8145 18504 12
22495 24183 7
4114 23863 6
244 31218 2
27543 29758 11
17840 30700 13
27430 27457 11
11703 18552 7
20762 27751 14
1702 16133 1
14112 24412 22054
10899 15076 0
7598 30941 4
13402 16887 6
876 8780 6
14066 30811 5
7008 8836 9
4574 23292 4
21306 22158 1
14117 26777 1
2707 6501 3
18260 21699 0
2703 19276 8
22804 28485 9
15704 31068 1
19490 24625 2
24745 27124 4
24913 32474 3
23209 26335 8
3023 20368 3
11346 18924 10
19879 22045 2
24287 28290 12
3528 20159 1
13778 16024 1
18033 28351 12
6121 26819 11
4135 10355 2
9181 19060 11
1906 29834 2
9979 22622 5
21097 23420 12
7556 23835 11
10518 23588 5
24315 27610 7
7283 29636 0
8567 23565 1
5685 19775 2
3872 4846 11
14813 28417 9
6681 28308 11
12476 24062 6
27800 29914 5
10061 28506 1
20959 26985 9
2758 14804 8
26244 31852 11
2549 9196 6
15122 26353 5
2305 24353 22189
2320 21732 2
3284 19333 10
17169 21500 2
9700 15354 3
6628 11657 4
12545 17501 8
8783 32706 1
548 32186 4
17061 28453 8
16930 30620 4
2763 19829 7
5753 16183 3
17344 26936 13
8954 27852 4
17944 30256 14
8370 31665 12
9892 32705 5
14591 15942 10
18487 22047 10
12904 24601 13
21669 29785 2
7049 18943 6
12469 19299 11
6257 17324 2
25226 31401 10
14130 28203 13
577 24186 7
930 24351 2
2204 8277 2
22849 24019 13
109 17538 6
19209 27252 12
20779 32379 12
22149 23028 8
29887 31266 14
10499 16347 0
21616 24016 14
12091 28064 8
26505 27318 2
7715 22737 0
22884 30154 1
1214 22601 5
30252 31243 4
10125 30653 11
15645 25919 9
8888 25748 12
2854 11345 3
19338 31591 14
16016 18090 0
934 17361 6
4585 21060 8
8576 14069 4
9263 27269 7
5621 10466 1
10509 14075 5
20604 21353 11
5526 23972 1
26885 31541 8
15135 26389 1
22098 26748 4
12496 13289 12
25606 32744 11
17244 19461 14
3851 21812 4
10608 18734 9
7843 24861 5
10486 12486 1
2889 18812 1
10277 16821 10
29550 31632 8
6017 18802 5
2484 11451 7
15192 31104 5
23599 25159 5
15262 22165 13
2076 27822 11
3802 11436 3
17315 27862 2
8648 9828 3
9013 32177 13
4365 12872 8
17851 22294 6
805 10214 0
3546 17269 3
24207 28834 11
21480 31973 7
5411 31579 9
4595 28704 1
3937 28710 8
11973 16504 11
10727 12749 10
6756 23133 6
8691 20563 13
21572 31785 2
11647 12250 9
5413 31553 3
10178 31515 4
2814 22318 5
2534 10678 6
20548 29006 11
7938 11062 0
10138 24620 9
17461 26103 4
6124 16996 7
7503 8569 9
11599 19645 0
9262 30215 0
6108 23124 12
4755 16868 3
12176 30650 2
4588 14459 0
540 17445 0
22478 25833 11
8724 28988 12
26089 26886 9
8472 30710 2
11186 15041 13
3739 10446 4
1782 25221 3
12618 24925 2
9233 14856 2
26612 31345 10
3204 23733 3
19288 21825 13
12250 32192 1
17559 21499 5
15852 19691 1
3739 18265 6
19313 28913 14
408 29222 5
6020 16639 6
2680 16587 0
17161 27733 5
3446 30143 10
2629 32678 10
13538 18869 4
9039 9646 3
13857 30119 9
7811 17851 6
22629 23319 8
1733 17001 0
12543 22212 13
620 6076 3
540 20709 1
24691 27883 13
20170 30763 11
1079 10146 0
23215 28932 3
2332 10079 4
17327 19195 9
4230 13944 1
3636 25453 1
870 26509 8
7081 15883 9
4480 5444 7
11610 12543 9
9343 20021 6
3371 19251 7
2107 27552 4
4005 16706 11
13487 26237 11
24971 28395 12
14545 27551 10
3808 32508 9
7737 22288 8
2014 30060 4
93 23508 0
4908 11288 3
20738 24183 2
4209 24376 1
6663 12869 3
26719 27727 4
1359 28764 10
3184 24945 9
470 4505 5
3381 22003 6
8805 12006 1
1850 19590 4
10254 30139 4
9375 24736 8
13737 21408 3
30602 31497 10
16692 17362 12
23134 24739 7
6179 27119 9
1430 27538 9
5645 23113 6
22421 29288 14
64 7508 5
507 10708 5
8391 21406 2
17719 22539 9
19173 20567 4
5981 31991 3
6198 23340 1
14553 27778 5
14994 15721 3
2037 2576 2
4669 27328 7
3908 10516 1
20905 31890 0
5123 19886 6
12949 31692 2
18 29109 1
18306 28267 3
31382 31504 10
6712 30724 6
1358 3431 4
19005 23106 6
24654 30050 1
7021 25937 6
26856 30920 8
9293 10384 4
4291 28254 10
13020 19640 4
17067 18460 5
4909 27721 9
20413 29958 8
18702 22751 3
13061 19588 11
5406 29979 3
21494 23280 3
6544 20197 6
2697 19576 11
19115 19943 13
1436 21948 5
12107 29200 7
2993 8718 2
8723 29022 4
8197 15713 1
2534 15976 4
10921 23336 8
2372 30719 2
15878 24536 12
12843 13392 6
10519 32174 5
3736 22366 6
19252 28636 5
10980 18347 13
4341 27826 11
13937 27783 3
9604 17220 7
2148 10326 0
4491 27517 9
1315 21012 3
21035 32298 0
8966 28579 12
7757 24231 0
2521 13641 11
9245 19558 12
10169 28624 3
11597 28076 2
13593 24459 2
13713 18451 8
1174 10101 1
2310 4385 3
14177 14286 2
7752 9018 6
17117 18302 10
7789 9373 10
17648 24254 11
350 31246 6
12632 26829 2
6871 10457 9
3912 5449 4
1858 14576 4
25290 28112 14
16518 20259 14
8930 16099 13
10316 12757 5
4752 32216 1
5398 10986 8
14594 28597 5
3622 6878 10
6344 28916 8
2182 27327 2
35 1077 0
13630 19696 3
3111 3613 11
20479 23943 3
8769 31441 7
11446 25524 1
19613 24720 4
2018 12398 10
12849 26277 9
15202 30885 3
10062 29657 0
11489 21969 8
5827 25678 10
3953 21345 8
9588 25835 10
10885 22197 2
2592 31378 1
16401 18441 0
21140 31727 1
10840 25501 3
9840 28084 3
6584 19188 11
3699 14926 1
24176 27138 12
2065 32072 4
13050 15324 2
23830 27313 8
1324 28819 4
9201 28108 5
3126 9778 11
12545 14018 6
10383 14298 5
4339 8011 12
2223 10239 8
6759 22525 8
20004 27226 6
11287 18738 7
5000 11503 9
4490 11596 0
9833 19748 11
5223 24167 0
9950 18226 12
6256 31065 5
17051 27145 12
8747 30223 3
5862 17505 3
10103 22003 10
7621 26251 4
4844 32654 14519
864 7180 2
2511 14232 0
4515 28413 0
11914 32116 9
2021 8038 5
11209 32548 6
5527 22411 1
15592 28620 8
12261 25933 13
4764 25104 11825
20922 26921 7
18748 28876 4
3903 4530 4
19526 23179 14
2439 22251 10
19021 27804 7
12135 18541 9
11365 19109 11
2838 11974 1
9417 32509 10
659 6678 3
16512 26630 7
28532 31036 8
3001 29395 6
19256 31880 12
10006 17627 11
16765 29310 1
17253 24387 14
23257 27658 10
7295 8955 10
26719 32750 12
12630 30644 10
9573 14336 2
9323 10853 3
4284 9974 2
23497 27734 14
16973 25027 1
21569 32478 11
15137 24215 1
19565 26472 1
11880 15053 1
2731 26732 8
17046 26840 12
693 31460 31007
4 4252 0
9042 32659 12
10196 26509 5
581 29206 0
2184 27415 0
12311 21536 1
5324 14549 12
9776 24153 12
7467 9175 11
8892 9087 10
4841 8401 4
3047 3112 6
11870 11959 6
3856 30351 10
15481 30785 8
6651 23649 10
4409 12396 1
22021 22156 14
21726 29778 14
14172 27907 0
8215 15853 9
24004 29947 9
22945 30088 6
17684 32625 3
11374 19086 4
17846 22434 5
9072 18116 1
4497 25898 8
9594 24931 12
10372 30340 1
2494 22944 2
2794 11655 9
8835 31474 10
1512 12823 4
15340 19786 7
2778 14777 1
23120 26049 9
9112 21074 0
1642 2401 0
10949 18636 0
8531 10285 12
1159 28527 5
4922 23918 7
12724 27045 1
7086 11873 0
17223 30604 11
7565 11600 2
30568 30703 14
11270 15239 4
15014 26120 6
5979 11165 7
27002 30464 6
22483 25973 8
18394 24923 9
7764 17586 8
9090 22959 6
1991 13383 6
4648 21358 10
11380 20002 10
3077 17763 3
5972 29400 11
7398 14233 4
9601 22836 8
19276 31554 2
8378 17078 10
1048 15879 6
28836 31054 7
13836 19846 6
12229 18788 3
11468 31574 5
11962 28065 21826
23567 28881 10
9481 11548 6
11672 24608 13
17100 30897 1
5643 20061 10
15391 28306 3
4562 21947 12
17324 20155 1
12096 14935 1
7488 14172 0
6473 24199 5
30786 31076 5
16960 30491 1
12211 26497 10
14723 29870 4
4307 32374 0
20987 31783 11
4332 32345 3
15428 19351 9
7729 18605 6
3294 4861 2
603 3269 9
3984 24556 1
13947 25335 4
3595 30182 1
9387 23014 11
1942 5550 2
24030 28598 11
14203 21979 3
16384 31463 13
446 29986 8
13425 23264 5
10304 17462 5
7671 22776 7
1741 26802 2
820 11524 2
6938 13347 0
14857 24815 10
3937 22636 0
14849 27989 5
4590 12080 11
19945 22247 12
15477 20868 1
11515 17472 0
8165 27422 3
6201 28555 9
18292 30270 0
3283 25375 8
5342 32380 12
14885 21118 5
1027 23586 7
19963 32017 3
19473 29186 1
22671 22828 12
379 19076 7
22790 30350 2
9512 10099 11
12932 22613 13
20113 22239 4
8992 11515 2
409 15431 5
11703 29588 7
2488 13421 4
16338 17627 10
13625 30999 3
26400 27840 10
30071 32724 14
1556 25797 2
723 13575 3
16236 30585 13
14905 23898 6
18785 23627 3
24561 29177 5
10543 19195 7
20734 28203 6
25631 31126 0
17304 28119 1
16732 27039 3
21806 24203 4
18233 22985 0
12974 30250 4
25897 27389 7
19819 32009 13
21838 28114 1
2371 32462 2
523 3055 7
6080 11848 2
20410 28003 7
6633 25249 0
16014 26039 11
19352 27401 7
6310 29923 5
13792 15184 3
3618 14899 7
791 22233 0
2269 3986 8
282 27991 8
2934 31105 4
15616 15903 2
14334 20322 4
8967 22324 8
9265 30280 1
23642 30341 12
17038 26330 6
8544 22172 1
27516 29486 0
28404 30825 11
582 20688 9
7599 27379 4
19890 20262 11
11442 16277 1
20312 28447 12
27325 32735 1
10598 19562 12
14801 26874 0
12214 15204 9
7314 15684 9
3709 12644 1
16710 30801 9
11263 21005 3
6263 22344 12
28678 30419 6
15835 28414 12
20223 21213 13
9462 24144 13
4700 14761 2
11071 31489 6
27256 31775 14
3841 31191 11
14875 27673 0
27189 29379 8
11456 29965 3
8767 20516 8
2205 22805 9
13805 16324 13
21022 31851 14
7471 29221 11
10858 21990 4
9520 15720 3
9485 18510 9
8504 19300 0
13937 17129 6
6142 11101 11
3283 22399 3
15357 30889 3
12509 26819 3
23348 27123 14
6483 17831 6
14179 22526 9
4405 21048 9
4372 29080 1
14595 30045 1
6315 27025 11
13735 14570 12
27760 30631 11
3489 7028 4
1257 19257 3
8232 10290 1
13031 19503 9
14201 21421 0
26643 29042 2
168 21229 2
9573 20851 13
1988 20059 3
3678 28146 5
2086 8299 18435
11666 11895 12
