100
7303 2274 8394 8773 8446 439 1322 1542 1239 8888 2342 2063 6910 7970 2546 398 8855 6340 1793 8652 583 8868 5238 1235 2243 9038 5751 1469 8281 3886 2148 4623 3070 161 775 5318 2599 8231 1452 8496 316 572 2546 4047 8858 3031 1891 9177 6584 2674 3057 1587 1533 507 481 9040 5728 9834 1436 9012 1391 1940 7539 190 2884 1199 1652 9301 2885 8888 7499 8626 3067 1458 6442 3663 2870 3183 1675 2270 1086 8931 437 3421 5565 807 6654 4392 5563 4604 8448 688 1162 80 9711 4299 8115 5638 9545
587 5136 2033 1551 1715 4492 1521 1844 1816 9960 178 2067 4596 4720 5152 2006 1521 5997 1840 4660 2772 2428 571 8842 4056 3103 9964 2958 6716 7650 540 3151 6815 9088 3259 561 4476 2647 6930 2280 9953 5674 39 4259 3540 7366 961 3243 9335 7911 5485 3660 7659 683 80 6547 9988 8327 3678 2600 4140 1289 6394 3038 4474 6237 9662 1433 3316 964 8974 383 5602 1155 9224 7698 5109 7048 6638 5341 856 7521 1288 6605 8390 1136 5059 8434 4364 8010 351 4982 192 9120 504 7181 595 9216
1538 7630 4339 3164 2986 6193 1299 3146 1227 8393 3311 2078 2047 3060 3387 3877 5831 1936 9531 2115 8092 7712 7449 4464 7846 240 962 3839 8061 5429 7218 3487 6223 8104 7809 3877 3265 1621 3965 1225 1049 7839 778 6144 7707 6871 7544 6090 7203 1884 9813 2861 1347 533 1746 1762 7229 6765 1161 1198 6611 574 7999 4579 2556 8369 5383 9720 8154 4292 9992 2263 4122 1325 2607 454 3724 6350 1720 8872 6692 5242 2121 1828 4879 7688 3071 646 9370 6741 3502 2325 4352 7278 7139 6389 7042
4959 9484 989 3884 933 1850 9804 2918 5163 5285 2664 5320 8483 385 9767 9857 754 4577 6689 1098 4609 3321 3622 8342 610 6551 1404 6301 2080 3845 107 1529 9898 5624 2733 1808 2913 861 6384 1412 6688 533 6878 5608 427 5790 9151 996 2027 3924 1565 298 1370 4935 1560 6953 9833 1343 7995 5362 9994 8941 5295 5529 9003 4548 3678 1166 1776 3352 8443 1245 4260 1462 9184 51 8449 1796 3000 371 7086 9370 8094 7896 5448 3665 934 2283 9669 8603 3642 5094 6837 8260 4343 2826
1881 3927 4538 8014 937 1731 2485 2170 1728 8112 9351 9235 1755 1741 122 5287 8818 4284 526 8891 1734 3040 8278 147 860 3221 4642 3107 4136 6481 9709 5939 3629 5593 2472 9064 3988 3415 2310 3296 5036 219 9129 6094 1425 3344 2157 9016 2832 1729 8932 3405 9753 5435 5730 2330 7942 7012 969 7663 5292 524 2216 1662 8671 1075 1087 6147 9162 7435 5623 1850 79 4448 6719 4221 3180 6565 810 798 1295 1697 8759 4980 3676 8234 5489 2121 2012 8720 6281 4915 3880 1693 9984
7217 1382 8828 8745 681 9331 7832 190 2719 2082 4390 2306 4024 2916 213 6151 6912 4632 8340 7441 1209 7845 7670 8123 1542 4118 6786 8984 7831 5349 6301 2269 9637 2699 1468 4717 7504 2006 7492 1076 5062 8989 565 9752 9335 8400 871 1085 4071 1523 5507 4393 340 8476 7749 4264 9657 7403 6577 6704 7266 2554 1203 2854 6385 7349 4075 259 2737 4876 7081 1714 6776 5302 422 4907 802 7577 1203 8581 1563 7207 6741 5479 2973 6426 3026 7376 5964 7732 4853 3511 4734 2992
2104 9429 1967 8317 3122 5843 1459 7500 7807 1134 4493 6552 8336 66 9728 262 4418 9973 3572 2413 6979 243 7596 5495 9666 9291 1461 1992 3607 7159 5793 1567 6947 1441 9621 6843 7544 1157 5568 9615 9724 1202 9117 9289 5611 3973 7002 6448 4267 6663 4090 1660 852 8517 2280 5818 3311 6369 1422 6400 8989 2919 9428 590 8060 2243 3020 7958 7670 9569 2078 61 5130 1076 4752 5554 479 2891 1400 5230 7814 2882 5845 493 5456 2741 2986 476 3984 8874 7085 9891 1314
6975 4207 1478 2779 2481 1180 486 6291 6431 5894 3389 7937 8286 7005 6714 3637 8462 6818 1417 2668 8461 4764 2711 3743 8411 795 9957 1181 1598 1194 5194 587 263 6586 1358 8985 8404 8013 5972 3127 6311 1504 488 2599 5959 5757 6858 7172 2613 9504 3385 5284 6066 6584 1443 6666 9167 9136 1083 1551 7701 9695 6061 6514 1863 5373 6463 637 9092 7239 2520 2058 2993 4052 2421 8582 4519 6856 9401 101 5416 825 7989 7126 1192 7473 9768 6568 634 6564 9161 8445
5944 1107 4499 190 3911 4495 3200 5008 3690 8545 2025 3893 1173 8266 429 4197 5525 4886 7712 1135 4463 39 1189 5739 4935 7871 4560 5490 418 2286 3061 6832 9613 8845 9077 7944 3919 5769 7082 4376 5244 356 1872 1903 5836 3993 2087 1069 5067 3167 22 5914 1026 5984 3587 6441 5687 6954 2016 9630 9808 9557 136 2222 5902 8902 3850 1958 6919 595 9332 2639 5796 9832 3237 7984 108 1738 684 8597 7600 2058 1748 4238 5594 8157 5956 635 5744 2633 8290
4886 2077 5058 1305 3441 9297 470 6667 5187 8855 8261 7512 1469 4056 8405 5550 9265 9103 1589 5843 9493 3180 2353 7634 1140 5101 2869 3715 262 9162 7094 3326 6850 1407 7821 432 9857 7120 1477 6399 6436 424 407 2123 312 3266 3475 2038 7033 9915 8754 2901 9781 1928 1882 3447 7507 8468 7090 6918 3348 1133 5719 6395 2504 2272 9230 8791 1380 2289 1354 2943 6979 8768 6560 8311 234 5032 3945 4179 9504 554 793 6298 6030 9562 1678 444 2227 1064
2906 3029 5692 9681 5396 3954 8530 7287 5788 6756 1236 3326 1038 1683 5015 4712 8601 3092 4538 1028 7457 7246 1823 6547 5921 7881 887 1867 9813 9208 2813 4703 4758 6921 3638 2894 7287 4555 1303 3819 1889 415 5960 8814 202 98 2904 6601 6298 889 5377 5757 385 7534 6061 4333 1939 6907 4777 7459 4790 276 9240 8723 2206 2570 2379 4461 5751 2237 8592 2918 1507 2193 2633 169 1715 5620 5471 921 6235 9071 5446 4859 610 9596 3986 2338 4535
39 1434 6091 4923 743 5644 7834 9930 6895 2114 900 9419 4832 628 383 2043 4690 7182 7175 1028 2242 1699 4450 1188 1342 753 8502 7515 9007 1527 8201 1749 3046 7908 4809 1722 4266 5858 1502 2194 1457 1892 1565 2892 5661 7339 158 2176 7913 5007 4144 1252 2212 4732 2107 7981 8813 7851 2454 3686 2368 1538 3242 6741 7407 1791 3495 5436 7221 7873 3941 9453 2455 8535 4174 5042 7372 4510 9243 2316 3742 5892 2060 2538 1569 178 795 4093
5540 1066 851 8745 2838 9342 3533 559 939 6753 7627 584 9775 2145 4745 6212 730 9413 977 3477 8100 5923 14 8613 7003 1862 899 1007 7378 7806 6636 2125 7452 9112 5125 5518 9066 8880 8826 3834 4402 4244 8287 424 3121 523 1025 7631 4529 741 8124 9004 7006 9525 6831 8949 8853 9324 1773 4283 4959 7080 4965 1493 2349 173 2308 1098 7956 9330 8089 7855 427 9023 1082 4179 9474 4550 9109 8454 2277 3744 3529 2241 4273 185 6038
5250 631 1391 1394 8726 655 1622 4798 573 8206 1280 5032 1320 5739 1259 2274 726 1822 9163 8291 5344 2075 5466 6237 4081 8734 5725 6239 4234 1110 4169 427 7333 6615 8325 6538 2200 4602 4754 2671 9020 7640 9 3226 751 1368 467 6014 1207 501 511 6724 3384 2419 3135 4401 9495 4371 68 902 3072 5285 8508 2006 133 4653 9865 4046 5768 5193 6723 3264 4380 3442 7248 720 2694 7586 5843 5923 409 8549 531 6020 2035 8563
8190 2041 7570 8764 2398 6694 43 7285 554 9232 940 8306 128 1892 304 1844 9170 6009 7619 7509 1662 3107 4727 930 9810 5066 7334 8233 1696 1419 8232 4050 4350 6813 6296 1667 7186 6694 3474 1390 1196 7007 7696 3006 2708 5350 9878 7762 1733 6786 986 1913 3530 7116 392 6191 649 5724 564 919 9789 6529 5953 6217 568 2821 3250 4701 9448 5745 2127 2905 7177 4989 5162 8824 5580 5290 7299 4412 2678 691 153 6133 5372
2305 1969 1954 6334 9391 6572 2615 1138 2254 2372 3424 2722 6154 6663 2437 280 5356 4568 926 4937 6512 1522 3241 8960 5418 9646 7049 7197 9269 5911 8754 5789 5532 476 9523 4539 1245 9718 5042 5383 2330 8938 5054 3623 6578 4353 5777 5787 8800 2566 36 3381 6898 9008 1144 1912 5036 2737 3650 5713 6046 5870 8535 9460 7556 3968 2297 7096 3980 8409 9024 1013 6093 3067 8748 236 5846 7558 8569 920 7717 9393 1380 36
5145 507 2062 1277 3514 8354 7055 42 999 3828 4413 3305 896 3700 3628 8299 8438 15 7256 8755 1248 6447 3169 9227 2159 8799 9302 5639 9347 4289 1590 4894 2239 9565 162 9975 8587 9786 7287 6160 553 7634 4427 8629 9210 9665 1733 1070 2978 3182 8146 5417 7257 3966 6310 1419 5699 9556 1104 1521 995 3533 6625 7644 8379 1004 9789 1468 5287 1825 931 5276 3115 3024 6794 8974 8985 8895 9244 6328 9640 9983 6440
1120 7489 7551 3346 100 332 2589 4510 2381 2795 9375 2397 9365 7445 8609 4391 9766 4246 7999 1130 9989 6308 6390 1601 3967 9541 8854 889 850 6911 4842 2592 6527 5377 2331 1550 5487 1904 6850 1929 884 3252 29 1379 8065 5301 7444 359 2188 1696 572 3748 9827 8670 939 9113 9309 7494 1277 2418 3875 5265 4535 6162 8382 7183 474 3682 6418 2713 8106 8712 236 935 752 9835 6984 7027 5996 8726 6599 9469
3311 5675 4014 6256 536 4234 2946 3364 2173 5074 4339 4389 3725 1351 8438 2005 4580 6293 9736 4270 2782 9316 6959 4474 9999 9516 7987 6919 5107 9627 9710 1157 8721 3125 8703 6033 5861 6507 7205 4967 5215 1119 8106 419 2198 5302 7294 4537 4288 4191 902 7303 4118 1140 8116 871 7732 5967 2633 185 735 6143 3241 9792 5274 2266 6974 2491 1018 117 9423 5719 9417 9377 9665 5940 2088 4264 6094 2309 5208
5978 7846 6220 1546 7921 8548 2725 8181 5755 4947 2321 1193 5993 2224 166 8482 8595 8833 8261 2463 2191 4710 6333 8691 6930 1503 8286 7884 7429 3759 2912 7218 8507 5423 2949 5778 9107 4710 7164 1548 3705 4808 4199 2681 1538 7772 5439 9825 5864 1218 727 6236 8962 2564 1423 3991 6343 269 5706 1962 324 5288 2306 631 9661 5418 330 949 3249 834 2451 1231 1201 2864 6979 6519 2545 8772 1604 6750
6080 7992 6489 6264 4069 4721 134 7771 2283 4001 1200 7353 1422 1761 3747 5567 8342 1006 419 6317 1843 8929 9684 5974 7882 5619 2734 3610 3423 192 4715 979 7811 2716 3059 7132 8561 8995 2747 8457 9363 5973 8681 8370 6602 6498 4395 8114 14 595 7256 720 2723 2618 7254 6651 8876 2042 5518 2747 3220 2009 9198 5734 5115 340 8237 7472 5357 3748 4068 3207 8762 849 2347 5518 3617 4436 3170
327 2862 9521 1329 887 9430 4997 4689 9477 5873 8028 5837 610 3927 5814 2307 208 3069 1050 7968 6572 322 652 7275 686 2678 219 1776 6115 4859 8286 128 1304 8862 1745 2342 1433 1847 6314 1581 5563 1582 6401 3409 6231 1105 975 8596 2328 6084 3654 178 8840 8424 7457 1142 3829 4335 909 1294 906 127 4073 8157 571 3781 3690 3680 1024 5564 6290 355 1366 2510 6914 7172 8226 1561
7405 6519 1528 5750 2191 2012 3803 7574 4157 7279 6006 5214 1135 7215 4682 2165 5596 4673 4697 1644 4244 3477 4514 5277 6260 6265 8238 5110 6246 2508 5867 136 1095 9062 8742 8523 2093 7063 574 2021 2360 1821 7623 7819 503 6761 8429 7286 8271 3764 1753 266 3688 6318 3576 3091 9801 168 4570 7937 8005 6787 777 5686 5813 4808 875 812 1256 905 8921 1724 8680 344 5057 8445 6623
1910 4409 7514 9754 6814 7477 184 6461 6004 3306 1286 2103 5752 3028 5029 5495 1056 2469 634 8639 709 1871 8353 6201 5564 8196 8516 1351 4647 6188 4413 5726 8317 3847 3976 6550 2504 2947 1261 2235 13 2848 1245 8904 9538 3938 1450 6181 5579 39 348 2734 8245 570 9601 1447 9510 8407 6101 844 3204 7632 1298 9277 3622 2015 745 5706 6184 6908 4386 9307 3347 2002 1761 948
3644 205 8825 4455 5372 3239 9301 1802 32 3924 2341 138 3201 6378 1126 3712 1782 7508 5701 131 1913 4841 997 4814 4968 2376 8703 1204 9149 5687 4569 7825 7488 2397 1498 4403 9131 1405 2141 7321 1518 3780 7076 5114 3540 2356 2111 2586 1749 7138 8013 8072 3726 7836 851 2011 4334 1103 8843 2846 2547 3944 7742 9673 1620 890 372 4275 9232 6224 3691 6853 5447 1795 3639
8912 3878 6174 7753 5106 4537 7648 6883 2581 4349 7169 2763 7048 5364 9113 1534 1618 3420 6397 2295 9940 6658 2028 7376 4782 5571 5577 5112 8501 2931 57 4581 8227 2321 2784 3084 7760 9947 3367 1983 64 2750 8593 4902 9149 6433 5629 6225 3527 2562 558 1117 2616 6049 8122 7157 796 8956 8624 507 6449 7914 462 1783 6684 5116 2258 1615 2045 7841 127 9544 3859 7113
2977 7308 6387 7052 1381 8924 2581 2748 1827 4504 2239 6072 2989 9228 8582 4947 7949 5853 2658 7172 2570 2613 370 1567 7019 427 1072 916 9727 5751 4230 2070 1852 4660 145 1263 8599 8359 1412 3202 5187 159 2192 8609 7485 285 2403 5552 8488 7302 5167 3082 1284 2694 6765 3586 149 5079 193 7469 1009 6115 5600 4238 6329 1815 2351 4241 8251 2584 2349 2364 3512
7658 868 8371 130 6351 2380 6460 7528 5645 7025 8082 3637 4211 277 605 4310 4700 3609 1394 3243 7173 7625 9447 9871 9964 5477 1226 43 7914 183 5122 4792 9523 9970 134 2020 4474 9399 5341 247 3546 126 214 2006 371 547 4041 7287 6898 3295 3884 8278 948 8585 4443 6599 8780 8076 290 7950 8915 8331 1117 6604 4607 7282 9810 9146 7192 7438 1853 4171
6614 9680 7580 6428 2639 302 684 4752 2848 75 1732 2858 6025 9225 6256 217 7038 6475 2337 6379 6716 9903 899 4411 4713 1132 7839 77 3598 8473 2098 1949 9561 8670 6654 3986 3502 3039 383 1960 6671 9782 97 3534 6476 1680 64 2317 8156 315 9407 6779 5164 477 9773 4335 6279 7625 5797 6581 1047 3102 3094 6884 7274 625 6738 7727 9241 3644 1130
4825 9894 4327 4202 2828 5700 6086 3025 9611 5723 2547 5300 9334 7435 7021 6724 6542 3153 1712 2557 1930 5144 7159 9375 3562 6514 7920 7202 4970 8856 3935 2902 1609 5918 6166 6569 1994 7049 8436 1517 1162 7973 2203 4953 2964 2195 6198 9950 1857 8288 8890 5357 900 8060 7868 1927 5525 6985 7939 245 6236 3442 5424 7657 161 5550 1068 3621 9329 3205
7184 1131 1156 5010 555 3364 8092 1898 1599 9637 6224 348 2429 8734 1467 7449 2147 949 3134 262 9683 9203 9085 9583 1013 5501 8985 4239 5344 1846 793 5101 7717 3906 6127 9881 492 3902 1112 24 3747 9647 7939 4332 1683 8361 8646 295 3846 321 1869 9793 1623 9172 1509 4888 6072 9592 1705 4840 1386 2260 9386 4700 2344 1100 6036 7507 2677
4464 7150 5542 7319 3062 418 953 6548 9972 3422 767 972 3138 5098 9203 6615 1920 8539 5221 5665 5700 1528 7618 6594 5319 9611 2216 307 416 4890 4679 1086 4080 1143 6747 2229 7712 2196 7258 2998 6600 8283 665 3998 18 5773 2292 2523 8207 3945 3005 3478 2648 5087 4709 9985 471 9174 4425 5005 4310 123 3902 240 4616 2923 7424 7013
2343 9698 3240 4787 7950 1685 8972 323 6952 7501 9195 524 5465 229 8921 5665 7404 294 1192 2814 1068 49 3592 5071 3382 5981 6784 7970 7999 4897 2381 9901 7682 8932 762 6211 2717 9123 1233 5971 221 3476 5761 5105 8422 8632 1905 8073 1687 4021 5715 7954 7758 5717 8541 528 5752 7369 2340 8188 8988 2675 2985 1591 8137 1026 9097
412 3500 6527 1248 4966 1479 7544 4173 4067 1870 9130 220 711 899 9956 8176 3283 4021 5626 815 5560 5989 1543 4227 7047 713 599 557 1402 5636 4996 4925 1080 2965 6863 2143 2725 5439 369 2328 2984 1737 5971 9314 4978 9655 4139 2037 2763 1705 5191 4054 9583 2339 879 6276 5081 6365 7286 1280 3887 3019 4977 9565 4142 6607
6300 7001 4359 4957 3273 4458 6282 4016 9370 9500 3042 4555 6033 3706 898 9955 9638 1852 3406 571 105 1424 5069 1968 88 8523 2221 2342 1923 8977 2679 2754 814 8228 9140 4874 2695 7738 3393 1993 8280 3810 159 8648 1919 1464 5503 9049 7389 1591 7532 1829 1836 8318 8632 9146 9557 7750 7580 7645 2976 6531 4778 5334 1276
953 3269 9244 1890 3984 9828 5630 3157 1835 9586 1428 5965 3766 4938 6565 2837 9983 6625 314 6577 9175 5172 2355 3284 7144 6996 9416 2097 3000 6303 1107 3904 9631 8177 5804 307 6886 4411 3877 5961 3120 3202 4376 4691 941 875 5677 182 3693 5046 5600 8880 1922 168 8883 366 1449 2734 7360 1133 1035 1966 6897 5344
1438 1152 9811 4210 3073 6510 9592 7388 4841 8120 5420 5273 3493 8298 2395 6823 8712 6850 4785 6721 9128 6877 8850 7563 6435 1217 4859 4286 690 9792 7896 981 5648 4715 1896 4983 8284 8805 5693 4102 8588 2842 8937 4470 1029 2736 8326 1666 985 7485 1412 3196 2465 1865 5208 6979 587 8565 50 874 2197 2812 9360
3239 1483 5545 5746 1897 8429 1753 7934 7038 820 5570 1285 4163 6102 261 2373 6813 1320 2096 5472 8216 9316 7782 2045 5614 4492 9523 286 874 4893 139 2146 7742 1959 4482 3195 3810 4060 1890 2130 3101 5175 8664 8041 1352 3135 255 7346 6945 3244 5522 3407 5118 6170 7820 2442 3044 1451 9602 3829 5542 8290
6963 2708 8849 6653 7599 826 3000 370 9062 8001 3467 158 6946 5694 5389 3961 952 7812 4406 1310 9531 6408 9590 6922 178 6149 9276 1331 7402 929 7862 9307 718 2031 7962 628 2359 3367 1332 2727 3663 7027 5280 6992 6634 1019 9050 7820 2823 9475 1348 1093 4515 9347 4136 109 208 215 8591 2250 2292
6584 9330 6737 3220 2236 2447 9974 386 8601 253 2834 6628 1824 7187 5158 6408 8935 9159 5823 2421 8103 7587 1962 1635 6312 220 7210 7198 7289 4005 584 9495 3940 401 9547 1291 8273 2873 1800 1304 2458 1869 3643 4974 2304 3806 6231 9106 6348 3195 2026 2377 5064 2746 4309 674 607 586 8810 357
81 7270 2038 6699 892 2812 5810 2301 7928 2383 7012 594 2849 6171 8908 3491 6747 6791 8972 4498 9377 991 4054 331 7326 5186 4013 5577 4752 1401 133 5595 9673 1642 9500 1289 1784 4491 6541 9698 9047 1787 4770 3431 4134 9966 8090 286 9033 999 4236 2047 3358 7499 779 3 6385 6467 6282
8287 7715 1186 6578 3211 7208 6344 721 2039 2944 182 4629 7472 7848 6163 8026 224 9890 7951 9760 2308 7570 22 1136 5378 75 5559 7408 5658 7641 5189 6277 9372 7680 8045 8185 8506 3893 4873 8942 4656 1612 5285 3138 5697 610 4864 7987 4 5675 2710 5428 5983 1903 4491 1504 5042 7760
7594 3790 407 1023 3151 1254 9096 2047 3506 2404 98 4842 6693 5658 73 9780 4783 4235 9452 9213 443 6885 1499 730 6410 8478 2118 1638 1008 2035 4055 2165 3918 2716 9602 7593 9195 3956 4652 4665 5912 8552 2682 9694 5540 8926 620 5888 1550 5800 9898 8369 9721 7977 7597 3511 9109
9703 6529 9216 2139 6609 9593 4418 7193 8851 7444 8481 2591 8152 2927 1364 7033 8896 5963 921 1118 9522 5552 7592 808 9283 1506 2854 2725 5543 6419 4459 5981 1767 8345 5446 4725 1204 225 3167 7972 1499 5908 4877 2420 8634 2201 1657 2683 2033 1260 2131 1866 7549 1054 8996 5670
4609 2060 8580 6517 7654 7476 7692 4555 7509 2773 1198 1574 4514 9750 3508 9159 139 3050 9111 962 1216 3219 9809 2103 9510 2133 4228 498 1367 236 6188 8831 8045 4352 5987 4131 639 7208 6548 7479 4410 29 7410 2534 4563 8897 9753 8777 6124 239 8037 9233 5509 884 994
1349 277 990 3716 5692 4825 8676 8937 3645 6029 23 3883 7333 9081 8984 9113 2521 7357 1946 3385 7884 9328 7016 2663 9972 8213 3850 9649 2520 6607 2564 2374 2668 9623 784 7164 4865 3867 3342 1761 3046 9641 4024 6676 2164 4125 5867 1621 2568 5879 2595 1258 4946 8880
1461 9444 1006 9806 9107 2002 2080 3399 1484 3092 2358 1315 7778 2274 6937 4388 896 7325 627 138 6316 6070 7863 5170 617 591 5630 6911 2128 3231 4238 6012 976 2058 2496 4481 1779 3215 673 8564 4403 5971 4601 5457 8781 1279 5099 1613 4932 1350 6796 7880 5705
2138 7944 2641 1851 7919 4833 6494 9545 9871 553 76 3999 6143 178 452 8177 2546 5331 271 8401 3053 8702 2331 8375 4779 2976 3486 5970 2162 2617 3402 1546 5014 4653 5218 1719 3020 5658 9148 6087 1810 7419 5911 364 6557 444 5039 693 9314 750 3247 1327
5593 9085 4086 2762 6207 1233 7278 1456 1147 1506 1881 964 436 1743 908 5464 1760 8705 192 1841 2512 7099 2150 2367 7370 6501 8507 6727 135 4202 7709 9651 4063 5294 8589 5918 4593 3732 2981 3000 5064 4766 8668 9937 9738 8934 4903 787 6450 9693 6195
1904 1041 3363 3984 1998 1872 9446 8528 2528 2761 3390 7664 9544 8151 1992 7270 2361 6267 4145 9916 7442 961 518 5452 2215 1554 7450 29 5090 1386 2232 60 2987 9293 8713 6558 2643 7030 2727 1877 4887 544 291 8145 4099 8457 3429 7273 7157 5924
6578 123 244 4029 3074 6864 7633 5650 7251 3523 2700 7312 6744 2100 9578 1996 4390 1575 4613 4564 3216 8274 1141 8597 5617 5208 6110 5869 4507 4847 4218 1091 6637 4969 2104 4214 794 4945 1028 6324 9800 7492 6570 1421 9846 7266 1173 9478 370
4532 3453 2642 9065 6545 1937 5934 1584 3164 5296 2187 5251 6416 5230 9362 1436 1311 2341 675 2694 3607 8858 6239 2530 3990 7650 2887 2202 687 4421 2132 900 6413 562 8648 4618 5688 1235 4404 3608 2886 2769 5660 2501 3043 5195 9464 6821
4260 5508 3484 141 4169 2587 6427 2681 4401 1054 7335 2364 4898 5441 3180 6198 4761 5340 878 1034 2111 3539 383 6912 733 2106 2054 6520 433 9656 4653 145 8257 7547 233 2393 5359 6989 9679 2389 5598 3286 9605 9539 8772 9201 6983
7982 9841 5811 7916 130 4095 6666 6920 7153 4090 3810 5282 9926 1697 7470 6553 7495 3230 1333 2194 5520 5010 2922 2693 830 1013 8848 986 6984 6893 8446 2430 1173 1244 2464 9258 6074 7327 6207 8821 4259 6900 5314 4009 4917 7356
804 2388 3697 7362 2199 9856 1787 9434 1785 2228 4219 4029 5334 1980 1379 2948 1999 6775 3267 6819 9946 848 5386 4904 9370 9264 6894 8596 976 6113 7118 9802 2370 3910 2309 8165 2411 153 7505 5743 2755 5109 3669 2895 1104
7845 1756 3570 6460 108 9424 2669 2602 8919 9706 4562 5604 7023 5226 2402 9318 388 8969 1602 5424 4007 5628 5872 88 2006 9644 2296 1086 6526 100 8578 5908 9211 9499 4494 46 9812 1843 1459 8934 2309 1329 1444 3204
940 5390 7029 1324 5912 797 9964 2071 1167 2990 7275 9654 3552 290 1021 5348 1736 3168 3071 3660 9768 1112 1633 444 7174 5926 5805 9912 147 9368 2567 8242 2686 5027 3285 9368 9911 820 3969 2190 8406 6931 4653
3086 3837 1116 6791 4653 1595 1265 2157 736 8579 986 2770 4190 780 4111 3186 5128 2474 823 2354 2870 9533 3282 1931 8292 8824 4068 2873 3437 9877 1490 6847 3127 9431 4450 6350 1424 9791 5982 2645 7670 2228
5866 8634 1133 2045 4807 3802 2172 4080 582 8174 7017 1585 8033 7519 9863 6611 6230 6107 2317 7026 6677 952 6681 580 2204 6617 5861 2845 8721 6831 1928 3746 7616 9057 4432 753 5158 1647 7262 6207 5885
3731 9458 1777 3128 1161 7242 2608 882 6672 8645 2438 9538 7857 2045 3982 6946 6384 7012 107 6848 3570 669 9847 452 1278 2255 1216 1043 6198 6310 3774 3556 5672 3978 1415 6689 6687 8820 9206 5648
6048 4478 3226 322 1170 2746 1083 8059 4621 8934 3763 3700 2742 5214 1994 6478 2714 8850 1650 2616 6266 2154 9220 1074 9749 440 6331 5570 4492 1613 1407 1575 4818 6254 7637 3549 3826 6472 7013
5584 2166 7298 4363 9653 2485 9346 8099 2917 2652 4546 7567 8763 6144 100 363 1040 1891 9252 723 5364 3222 637 7267 2064 974 2655 1214 2474 7018 2304 8883 4681 7267 16 2525 5514 4724
5473 2522 2114 5021 4678 79 1573 3923 1307 842 8406 5434 4134 1624 399 5317 3997 216 2868 9917 1208 639 3555 2961 7320 4717 94 2813 1080 8928 1901 6878 1235 8839 3229 3924 6199
7594 2942 3177 4936 4137 476 5585 2119 4434 9275 1475 564 6743 393 1687 2754 4351 286 4896 4459 59 7223 1868 563 2620 9860 153 8433 2611 8846 8106 5531 2425 5197 6810 1538
6784 7977 7729 8014 6313 3792 3413 7835 5944 631 8195 372 7461 7668 7086 4654 4133 8283 9367 6313 5480 4712 2317 5794 308 6669 8183 3484 4178 7708 448 1361 6231 2919 9121
5476 1094 21 3878 3000 7203 1928 4298 8758 9611 3901 2052 235 8147 1684 7654 9488 9454 3281 6627 6206 3155 1217 7714 8642 8062 3041 6272 1581 1910 3500 7194 3167 4367
2771 9403 2949 3585 3282 9491 385 6040 8689 8873 7689 4221 7112 6482 1794 4853 1126 1827 5022 8825 7668 9363 4595 6582 8037 4724 3535 6933 273 1252 8601 5630 5586
2015 8730 4600 6046 5143 3803 7588 3239 9350 8736 9227 448 4707 8246 2053 7009 1524 4521 6972 6316 8739 2089 3376 8272 36 1022 6396 3374 8006 7066 8905 3514
3064 8317 4514 6692 2797 8111 5159 264 7379 3721 9254 4387 9665 9941 7030 6728 6511 1143 8166 9810 7786 8572 4918 8058 4696 9235 7380 826 1576 4392 9354
7571 3854 9384 1269 6812 5870 178 2489 2909 6807 8219 6836 2283 9491 2981 5824 4820 6907 5489 4957 5917 6927 3106 4975 3210 9447 5828 7875 8543 724
8029 6663 276 5018 3763 2027 7582 7954 5726 4451 6892 8043 9199 8190 9838 801 2320 76 4557 1089 6158 4651 7527 155 5301 8450 5514 4361 2619
7858 2019 8847 4896 1658 8423 8212 212 395 833 7280 8250 443 5597 2518 3323 7053 2341 2084 7918 4256 5179 8456 7606 2695 9878 4406 5309
7545 8256 2231 1120 9290 1871 6756 762 7994 2002 7811 2725 4732 3519 3953 4558 5466 2218 2689 4185 839 1272 3700 1350 8437 2965 6665
9522 6520 6099 4023 6592 59 8997 9641 4233 2273 9371 2665 7474 9391 2510 7520 1149 4312 4942 8252 4771 2889 5913 9267 9537 3414
9391 8952 9200 2756 164 2700 2985 5544 4438 2454 3160 6624 8496 4198 7328 9969 2607 9430 1888 2401 2946 2066 7797 390 3991
7866 9552 3374 9043 3989 2361 624 2882 248 1364 2947 4993 3496 8771 5630 5495 6092 5100 3472 9019 7303 5469 913 322
4548 6941 1944 7816 8898 1908 6206 5745 2354 2877 3186 3776 5151 1499 1999 280 174 1051 348 2705 5318 4585 1858
4990 3201 277 2435 1564 5843 2342 8392 845 155 3343 236 2054 2023 2418 5912 9334 1453 2035 4190 8248 3768
1022 4586 8010 5952 2012 821 8991 2685 7825 220 3762 9452 2633 7105 4173 3267 4101 2144 3160 1330 656
629 405 2010 2424 5644 4540 4003 2089 1081 6563 185 4699 6345 9312 2214 6847 6904 2114 5606 53
6996 7773 2390 3891 514 5316 8510 6593 3888 5835 2257 6216 1003 6349 9379 1948 3522 6268 1787
6951 5850 7096 7465 2153 4452 850 5465 7629 5660 5233 6184 9757 2146 8101 2502 1848 7454
4969 7069 9827 1792 2558 7298 670 7606 3798 1209 7944 1346 6238 1229 5542 1627 6960
5233 1008 5299 6104 5152 812 6984 4085 9244 2352 6543 5410 4917 2082 8318 7382
7160 5202 4936 4905 9914 7978 2287 6472 2837 7060 2900 2362 7859 2861 1603
9236 1368 281 4494 1977 9829 631 6374 4838 3401 2950 4113 3790 3867
9016 1864 2770 9094 4886 5456 6803 6516 2644 4188 4058 8926 103
2881 9368 5682 9988 4570 4041 7543 1450 4093 9423 5453 1859
7693 700 5528 3591 4161 4144 6527 4850 6917 84 3136
4135 864 7301 918 9717 3590 7749 4093 345 6271
7103 2277 243 9384 4698 3685 4621 904 5584
8162 2586 9333 5311 6289 476 744 8031
1945 2329 5134 2549 1645 6206 6192
567 3272 324 8070 1937 9513
2450 6200 6072 8162 5795
501 6030 3515 5130
9879 4421 5964
1443 822
4886
