100
7277 4591 6553 106 1466 1794 9191 2192 219 2536 3525 1710 3639 6671 8848 2765 919 10 7147 7063 7563 6092 3423 654 6491 6104 9123 736 6641 4646 8140 9369 2693 1016 6 5913 8921 7086 356 1816 6951 8950 516 2776 9175 9320 1222 2538 5029 8721 3551 5667 2307 335 2521 2128 1802 9309 6461 3063 4247 2446 2676 7040 9956 1423 2954 9540 1860 5880 9012 2197 1715 2948 9091 8399 3101 6146 4730 9614 7438 1466 621 9055 1274 5108 2122 267 6606 7893 4396 625 7846 2091 9437 9219 5232 2732 3900
3668 8737 4842 7824 6304 3352 6825 4396 4109 7024 3284 6387 2209 4457 8573 5565 6564 184 1444 9019 6727 3501 1177 391 3685 5462 3237 3184 8121 6675 5910 8757 1520 9770 4906 4943 7872 988 2463 3444 5977 2615 1143 5930 1003 3309 1025 232 5305 7589 182 5491 6253 2609 3602 9320 9659 5184 8740 6932 4586 8884 887 8076 2400 9078 5745 5082 6493 200 4092 6198 3388 9916 6100 2422 5301 3204 1088 6646 1239 2105 7060 3147 1588 2192 7494 692 2668 698 1263 7490 1919 2907 8869 9818 3389 8077
5767 5673 9760 7477 6601 1720 4573 3494 6032 7647 4103 5333 9984 5934 2564 717 388 6314 4100 2500 1997 3125 8447 8525 3904 2690 7582 7311 4489 1047 2110 3783 2116 707 1120 6826 4461 9250 7236 9053 7558 9951 8871 4568 218 6633 1866 3239 1679 3113 390 5763 2449 3715 6044 786 6797 3083 5970 6042 4731 4538 5035 6044 672 5201 2021 5934 34 2669 3466 5129 8797 8700 6927 4997 485 223 6737 9553 3949 2688 5680 7895 8232 8661 9516 9663 3279 4086 1168 563 8930 4940 3644 4772 4354
2426 2536 1707 798 7729 357 3090 1068 1518 6358 7156 9067 4519 5311 2369 8950 7974 429 6791 9388 6036 8998 2942 958 3834 6962 6018 1544 1540 5498 1015 6515 9447 5200 264 6586 357 8319 1600 5500 4286 1109 6333 3826 281 1806 2769 9938 7395 9250 6795 8307 6855 7938 1237 6177 8720 2991 2303 7683 8267 1468 5885 4779 1584 3941 6941 2350 6657 1072 3227 6421 4980 354 1496 8819 142 981 1896 8904 401 921 1467 2501 4007 3097 7998 1249 1695 2432 7459 9276 9224 203 7790 5506
5180 688 754 8162 1839 5647 7835 6895 8759 7432 829 4918 4142 3677 3725 3809 5765 6681 814 7372 556 6242 9504 8295 6736 8779 9812 3371 388 9197 6274 6560 371 455 5470 9213 5748 9620 8121 4258 112 9836 8964 5347 9728 2973 602 2422 4986 1931 6830 5135 1437 757 7635 4329 3306 6298 8603 440 679 956 3714 4540 8318 6261 8540 3049 1179 1111 9611 1813 4550 4760 5285 6754 6221 6333 2166 172 582 6230 7955 8661 6227 5035 9871 8944 7430 7877 2288 7770 2584 1296 2548
2015 8437 5279 9393 5100 2794 1553 8970 7137 3074 1859 89 5370 5884 6230 3657 9534 1633 4370 1843 8711 7445 3547 8220 4931 620 8866 8540 5002 9839 4880 8050 5825 8399 8847 3910 5919 2665 8457 4623 1006 475 6645 5654 9780 7318 8446 5915 1715 5476 9767 2599 93 3948 1309 8594 3820 3715 8779 4245 7968 9749 1380 3858 1546 2437 764 7187 5642 4737 7111 8897 8468 8106 9863 3478 6456 2066 9312 2612 3890 4935 1070 775 3807 303 6649 1433 4177 276 4056 5509 3780 9794
6548 3678 3490 5806 6222 768 5060 3130 6116 1415 539 7270 1952 1503 6990 9081 1233 4716 7508 2161 5550 7211 7668 2951 8440 8313 5003 422 3599 2114 2974 2093 6680 6812 7473 2019 110 5414 7319 6603 7383 7403 5274 1368 9208 9659 5326 6419 7163 4331 2753 7563 5711 5356 150 203 8865 874 2338 9762 4938 8598 8438 1711 8617 9862 8046 2844 9779 3867 7913 1325 600 2148 1163 3752 8696 1553 3295 2311 3365 6394 5777 7036 8218 6176 6539 548 3420 820 8190 7696 8065
5944 5411 48 5279 563 5730 6608 1205 2553 227 5335 7072 2073 964 7101 3335 8 5082 9630 3879 3135 9771 8573 1126 9857 2780 7114 5378 992 534 4646 9898 8816 9790 1447 128 6715 5317 2663 2829 2646 9997 9618 7573 900 1710 2352 1277 2602 9991 8655 8826 7923 8361 7349 491 7493 9936 436 6858 8756 9923 4831 4287 6629 4287 9356 7174 8950 335 3083 7250 700 847 1494 4498 5180 864 1464 4834 7822 2446 4307 1637 1423 2209 3405 994 470 1425 8459 4989
9849 9037 7953 2007 5249 2270 7400 3736 732 5815 9265 3996 9089 8752 3994 780 9833 164 7422 479 3372 9223 8913 752 2665 716 6733 7010 5547 5781 998 5745 5608 5900 7509 763 6987 9459 9379 3215 3893 2759 3636 7828 5567 2042 2022 2669 7075 80 1466 7147 8940 4986 6674 8996 7979 6482 1116 2611 7003 6662 2510 2880 7432 8968 8018 7954 3371 6693 5428 1249 7561 3669 1338 6593 2637 9699 9587 8652 7490 5357 1395 7935 662 6750 4734 1432 4828 1914 9666
8798 2800 74 394 3457 2320 8201 2257 9604 7913 9933 1396 7865 9232 9786 9611 8907 9251 292 9177 4369 1726 3939 3265 98 3890 2188 2108 6436 7971 9854 2680 5194 2881 9914 3923 621 4570 7830 2329 2505 7805 7491 9466 8092 3698 1086 8416 2011 809 276 2383 7701 8800 8042 8621 8892 3192 252 9684 8465 7770 7412 9782 2191 6406 5197 7009 9755 9613 2520 291 6538 2224 8335 7535 7508 6887 1817 1504 5607 1927 1229 5438 2607 5022 3082 1103 2661 9585
1622 1296 2518 7416 3205 8852 8805 3447 7293 8203 7859 2945 6743 1991 9582 4024 5481 9835 7768 2024 4962 885 794 1973 1541 1981 824 5073 4282 1534 518 531 8257 5413 1371 5701 1817 4328 981 8828 9920 9002 2478 5661 8171 2604 3677 814 904 3541 3840 699 6706 5124 1129 1227 3029 5829 2934 3698 67 8371 4662 8247 2775 2382 9416 4249 6567 605 4358 6589 223 5 1699 6155 5980 7258 2256 1115 5094 469 8469 1802 7505 8280 4334 1953 2629
9902 7299 8471 7597 4486 8061 5862 2910 9953 3286 1980 7817 6937 1505 7219 9394 1989 1386 6722 849 410 6750 3733 265 4309 478 2587 2087 8198 7824 2863 6861 4527 2823 5338 5536 2078 9540 4022 8751 6054 1228 1718 3589 9765 4684 7652 9281 369 9019 1418 6659 9236 4447 86 7146 1690 9235 376 5612 3753 3175 1885 7365 2976 24 305 1284 7139 5922 4289 2738 486 3731 3583 4484 2088 7553 6809 6851 2434 9855 5436 7099 7471 636 4644 2656
8351 4653 3624 280 4839 1660 3396 900 4859 6128 2214 9280 1150 9887 7437 734 7689 130 527 4302 3466 3464 7291 1426 8415 6925 6798 9054 9876 6460 2793 3301 201 2723 2546 4258 9608 1478 6522 4884 2725 5511 5504 8862 6615 2116 6228 2653 2278 3073 1102 2811 8949 5464 9216 212 417 2110 825 8151 2235 8295 6364 3471 7795 7213 8496 4451 5 4989 1305 3547 1001 7555 4679 4708 7061 1912 9869 1829 742 216 3925 6819 9071 3529 8081
7234 5184 5064 6741 1517 5819 9446 1940 7143 6323 7971 5657 4803 6230 7018 2535 1778 1517 2190 9842 9163 2577 1043 4016 8415 9744 832 8746 1869 6464 9027 2439 2707 9635 1525 8299 551 1228 4608 9787 8949 8385 2622 8277 6922 2274 3780 1454 1280 745 5423 6699 1610 8738 2669 9076 5987 7821 6432 9846 3938 9249 5790 3449 3665 2563 5005 7617 7086 4551 3709 2152 3105 3991 406 8972 4991 386 3955 213 4415 2566 6575 1017 7403 9377
7951 6371 7705 3684 7376 9874 4346 3801 7347 8094 2258 167 5094 4113 9994 132 5302 4963 1715 5018 7265 7654 860 9373 7616 1251 1429 8268 9972 4164 3396 7653 3905 9204 9080 7918 7337 1540 9309 3057 5850 5968 8528 8824 1930 8337 4115 4410 3169 6132 9234 3524 6297 2603 6183 764 66 690 6619 1010 8793 341 5182 2215 9 7327 6282 8514 4994 8694 2083 5441 5913 4182 2097 4013 6193 907 5792 1010 5256 5555 5239 6205 5605
7699 5817 5414 5233 1097 473 4128 9523 3810 9857 2735 9905 5245 5061 874 7875 9711 7427 5936 1850 6296 6014 1391 1873 5270 2875 2883 899 1272 9963 1629 3837 1350 6122 4132 9509 4256 3063 2832 892 7204 485 2676 2464 8372 9058 2267 1285 1335 6070 5015 2132 2318 142 8486 1812 7705 6410 4006 7433 1612 7683 1306 8490 333 4961 2590 6215 1167 6812 2503 8779 5987 4402 991 2414 4109 4264 143 9375 373 4708 6941 2160
4240 2235 3001 5553 94 4486 3843 8050 277 6106 8623 2067 9790 8936 3643 2830 2046 2034 400 8536 5688 4911 423 6948 6304 4561 9358 8537 9235 9845 7003 1493 502 2395 7281 2561 9916 8391 8417 3942 4028 5287 1602 3152 9394 613 2244 6531 3557 1391 3953 1596 7433 6821 277 5721 790 3411 1103 6779 5928 1185 1513 2155 8760 8615 1077 1771 9179 6452 2008 4926 7770 4865 8444 874 9954 9601 8832 1421 4348 5436 2466
2702 7952 3677 5344 7013 7077 4936 7819 7118 8524 4399 7806 5866 3118 1239 3246 8199 1027 199 2689 3281 8389 7905 9220 440 9572 5940 4872 1300 6747 9841 5420 2678 1267 524 5905 1569 9431 2838 2746 1417 7927 4969 1474 203 6896 5731 1123 173 1436 2662 1252 8215 9223 4287 1411 2066 1954 9478 2851 8592 2299 7093 1399 4589 2540 1149 4336 1524 3026 1477 2067 6549 641 8805 4671 741 5399 2674 5613 9334 6446
8378 584 329 2822 1779 2672 7585 9171 494 9050 954 7298 3106 1930 3114 6993 5303 8500 4246 7792 2031 9374 5464 6003 6092 2266 7216 4841 542 7795 5097 466 619 9062 2686 3724 8804 4228 1068 7822 6310 5236 201 8953 8910 414 7941 7148 7009 4517 1264 7335 6331 133 7197 8947 8517 5694 3525 8960 4621 8926 2959 7966 1393 3318 5278 144 5067 1318 5435 2877 7444 9739 613 6457 9586 426 7607 2196 1796
5069 5497 17 8560 2749 5785 4474 970 176 6027 2402 856 2134 8958 3483 4211 3775 5026 2281 6465 7215 4151 4903 1457 6372 2327 5448 9174 4647 8423 321 1160 8321 7865 2341 8023 1969 8582 416 5377 3659 9706 1801 310 5186 2448 2690 8555 4649 5776 4017 1244 3671 3991 4532 9109 8281 6246 784 2994 1468 13 3611 2565 9004 5145 1099 9144 2710 1787 2974 6868 645 7547 235 6401 3259 3325 1321 8175
5645 5539 3983 7236 4309 9507 5228 5431 1330 6362 9304 2557 2850 5313 4218 3282 7331 9344 1227 8699 7303 3840 8410 2073 9430 1157 5538 7663 1704 4795 2410 2792 259 4784 4491 2931 4625 1331 6055 8657 2406 7436 1527 6193 6465 5036 7126 1016 7313 3862 5181 4119 5482 4798 3054 4664 8263 4608 3685 4986 2210 612 5659 6397 3010 8145 7069 6399 5829 640 8909 6825 7726 83 7191 116 1856 8741 151
7744 3980 7331 9097 2421 8855 2492 4369 5979 7488 6133 8172 9912 2176 608 2534 8952 9443 7181 2461 6370 2694 1921 8518 5640 3458 2919 5247 2895 8744 3765 6709 4176 6156 9776 2791 2974 3671 2530 9882 4392 2936 891 6175 3570 875 2389 98 9151 6125 381 627 1154 5711 5743 2442 3382 5097 416 3863 3753 5952 754 3048 2528 5387 5380 3599 5799 9122 2136 4419 7017 4232 6506 1317 2207 4987
9645 6550 7196 7881 8695 7976 6952 6 4912 6610 5994 6395 2279 7655 8732 2481 902 8249 8218 9774 792 5305 3275 3503 6311 6707 9700 6487 9226 4744 9961 295 3839 1852 4789 6095 1701 2898 2315 9811 1086 1476 6462 2129 2371 3223 4526 1970 1481 1454 3700 1216 2354 2606 2897 5287 7831 2770 7026 4142 532 5744 3318 8296 2516 9867 2370 4870 1439 7466 917 2303 9233 1401 6504 5331 1485
3615 7417 2700 7538 2944 168 4326 2268 7716 4512 7585 5550 1464 7850 4357 3295 8355 3887 2357 3763 1755 6349 7638 6876 5737 1548 6530 4863 2506 6577 2824 108 8327 4339 5895 201 296 4780 3051 6270 9301 3089 5382 4406 13 4230 851 84 298 5628 7719 8980 1508 4636 3321 1140 981 889 1715 1266 7581 5873 2457 2888 6072 4580 1882 1142 6684 6201 9589 414 6935 4252 9374 7110
2937 2492 8368 393 1277 389 2565 7343 1486 2185 4628 9823 7384 2436 1723 578 8412 2320 333 4169 7544 7014 5629 5345 886 1830 1628 1526 484 441 6592 6919 3124 7701 4373 3416 2980 7905 9720 6877 4113 8842 2530 2678 6648 3109 9521 5477 3454 8117 1885 5224 9888 1167 2282 2803 6205 3341 3417 5054 722 1984 1476 3167 3526 889 8426 9737 5240 1962 1111 3381 4645 9800 4552
3615 6927 6643 6558 9189 5690 1434 9729 8716 3929 1689 4390 7892 2616 5604 228 6140 7643 4328 1411 2968 5463 2896 2806 2402 5407 9766 1611 8736 6707 7914 945 9013 51 200 7849 5482 6474 1941 5808 5309 5241 5578 3612 9994 4625 7764 5588 9626 454 5275 2885 2282 4784 2225 9122 8621 4515 3646 7964 9828 8449 3082 5747 2173 2606 7754 1355 4202 9989 8047 5858 1524 5850
2187 4546 6271 9567 4933 9586 4511 4810 3279 2561 4843 1239 1654 8934 5298 5578 2745 9857 2395 9160 3934 2326 5025 2087 1170 2444 5743 7715 6896 1105 1880 6994 1523 3664 8266 5914 3727 2261 6724 1121 3613 3440 4934 9109 5461 361 3495 8062 2401 3315 9949 961 2303 1235 264 3510 4664 5587 1040 2268 7135 3794 6753 6363 412 4847 9764 6666 5033 5750 1888 3474 2204
9769 2912 1043 9431 8083 3974 7878 1996 7305 4848 3266 9829 2354 9211 5571 5875 8201 9878 9096 6149 2736 4520 860 9100 9383 7860 3191 173 445 2555 2405 7334 2133 6914 2520 2548 9501 1655 2921 8804 2668 4462 9397 8584 6586 7345 646 3725 6805 1511 3711 2827 6689 2180 9372 4652 7663 5730 9689 273 9457 5437 434 2401 2988 3925 1851 8067 3039 6688 7537 7983
419 2239 1665 4912 324 8146 8631 3324 864 2350 4457 2023 6509 1965 8933 4788 5791 9862 3192 6894 762 6943 9297 3158 3269 5937 2950 5214 6448 2315 2517 9814 679 2169 1821 6660 2055 950 3102 6601 1713 8272 5278 98 1309 1963 9630 2348 8977 8985 6333 5868 9521 408 1643 3245 249 3788 9792 251 7433 5311 6173 1392 6512 8790 3379 7645 4684 3094 6851
6140 5329 4007 5719 2147 5689 1031 6927 4219 9834 6210 9038 1762 222 3329 406 8654 1375 3328 9184 2643 257 5541 2193 3239 2853 2717 8218 3187 5979 7769 9119 4109 7863 7594 2618 308 808 6648 1040 9019 8389 2425 2372 650 1144 8432 9435 3265 5968 6484 3536 590 2977 8099 1785 5457 4815 7879 1050 7342 1963 3400 8360 563 7340 4849 3952 4379 8850
5991 1401 3874 2072 3527 7464 106 7752 7071 1795 3309 3523 1265 855 9332 9137 2244 2605 6039 6613 3211 6651 2902 1380 2569 7783 679 1960 7669 2226 1201 7489 395 6658 9337 7419 9795 8272 8139 3141 3062 6996 139 8177 686 9213 4540 6072 6925 5990 5329 5408 6497 933 6930 2304 7558 8741 9217 1794 5725 3846 9118 954 892 6372 1080 6679 3749
1590 9797 7592 1612 9303 227 8705 1075 2282 8927 2142 5256 794 8791 231 3297 4336 2459 3828 4807 7336 4361 4323 4769 9750 9674 1736 8210 4853 7126 8436 9526 9808 1631 3481 3160 6661 9629 1292 7608 3798 1174 3964 44 9554 9776 4755 8020 5668 8489 3307 7682 6122 1111 4434 1098 6473 5916 3345 4470 5630 7853 1449 733 5384 6163 3135 6773
6229 593 6762 470 3098 8694 4714 8257 8487 8454 2827 7313 9337 3828 6347 2017 9634 2355 1656 4319 8918 5165 317 4255 8680 1523 4655 5362 9141 1879 979 6744 1614 6646 3346 3156 5116 5946 287 9328 1327 8415 168 6673 9815 7716 2348 2267 3319 8868 157 4584 9287 710 3749 9077 425 1521 3325 9182 1966 7076 4156 1531 1178 7509 6685
8011 4853 5049 3140 1312 2723 2836 5442 4906 1639 3665 4503 5353 147 5475 1512 5357 2611 4573 4689 1841 6507 3583 1212 5736 349 482 3602 982 4192 9718 1522 6849 2910 698 9520 265 9308 2780 3648 8598 479 3922 1491 7890 3997 5960 4705 647 7826 282 744 682 7316 1333 2867 184 841 7865 1279 175 4680 7697 5546 8640 9949
5254 8396 3636 6929 8897 2731 7645 9305 2240 8554 7886 733 8155 3361 541 2860 2871 6083 2360 1390 7978 1323 7158 5594 5424 169 1120 346 990 1084 1824 5003 885 5296 264 5113 2489 2506 8021 6683 2803 6417 5814 8203 7780 2976 2904 9545 3338 4825 8868 4784 7384 1484 8443 2360 6401 4280 4448 8110 1493 2337 919 9937 2959
6771 9757 910 7214 198 712 6783 5139 2370 3536 2399 8442 1989 1679 7009 4189 419 3589 7234 5765 2893 2526 6187 2770 8645 8792 6876 8989 6449 2063 1142 8348 4862 4812 9511 1846 438 8318 3835 6439 6421 8151 6833 3334 713 8586 2748 9430 4568 9603 4923 8922 2503 5048 492 5244 6552 1406 1996 5615 2435 5328 4449 5427
936 6123 860 4746 5267 5677 7673 5401 7906 2608 1465 768 6867 1425 4322 6269 1 9686 8789 6078 1905 1120 4289 3271 5080 4780 2502 8627 1183 704 1916 8541 1850 5781 1349 4929 3061 6479 960 4991 1647 7861 2703 2480 2812 8541 4892 8956 7702 8007 3447 6043 7332 7470 3891 7802 2334 26 4946 401 3759 425 5038
6306 8251 5567 6586 9301 675 2187 6424 4146 9031 9021 6172 8718 5548 8821 448 7706 2446 1197 2729 2743 7959 8602 1210 8527 209 719 6793 1200 1400 34 4303 3306 3508 1427 8627 8812 4070 3114 7929 3306 6928 2592 6710 1457 5018 7233 7047 1470 2802 7281 9683 7996 9299 6797 3759 1100 554 131 257 5338 7221
8388 4103 2861 5852 1768 1512 5071 6613 7347 3867 8878 3235 311 8374 3955 7502 9290 9114 6241 2825 9514 6574 432 7040 8718 9112 986 80 7390 5699 3317 3436 422 8894 5331 3468 3622 2961 342 6313 750 3766 4312 2407 5305 1669 5658 9457 1047 1135 8443 7596 9776 2112 2107 7045 501 3215 4081 5452 2393
6536 7994 741 3312 3196 1507 8332 2022 5446 8169 5817 8035 7218 3486 1620 398 6313 63 7515 9104 3200 6004 8754 2411 4226 4663 7050 7131 2075 7784 2661 6427 1558 1809 8937 8618 9897 9222 6211 623 5120 8287 718 7227 3879 7321 148 8111 1244 1321 7411 1678 996 1123 3428 1460 60 7626 6665 4135
1763 1001 3188 4940 1543 5089 2464 141 1949 9508 8362 2778 7349 18 5711 1357 4541 5473 4445 2355 9077 5938 5058 6456 4738 1969 2538 9586 3207 2878 8439 353 9489 1370 9537 5845 4786 3284 5937 7760 672 7669 5368 4301 3951 7800 2901 9538 4524 798 295 9506 9947 8304 8240 2742 5780 983 8027
1917 9241 7417 9567 7937 9756 5268 8003 8444 2190 9728 8612 4667 4683 7744 7766 6866 1492 1194 1800 4193 3053 5959 7275 101 4904 5164 7684 4849 1073 1034 95 3278 7420 596 9110 6816 2668 3343 3139 7276 7717 1806 1619 7367 8196 2511 8187 145 7454 4879 6559 1058 1110 4053 449 1603 6979
8382 3222 8704 2097 2037 9967 2652 1751 5190 6311 2997 1161 9443 6056 5498 6238 3094 6260 139 1029 6248 1984 7968 4067 8657 8739 3645 3584 2449 3136 8404 5652 4942 2095 5243 1468 2639 2659 3183 7153 8025 2280 3033 6539 1688 7819 1504 9073 9520 8479 575 3060 9204 8301 5561 13 4678
4539 1547 9892 17 5216 7360 2387 1412 1719 5946 1866 223 6978 480 532 6579 1073 4019 4634 4165 1588 2309 2294 3827 4397 9580 2539 8667 7305 3379 7651 2984 4800 2131 585 1597 363 6720 9560 551 8613 1142 1571 3678 1685 1542 3543 685 3084 9131 2414 8003 8778 162 5653 2185
6469 1369 2240 2356 2957 6039 6861 5965 537 8845 6278 767 2198 4427 4299 6400 2242 8934 6159 628 7636 1369 3218 5295 1646 2089 1375 1994 3525 8702 886 344 2864 702 1613 2265 1936 2316 5667 8366 4639 5681 7653 5373 3676 2586 2948 9192 3941 7971 2342 1897 1174 8049 6876
481 4738 7158 9685 7506 2062 1265 3409 4713 3622 8420 9097 1888 3019 3450 9612 8354 7402 2712 3757 2000 1539 5763 8299 5972 9687 5747 9665 885 2435 7671 2751 4202 7741 4681 7272 3570 6109 883 3391 1284 3422 7602 4267 690 7701 2074 7922 8147 3761 2250 9237 432 2483
2689 6825 1679 5632 7536 4966 8655 9812 482 8291 1236 5146 11 2433 1796 8409 9213 4678 8400 1585 2944 5069 2407 8503 3282 6269 615 8829 3757 503 261 2533 6249 2516 3600 9799 9154 686 545 9953 8123 5694 9781 4383 114 9062 1454 2731 5910 335 7830 374 2455
1206 3974 4504 9100 7843 3751 9589 3403 3402 4279 5969 1797 3045 9678 389 2495 402 8929 8833 7465 841 4854 4756 6968 5585 8857 6635 2022 5411 5391 3926 3613 3518 9369 273 2944 1213 7899 7666 1739 5542 6781 8094 1612 2533 4674 4705 7233 9448 1080 7917 2308
6060 4895 8514 5861 4328 6285 3168 5526 5864 321 8249 3821 5677 2998 4170 693 5235 8523 7627 1558 131 8033 8005 9366 7082 6772 5763 9120 4298 4077 9692 5076 2895 2391 1473 8159 4917 7522 1938 1325 2408 4213 9526 7180 1419 1846 5578 7923 9677 6206 377
4498 5978 5337 3053 1196 9246 8204 5685 4450 1487 6506 4903 3426 7643 3256 7928 3008 5343 7855 8042 6787 2201 8242 1349 9412 2849 561 2138 6066 6292 6654 9763 5513 7489 1966 8847 165 792 4625 1229 5601 3150 7381 3622 1941 7510 5752 1280 5631 8125
5773 3136 7905 1621 7010 9183 4012 2133 8063 8049 7323 6046 7921 4274 4563 6369 7159 7554 3497 2703 4045 2099 7189 1489 2759 1408 6597 1690 496 9568 9029 9689 9572 7131 5902 6259 1931 8668 556 4272 2008 232 2517 821 8720 9806 455 2690 4430
6831 880 9645 6822 7104 8212 9839 4664 2078 8603 5821 5992 1009 9513 3754 7980 964 3394 8155 5078 83 3629 9867 7091 4934 4936 2783 4578 1358 2541 6589 8793 894 3395 3801 8437 2460 9912 3296 6624 3239 7790 7529 3096 1226 2243 9640 1229
3826 2693 5797 8107 2813 9430 2348 2905 1124 6493 5014 1681 4107 717 3800 8465 9446 1817 8267 5025 4558 2376 860 3671 9059 9222 8116 7783 4948 1852 6731 3823 1470 5808 2424 562 4722 9167 5213 4386 7098 7099 9809 5795 6172 5424 5661
5934 8751 3851 5355 6772 1662 3469 1595 9572 892 9356 872 1151 9847 7354 11 9001 5135 6138 4958 4338 9 129 3092 4134 6639 8058 5911 3346 9242 3181 802 2424 563 6896 2129 53 9446 7133 1861 1296 7720 1574 5532 9414 2698
5543 2832 436 9854 9548 6767 1988 3050 7379 5147 1789 4555 7602 6818 3108 7948 3820 6225 663 423 9744 1029 5291 5451 7859 1922 2851 5711 1727 1048 1141 3222 987 5842 7144 4451 3293 8737 113 2862 4829 1672 5726 9448 892
9705 3442 1563 2181 1761 6578 4902 3651 319 6335 168 7908 9338 9749 362 2588 8356 2787 242 7101 2521 3037 469 9861 7133 1503 3101 1400 3029 7522 8171 2783 964 6131 6767 4721 73 3138 8822 6802 871 6617 5955 8394
4502 7934 2657 2791 9304 5930 5527 5077 4718 1835 8781 364 1275 5766 4830 4859 2409 5793 8607 5060 6203 9777 2111 2904 3891 2047 3567 1540 1077 7456 2580 972 6172 3157 7371 4503 492 1728 2716 9419 1575 3225 8514
1147 3091 400 6522 750 3068 7891 5194 3666 7478 3634 9092 4272 4310 977 6010 7138 8546 9758 4452 7842 7637 1604 304 8517 2200 1999 7322 712 3374 5632 4285 2713 334 8019 1288 7929 2166 9904 2324 7009 8829
6543 5541 4147 5258 9104 6815 2562 9028 2313 619 1749 6090 6497 8282 9783 6692 8141 569 4547 4921 6216 37 4190 594 3592 4113 5797 8623 1119 9254 4889 745 8000 5003 6696 727 4339 4901 6478 1333 1802
304 4284 6017 9797 9150 5720 5448 9442 5552 5364 4930 6409 7971 8243 7289 7207 5692 9833 2495 3402 2424 6803 160 7085 125 1096 3077 6099 2981 6174 9643 4489 1836 2047 7508 6663 9015 669 6396 312
4471 2612 3871 3611 5775 623 1977 6840 290 6062 1134 9047 4833 9174 3227 765 964 5369 4732 2536 2022 6936 2896 4526 2022 4951 714 9297 7771 3136 3913 7509 5239 7354 6122 6725 464 2314 5436
51 651 1051 5796 1855 6042 8123 851 5594 4983 2550 949 3306 9553 2678 2010 1184 5703 1755 4154 5865 3570 1320 4357 2915 7640 5662 586 3392 4542 8461 7657 5055 3086 4680 9497 7129 1098
1160 4846 1546 7055 4516 2582 6801 8589 7008 6051 553 1734 3459 6414 6040 1125 349 538 6296 3330 6921 7302 9989 1539 1135 615 6886 2388 7373 3622 6143 538 1031 6245 2646 3924 3693
552 4612 403 3228 1602 4911 2540 2679 1677 8230 636 5048 4478 9773 9675 3825 6376 4393 1540 9336 2736 3998 6916 8403 5153 1671 6993 9104 5297 9109 2509 280 4148 909 5595 8804
1695 6123 7953 4272 1423 9579 6094 8864 7419 5049 382 2385 743 3223 4588 1761 8891 4432 743 9281 8372 762 8584 1977 7001 5201 8835 3325 2720 7522 252 8127 5810 8405 748
4709 3804 8735 9748 477 7048 7254 2097 6382 3403 4598 5584 4033 400 1347 9812 367 8693 6432 1687 4876 1732 5840 4637 9653 1222 3324 4255 5286 2643 3860 5574 1007 5964
5849 4869 5496 268 3866 572 8450 1260 5373 9387 5936 6103 5793 7476 2566 1598 4897 9237 1024 2924 1068 7988 9399 7436 3155 2971 1296 106 6946 8950 2421 6183 4274
8522 919 5969 1950 4505 8996 5746 8373 4643 4182 2984 5632 8959 7325 9861 4949 9658 6734 2152 3275 9903 3243 9212 3358 1097 4101 9791 5 341 5359 2805 1634
8794 6213 1182 9226 4461 8972 1125 694 6560 7948 2779 2153 9660 2172 164 5811 7935 1853 208 7206 3271 7946 2764 9015 6048 5805 810 7734 8314 8469 5310
7057 9262 7767 5995 2998 5650 8179 2798 5400 300 7801 3672 8996 9620 5180 9250 8213 4540 6549 5404 1028 1156 8042 1606 6708 9033 8209 3187 7181 4382
6480 4939 5639 2830 3367 5872 1225 3456 8656 691 2595 3116 6773 295 9385 3518 2195 1159 1617 3737 4526 1428 4191 5725 4150 385 8990 7819 2808
1698 8818 1928 1895 4066 1211 7889 8796 3797 1453 7903 6828 5869 2814 7755 9289 2033 7200 6211 7916 1066 2527 3580 2577 9488 5101 2091 7427
3813 2685 127 2490 9264 4396 6209 3298 5133 1878 1088 5695 6434 1880 886 8589 6693 3634 5214 2236 1948 1440 4426 7580 4213 7881 4848
5493 7240 8983 4469 2347 9434 584 5773 2608 9091 4628 961 5354 8946 4481 8402 934 6895 4755 7245 4221 9889 5831 3056 6663 9554
690 9532 1437 8671 8886 7643 6691 8788 3413 2788 8389 4856 6985 7292 9905 2533 4274 719 4966 3611 1825 8528 11 5812 5750
925 6244 2251 7221 9863 544 3577 8654 5840 4118 8112 2717 7558 2050 7452 9391 3311 9418 8823 4918 3781 6357 1228 8750
5732 7886 5598 8225 6721 9190 1962 5656 3278 3256 6169 6052 9707 1553 267 2460 3999 5264 9041 3591 6744 7146 8537
1964 2479 4304 7375 1688 2591 5333 2194 3056 887 411 1445 9496 6494 7822 6103 7619 8599 9939 4101 379 453
1522 8478 516 369 2289 8024 6156 73 3411 8257 2374 1371 2466 2152 2263 9331 9896 9965 80 5713 4916
519 189 2383 491 980 4365 289 3213 4102 8692 989 4745 124 7421 7645 6995 2766 4868 1747 3046
350 5907 1244 9397 395 6955 3400 7270 5527 597 4377 8785 7787 825 2715 5941 5786 2047 3619
4380 2596 6517 1226 4144 8028 4592 1468 654 2731 1846 8683 9642 2230 8508 2458 1139 6638
6507 759 1608 3543 4968 1224 5483 3819 8964 1306 2613 3391 6401 2342 9754 535 5351
4869 5102 4229 4101 4885 8921 4056 1788 9900 8183 4995 8472 2780 7043 3786 400
7320 2293 3429 1441 6934 1785 6478 8134 5765 3106 1421 1051 6545 6190 4470
8193 1109 2700 9985 372 7281 6924 4635 9820 1596 1654 7259 1985 2923
9773 344 9619 8322 7333 1049 5080 666 2243 4764 7831 4724 9716
6715 9204 957 6625 2091 4013 5699 6177 2999 7413 3751 1407
6270 2575 2067 1662 1320 4813 9934 7002 2110 9417 4494
1664 1483 9909 685 257 4973 1822 606 8899 4256
1958 6018 7305 5613 6049 7111 8933 5727 5424
8496 6891 5287 957 7866 9511 1457 3382
3806 8017 486 1021 355 5455 3491
1231 2662 7004 6233 2612 4092
9576 2086 8295 1271 2257
2853 3510 3144 6832
1537 5884 8660
1207 6384
6301
