100
7264 4365 632 2157 2975 6087 9509 3901 9708 4361 4116 1534 3387 6022 8384 8948 4719 4613 9824 1268 7437 9704 8900 5363 847 7405 2193 369 9437 1410 8904 3126 2505 6444 4622 1211 698 7897 2040 1244 268 6756 8117 8524 2102 7465 9504 7834 636 3977 7414 2707 6309 8864 7157 7287 3456 1814 3974 1472 675 4083 1628 4081 7108 2919 8605 6892 2731 1608 1153 2599 9655 77 5416 767 9600 1243 2641 1901 8382 6350 4329 488 2744 7258 3472 972 5743 9538 5986 9209 6188 3097 5684 1679 8791 9895 2462
8825 7770 4862 5960 4983 7781 4478 9288 3872 5555 4837 3547 1015 9325 283 3729 2702 7277 7630 8430 7320 422 5097 1166 1268 6642 8490 4681 8823 9804 4980 1560 5256 6495 2114 8519 3186 2926 8845 4027 7606 8854 8079 8149 1119 4897 9673 1495 3290 2428 6147 2791 549 8571 1746 706 9495 3612 2655 6867 6193 6297 1749 596 1364 498 171 5523 8082 3434 5267 489 8665 6529 5921 9784 398 7666 3312 7299 8662 4397 1330 6418 8187 1336 5943 4053 5436 658 336 5129 7782 6184 8052 9753 4786 8891
9266 8311 1087 6018 5640 2251 3442 8668 8435 891 5882 4728 2568 4604 2153 6905 1283 4887 2768 2692 6718 7216 330 556 6932 2531 893 1280 471 240 7324 8931 3679 5625 4160 4684 5059 9448 5255 735 813 2391 5149 8780 6473 7898 6795 1814 7534 112 2910 2215 8000 1690 6810 5298 197 1242 3374 3465 8791 1520 2169 5392 1113 849 5341 1809 7358 474 1587 2946 3366 6003 1855 884 3866 7159 4245 8509 1194 4178 6076 2313 6293 2764 2739 556 233 9142 6385 1915 2604 5154 3281 6731 1626
4776 446 9834 639 4742 9611 4733 1527 1928 1894 2169 9556 8920 4158 7287 8497 6584 4739 8226 8533 6749 1837 3986 2265 446 7167 9710 1933 9886 7709 7853 392 2838 8604 6797 8975 5463 665 1976 7544 9469 2780 1060 4319 5208 4814 3194 793 8696 1914 8026 8695 8214 5824 9692 9405 6779 5199 1690 3844 1019 7732 1180 9404 5106 5022 3572 7942 6866 1316 7003 2625 5339 2569 2651 3203 4605 6958 4960 1787 4826 6697 8153 1188 8287 7813 3762 7117 2708 1578 9367 1367 418 2558 4514 9614
1829 2684 3861 1852 5906 3988 6895 9258 890 7091 6568 2760 6719 8261 527 3071 5623 1496 2343 229 3583 7843 8733 5984 4674 5175 8781 6271 9898 5556 5941 3254 5126 7887 6970 6520 1629 6338 9642 3354 7649 8260 5266 2741 3879 555 2593 4124 4679 9264 7164 3231 4511 8418 3587 1712 989 942 8804 1828 604 9789 4463 5979 4526 7470 2266 6500 8571 181 7989 3178 1785 1300 9569 4404 509 2601 9228 8476 225 3496 320 1885 2502 3435 9294 2355 140 6071 3908 2814 1935 2481 3830
3031 6964 7121 4716 2310 2293 9797 8361 9346 8569 9209 7596 3275 984 2854 8794 5845 7901 1000 4043 1078 4477 9253 3268 3858 5255 4907 6934 9972 7084 553 8708 304 1249 7536 4890 8743 6611 5323 6396 7594 8986 8301 8605 3619 1777 9466 6098 2768 2453 1897 8934 9969 9451 856 9375 7285 9639 1265 8016 5551 1963 7852 5744 511 6365 2724 651 2094 4668 2126 2488 1546 3124 967 6379 2899 2079 1982 6860 3669 8799 6850 1191 9223 3625 8461 3461 3283 2932 5041 123 3304 1811
5154 3570 4252 5935 4 5463 1861 9561 5270 5172 9946 4014 7376 8606 2853 2107 9641 7088 860 2035 2604 4312 2704 5295 9211 592 3158 3253 2212 4592 180 125 163 1730 2782 8224 2777 3926 1810 6481 1212 503 8353 1024 1007 7502 9487 1405 1379 8166 700 9130 8141 7391 1316 1012 1642 6743 7796 5059 6529 2822 174 8656 7512 7288 4175 1671 2218 2400 4447 573 6103 5451 2984 6467 1420 883 9242 9468 4756 1766 8511 1691 9599 7894 1931 2817 6755 8178 5974 214 7824
9044 6013 5717 1528 8220 1621 1053 47 8381 1010 9076 255 1735 711 7295 3183 2165 2830 2352 8101 472 891 8735 9817 580 156 2077 2477 9304 1588 757 938 3092 3624 5107 700 4486 8969 9625 1296 9430 4243 9183 6444 4755 9686 5099 9713 7597 5235 9906 5597 8852 633 6686 6020 3040 336 113 8128 6515 3653 7832 9558 7629 8744 4419 442 2494 9651 6980 9846 5937 2860 7414 8839 1895 1484 8880 2201 6257 1873 7466 1125 7922 7345 3839 3207 4004 3855 3108 8260
8186 771 8296 684 919 4773 2268 5868 637 2219 2885 1816 9431 2612 8544 6839 6987 35 2277 5151 58 2431 1391 1027 5147 5754 1435 4154 6727 2529 9967 1586 3605 9428 5341 3556 5753 4919 5527 6250 8217 344 1749 9406 433 2450 5606 5701 3079 9921 3571 9148 6513 8102 4602 273 5509 1245 7049 486 2833 2446 5081 8209 9581 4001 2334 4567 1597 1126 4860 555 4827 5587 8156 897 8901 63 5423 1448 2435 7007 3986 7015 3196 8814 5506 1831 9369 1555 3970
4369 9546 1198 7707 3466 1064 8450 52 6812 2442 5769 1954 7447 5436 9092 3025 5112 6557 7411 5844 3192 999 3349 1081 5960 6053 463 6304 4523 7376 1234 4590 5750 1386 2344 7053 9619 3295 4623 3910 7772 5112 1034 9522 4214 5298 9891 221 5883 3487 2422 5740 8045 2236 3354 2593 8200 5554 3217 7452 9639 1088 1027 1476 3418 8473 8181 6118 326 6890 9487 1197 2702 7568 7839 5763 6145 583 2136 3783 8659 2613 63 5008 4512 520 3784 3665 9262 8845
5979 429 8163 1283 8493 6300 1175 6527 8045 8927 8939 2754 9596 2145 1866 2296 304 8206 4382 3906 2331 1320 6663 2454 2967 9031 792 6676 9285 4081 7986 2061 6391 6044 5237 3488 9082 9215 4436 1333 1704 3295 5736 2701 2156 8857 2680 153 6823 9866 8072 8170 2099 8919 3663 6057 6343 2523 2013 1817 1322 1035 3757 8010 827 2288 2935 4143 3360 1173 857 9809 3197 5295 3463 533 6728 845 2033 7595 4523 4784 4980 8889 953 9005 2276 376 3061
8449 232 9662 7551 3589 9270 1259 4400 6482 256 8903 7016 1605 6943 636 8070 2022 3488 6496 7992 9494 5660 8375 2035 3560 5340 4630 7989 4178 7356 5194 3033 5267 1664 6986 2444 983 7765 282 9261 9737 5897 8178 5322 9048 6973 6399 7833 1597 2409 56 5747 6364 7073 1843 6728 9513 3543 2105 191 4445 5378 4823 4909 761 7757 8711 5592 7098 8562 8078 764 3118 2713 3287 4206 2214 1307 4208 5503 396 5452 7124 9379 422 3097 2953 1938
9756 3678 10 2431 4455 587 4711 8839 8202 5816 4508 7244 454 8758 8783 227 9784 3256 302 4715 8918 850 2313 2832 4122 3073 8363 1694 2509 9403 9487 5273 7960 6760 6257 3628 3495 7777 370 5408 1887 1144 7728 4464 6978 1528 3830 8780 8384 4238 6207 4714 9920 9817 9025 3075 1199 7118 8119 5085 873 3903 2063 3076 518 733 5206 8895 8262 587 5681 7777 9904 437 3709 4972 7238 593 249 749 1358 4836 5506 5492 7853 200 5487
994 1077 1901 4415 4296 1169 590 4128 429 381 4933 5969 160 91 4898 9050 2303 1364 87 7002 6072 9212 7447 673 1966 3865 8385 3615 7919 5525 72 5677 1779 9761 357 5563 4726 925 9535 1961 3914 8758 6697 5802 7 7727 5436 2790 1317 867 7879 3071 5724 5514 2437 5030 4233 5930 9614 7935 755 4847 816 1938 431 1518 6191 8019 1361 7846 5818 212 6084 649 1984 6714 3372 4554 243 3741 1417 9574 6828 4900 1471 6168
9216 7153 6388 7528 1249 5080 5114 3444 4360 1142 7918 8866 6193 223 9839 7044 3367 8056 995 3773 6451 9927 310 8595 7903 7112 709 6901 4111 1921 5978 5839 3682 2632 473 2428 7413 5347 7226 2507 408 4065 1175 8117 5158 2599 2617 2734 6655 8573 6974 714 2680 346 463 818 4774 8173 6031 6055 1063 7246 2565 6598 3346 965 2798 5421 6383 6553 8444 1709 281 8779 6948 6608 6499 3715 39 9309 5161 6603 2783 1241 5721
396 4125 5760 6066 566 192 8501 8716 5972 8600 2390 3496 6174 5643 2324 1673 1888 5240 7057 306 3420 9643 2699 6098 5196 3105 5800 2750 3658 6988 4450 9246 7875 3945 9205 1995 761 4735 6726 5030 2409 7643 103 5501 653 26 5512 5418 7602 6438 7504 2892 28 709 5773 3994 4040 9630 1416 5525 3010 8590 460 9389 8105 458 7736 4391 9760 1014 4243 7662 4550 69 5728 5736 6856 4002 7315 2218 5318 8750 1106 5454
5171 330 3471 2691 4768 2552 7237 8438 6300 3629 2112 6448 2853 6554 3650 96 2466 8043 8356 8427 7908 6911 5434 2193 8377 6058 6618 3601 4179 4007 6094 9792 1017 7426 4456 8854 2813 2693 1750 1449 766 4113 1574 414 5870 7471 3883 9261 3847 1879 4624 3301 8905 3249 28 7872 3335 1723 8871 8024 9779 3627 5341 7178 5335 9653 3953 538 1125 8766 2547 6135 6481 785 2037 8208 9054 3570 10 5351 1702 4546 6863
6261 3183 3123 4959 9086 5450 2493 9474 871 8621 6912 1894 7733 5955 6170 2673 1031 8034 6299 8469 6311 814 5895 9413 3677 4588 5867 5479 5141 6665 2340 5451 4370 5596 4621 3083 8226 6810 8600 386 8916 7497 1055 7906 7656 9078 4874 5121 550 4923 8707 6388 7409 9499 3193 8943 4829 5568 2194 9451 3183 2199 1989 9017 2692 218 3719 4663 5461 9567 1779 7360 6937 4111 2831 5704 5387 8201 2397 4057 7934 1319
7296 4423 7102 3874 5168 4123 4905 7074 1039 4654 2877 136 2796 7220 452 3104 4280 4603 4270 3169 5272 4404 1101 8151 6906 2257 8215 5186 6875 3264 23 1504 2952 7031 4677 2569 7507 9472 2999 7866 473 2295 2632 9604 4498 7970 8265 8453 9753 9680 1445 3736 1053 1013 1737 2985 7526 1941 3971 1963 5180 318 7818 669 4452 8844 4430 5354 5708 535 6210 4224 9226 7151 9703 5332 1103 8507 4747 755 1474
9614 4322 9148 7067 8779 1635 6733 2364 1003 6567 6059 5687 3821 941 1526 5692 6365 9506 9291 1233 8343 255 572 2840 2477 9123 414 9819 6024 7138 2641 363 3228 6318 8421 2761 2015 518 8427 5908 8636 2156 7834 5509 626 9787 7699 2919 9042 8056 7046 8748 6025 3320 6086 3051 7866 9235 9707 2126 4273 2375 4263 3531 2291 8624 5100 1857 6057 2263 4619 3302 367 1273 3247 7726 8616 601 4796 271
2660 4312 4114 2723 9429 516 6391 2877 3086 8927 4739 3775 797 7089 9453 2140 442 5744 9399 1273 32 7680 2773 6506 205 3926 5556 9690 9461 2097 7641 1466 1483 5819 8823 830 5426 1115 9093 1525 5312 3167 1567 3720 1396 9305 8491 2468 5962 5495 527 2203 6861 7272 2338 903 2957 7275 9152 4721 321 9914 274 8113 3342 663 5101 2247 4680 4086 2713 2250 824 7468 4613 2415 7360 9510 3642
1452 7307 9004 1597 1805 2184 1239 1976 4230 1912 5185 2955 3178 7685 9388 7647 9708 9014 247 9708 7653 8880 2556 7756 4501 8848 7885 5599 6285 2070 5120 6384 5612 2036 2408 3015 8744 968 8406 1265 1039 2229 5903 2557 5855 761 4480 2232 2563 1146 6512 2236 3695 738 4885 9476 1774 477 3786 147 8793 6097 7711 1878 2123 3422 3457 6327 3187 901 60 2835 4842 3709 2686 9774 582 5316
7149 182 6413 5331 1948 2341 1294 1221 5290 1275 989 9754 7852 2875 9373 4871 8556 7268 4979 3840 449 4836 4040 9000 9953 1928 431 3560 2100 5863 8392 5374 7980 9631 580 3496 5122 815 4570 2322 450 1304 5881 4285 3305 7838 6191 6544 3086 1683 6058 306 3919 5749 6173 5001 462 4071 3253 3629 6796 6606 4588 5985 7251 2397 6734 515 5146 5747 1914 9825 9509 6930 3612 7390 3916
852 8920 3061 6429 2393 7897 2782 1556 3572 8731 735 3658 5703 3877 405 7195 620 3212 451 7708 2278 7204 8665 4445 823 5992 537 236 9203 5388 7030 2298 3332 5968 1854 3410 4192 7080 330 3287 1176 9594 5219 8541 5250 7991 551 7035 7657 7038 1404 719 9524 6670 6564 5986 5332 7130 9522 2862 8386 8610 3036 6077 2296 4479 2450 244 8318 847 9422 2352 1497 5378 6796 6575
7583 3635 5372 3363 1998 347 6965 114 829 4931 5772 6049 3091 5465 5637 1779 6727 4726 5418 8956 359 3101 1562 5611 2461 4325 6707 5303 7535 1434 7603 7849 2326 3969 811 6539 3521 6155 741 9423 411 1373 8024 1459 4586 7101 3226 8307 5690 8607 6053 2416 201 9217 765 9584 3524 9459 705 4773 3426 4620 9727 4914 4479 7273 7453 7468 3244 3446 8438 8029 629 8802 8625
2351 2067 6878 5960 6231 7651 4711 9767 6784 7334 1716 1588 4698 7627 8849 4575 8401 3370 3294 7353 7251 2098 6946 3290 4829 6710 8244 8477 6085 8595 6843 1359 2173 1685 3908 232 726 2506 2612 7720 164 103 5454 9350 417 7337 7447 1653 2676 1631 9017 153 8499 4151 1509 3721 8918 2294 9772 3076 5134 2332 5776 9112 2150 1351 502 8993 3897 1063 9775 6784 6740 7986
6791 3164 7597 7208 5325 9917 9093 842 389 8822 4762 6054 4602 8786 2271 2278 1528 5475 880 154 8232 2183 2353 115 477 3452 3079 6114 480 166 2937 2224 3591 3166 2327 8239 7675 9212 764 6465 9209 7849 6304 7976 2217 3166 9041 701 2974 2706 8724 8516 9197 2738 3398 9856 1921 8609 4232 2435 7966 4018 2330 2425 2453 7747 2086 7878 2040 2333 273 4029 1551
7209 7550 995 2697 8949 8388 9971 7846 1751 3760 8626 1541 1426 910 5286 1658 4951 244 2947 3987 9133 7967 9334 5946 6324 4051 2790 6621 3942 7357 7431 4989 671 5387 3712 7812 5631 5550 5328 3082 7229 5246 2605 489 6926 2127 3949 6944 9526 2004 3624 3717 943 8977 5453 3679 2104 2325 4389 6434 6111 3991 5093 300 8562 863 5640 6144 7346 3545 7612 2657
938 2134 91 9153 1935 2068 8989 7610 4872 719 3052 221 9519 567 1656 8457 3784 5172 2236 7151 17 2695 2113 2532 3931 4723 5505 4166 105 7004 495 978 1238 7535 4405 2997 9948 6290 846 3921 2850 1133 2869 611 2342 8489 1645 4595 6619 3320 3411 4028 5316 7606 5345 2700 3618 1870 4021 3470 5626 32 7713 2262 7515 1489 8083 2604 7406 6435 8328
414 8047 3847 93 8191 7067 6272 7494 7908 6890 4426 5907 2976 7999 7867 15 6094 5486 1368 1114 7999 9197 8347 8602 6693 7406 6500 110 912 924 4686 5843 358 8836 1924 2026 3080 7687 755 5802 179 3597 4769 2466 2260 4235 5934 4178 6736 1191 282 7626 6819 1820 5447 5330 423 2346 6465 8684 1511 3455 3771 5095 5764 4620 8124 1350 3288 3905
394 1537 233 603 1397 9513 9728 2063 4807 1489 4619 7879 4299 1916 6880 6364 908 5666 1107 7556 4975 6759 4810 895 9731 6157 143 5821 1063 3800 9173 7298 350 5266 7326 6188 4447 5457 6652 9700 6335 8438 1239 6483 8803 6024 7487 344 2080 208 675 8215 2550 5429 4641 3779 4685 1931 2974 6655 2894 3256 8984 1314 165 7623 4986 6265 2054
5153 1120 2 142 8808 2364 8966 3338 8437 296 1445 2398 2389 7021 4361 9407 544 1651 4516 5761 5387 778 4059 8857 5582 3321 5112 7162 2071 5477 3930 978 9904 1876 464 3626 4751 9729 8310 9913 2397 4851 1998 299 2938 4010 5986 4385 4399 7146 8457 6168 7859 507 4297 6654 5858 671 1420 9202 7674 5334 1606 5980 5768 15 8758 3037
6787 8272 1291 1928 2055 8583 6201 8608 9254 2546 9643 4324 1273 2012 59 2425 7981 3385 1888 3687 2844 6340 1448 231 3560 4294 7206 443 2480 1754 1661 5166 9964 5503 7406 8013 6315 2974 1198 9622 496 9500 140 7456 9128 2258 1185 1596 5519 4907 2377 1515 52 1822 9969 1968 9994 3597 5202 4679 6224 5661 6125 117 7699 9367 2711
5426 530 5694 470 7253 6962 482 6076 8942 5139 7316 6644 4058 4771 1003 9563 1394 4674 5430 242 4981 1766 5987 8321 1464 5168 8192 3741 5771 3470 9312 9821 1118 6498 1232 3209 419 6243 2602 4308 3638 8466 665 348 7962 1168 1871 1039 5973 5886 596 1857 4847 4805 176 7547 4967 9464 5386 6278 3319 9126 9057 8536 4505 8004
4732 7710 6890 1530 1709 5483 3326 1949 907 8080 308 206 9216 8189 363 9312 5872 4582 453 9567 1915 7657 4587 176 6709 7375 2802 6579 2756 754 3628 2512 921 5214 2209 1617 5155 8506 3952 7644 2832 4105 8641 213 710 2348 9373 7025 7697 2826 9536 7645 157 4451 5581 7584 1207 2545 9266 3342 4367 6624 1758 9471 2417
3296 8001 5359 6260 3305 1155 2359 2513 6254 8280 7885 1064 2484 6433 5847 4864 8405 2070 693 5358 7520 1203 9488 7513 3012 8305 4221 1051 4557 3559 7543 6954 5245 897 9980 9847 3599 7503 3814 3910 5304 7857 1678 2656 1983 7441 6284 1286 5006 6881 5969 3942 9177 8872 9064 7683 6335 7127 7930 1472 6751 3392 1842 1853
685 3609 2768 5013 1364 2493 1714 4407 9438 4852 9488 4900 3554 7989 5286 3224 2030 6105 791 2141 8293 4625 7008 6124 5786 5178 7708 5797 3662 2544 6694 2322 7719 7697 1075 1286 6833 5316 2209 5435 3177 1754 8203 8717 3704 7827 4559 7601 9676 9652 849 3851 4765 5272 465 9598 975 756 2394 164 2307 9231 109
1456 5251 6962 622 8002 9566 3789 668 9084 9520 4362 8615 995 1654 869 9485 5384 9393 7980 6358 7 2281 6244 5793 7215 1683 2700 6430 4979 2422 8598 381 4705 666 1283 9959 4929 1842 6494 4444 7024 5036 4556 8812 126 5959 723 1898 6500 8964 3160 4206 3050 4480 2669 3034 1512 5105 395 7087 3851 302
5484 1184 2635 452 1085 471 6107 9734 5105 1799 1584 4773 1993 9715 3237 7889 3459 1149 2158 3582 9505 273 5852 9867 6604 6978 1841 3071 3768 4469 7428 500 8889 941 2631 8504 5638 9143 9847 3106 9294 8519 7444 114 9640 3378 8962 5276 3775 1966 6990 5847 7406 7110 1093 6897 4264 3331 5442 2053 8827
1512 2326 4127 1974 7292 1037 8895 6456 253 2126 7309 123 8531 1635 2620 3778 6386 9131 6977 8830 2133 5212 8534 567 1799 1884 586 4329 8083 1906 8700 4893 3984 1129 5016 5898 4325 1013 2033 3899 6451 1496 4255 8354 6050 9079 5722 1229 924 2617 104 9945 7578 1696 756 468 7019 1147 6976 2408
2604 1482 8764 9060 3253 6228 3559 7677 5344 8070 4036 1637 3215 6941 4113 8906 670 9814 5797 7667 311 9795 2792 8135 3445 8129 1800 206 1051 2232 361 5499 3013 1235 8172 1739 3519 448 8403 6791 2869 5609 2899 8352 8859 1717 5307 9164 5038 697 1092 8235 9626 8707 6970 1344 6862 6856 3899
5116 2237 5532 6061 301 4646 6114 260 9415 4582 8117 9220 9649 3100 2151 4020 1572 7293 7815 2820 7903 4410 7544 1728 2462 5087 2735 2822 4444 1405 2573 5620 6615 7290 4639 3189 8739 2055 6194 238 3586 770 5067 9475 9586 6989 1334 1904 6599 9727 8732 7125 3595 7098 7451 3537 2115 2973
161 1554 9236 2634 5096 2940 9430 218 7417 1881 5831 704 9434 3487 4595 3083 8633 888 4099 1936 6382 9534 7587 8504 1164 5253 4408 9558 8169 8686 578 5163 9071 8169 1679 9789 9361 2010 6065 630 7697 528 1824 6345 3377 34 562 4282 2121 6202 3146 1790 3945 3463 927 3264 8847
6957 2671 230 2571 2288 9012 3603 6289 3153 197 8559 5423 3624 7872 6500 6352 5778 9431 106 688 9005 5688 8261 337 1954 3617 2381 253 3186 1860 2015 1485 4085 7639 9538 8649 8558 6352 1372 1841 3555 7375 2150 5692 3211 3980 3101 1918 3609 4450 6171 4687 8008 4716 8982 4058
167 1024 454 3891 5608 1705 61 285 8436 5497 8818 3979 4657 382 3310 21 4678 5492 4683 462 845 4060 1306 5507 2714 3452 1332 2742 988 2934 3235 3868 6658 1645 3042 1331 3968 1254 3842 5193 1138 2124 1390 6793 9616 2198 929 9399 2850 8220 2263 9614 6774 6632 4818
1431 8352 1626 2670 8413 2065 8943 646 8015 3803 4850 5320 4165 9987 5683 9862 4887 6040 328 5327 7675 9876 5137 4734 8973 5425 1696 4673 3683 349 7993 172 9969 4033 3862 3711 9307 7230 1886 1974 9018 3929 775 4447 6337 1721 5177 4689 9552 9086 9845 6843 9560 6516
6918 1899 2016 777 1751 6448 5559 6635 2213 2274 5675 7061 7511 8896 9225 5420 9755 9738 3670 8693 2642 9569 9678 169 5999 491 8108 6171 1804 6908 3273 8025 7502 4129 535 1074 2841 5806 480 7032 4983 555 7371 7461 5781 186 3248 4674 2783 7596 1963 8006 4445
741 8374 5436 7725 7805 8210 9752 5332 168 7526 7531 5695 1496 8044 3973 1887 2946 4343 3115 6996 8351 4314 7353 9881 5987 5413 441 48 2035 8161 2805 6031 2770 8959 7801 4940 1693 9019 3309 8181 6025 5079 5569 851 6905 9557 921 5504 4516 9860 3868 5030
3525 32 4344 2410 8389 3811 1112 3945 6839 9728 5049 5249 6914 1394 2185 1075 8357 8432 8576 5032 325 4883 7316 98 554 523 4392 1700 6379 399 2916 6404 2311 2324 4299 2896 1463 4417 8648 1871 9696 3936 4955 5802 3644 6918 915 106 1291 3079 1084
5796 9830 2708 2587 9410 9317 8966 647 8179 849 1680 1291 1751 3772 6656 6873 3331 8496 8326 721 76 2822 8488 9298 6626 9880 5733 960 6554 5129 3864 4615 1777 1587 2208 1375 2541 6288 574 8672 9574 9453 4542 9128 9478 7037 8298 5515 9868 1994
1755 9642 8119 6801 2593 343 3585 1758 2085 3928 1018 9029 4893 6746 8439 3556 2160 2775 9323 4005 8075 4011 212 5704 4947 9508 6841 9600 1259 1928 51 5372 6040 6828 7801 2281 2499 6914 3936 4630 879 1602 1874 521 1772 3308 6479 2912 6460
1596 4594 9531 2932 8768 1350 6792 1205 150 1640 9022 2747 6073 6654 2334 4869 9406 2536 8278 4886 554 7398 297 6603 406 811 2732 7151 3926 7984 8817 1356 1750 4812 2761 5346 2230 5635 9126 9516 6183 6684 8463 9777 1702 9383 1960 9817
841 9054 8337 706 2136 7852 2541 4401 5870 5596 8854 1340 6479 1971 4110 8215 1788 1440 1961 4253 8549 8179 1098 8434 1839 6396 1148 7031 3590 9333 6386 2046 308 6323 9904 9646 787 8872 1595 1769 6463 9005 2142 1692 9872 7151 3615
6294 3207 9255 5458 93 1830 8254 7549 4398 7061 5744 8667 1763 7538 65 3124 3370 6088 2157 4956 131 3892 964 6907 5786 8068 2663 9758 1526 4032 1932 1373 1665 3838 9112 7180 2042 2737 7597 9765 3431 8129 4705 2677 8894 369
6529 4438 5190 1101 454 6606 2089 2626 1560 1606 6957 8435 5968 7853 1204 2680 3346 2334 6592 7226 2411 1119 8011 5725 2103 1019 2214 4269 4870 4899 3152 9932 1679 1808 9562 1210 118 5261 1416 6422 9483 6338 5370 9956 4403
2019 4284 560 6426 8971 155 3250 5560 2403 4649 7971 9060 5496 7011 9342 2839 956 9697 9562 1555 395 8125 4151 3363 9696 3816 8503 1556 2665 6233 5200 1221 6841 3063 7903 4827 7436 6554 271 2120 5152 5644 5978 989
7667 1974 9087 1293 999 728 4692 196 109 7641 2302 8487 8753 9888 3119 3230 1362 7106 1375 5760 8037 4109 8734 1901 5866 5108 7448 2354 2927 5116 8971 7337 2915 838 9413 3455 782 7183 706 3034 4543 2756 2676
1562 4103 2810 2771 2414 2420 8972 328 7899 6928 9958 868 697 6075 3026 2422 5375 3814 1457 2733 1712 3074 765 875 5861 8888 3196 9547 7965 3738 7703 8004 4738 3017 6188 3757 1182 585 4096 8548 8062 2130
1881 378 5654 1865 9868 1937 9141 1502 1794 6841 1883 4727 8497 8663 8360 9501 2712 4183 4278 5252 4602 4580 713 8369 671 629 5766 1512 3703 2698 9986 7860 960 1591 9212 3482 7546 144 1086 2512 4761
823 8080 8137 363 8145 8574 6868 107 8607 3724 4791 3461 1644 9958 326 106 8962 7628 7305 3062 4083 3486 3932 401 8164 6900 392 8627 1372 7490 6194 7724 6302 4698 5554 1651 3794 210 6375 1260
2299 9447 5578 3871 3077 4562 7424 2615 8125 9626 7588 8104 5878 6154 228 1525 3705 2245 1274 2497 6284 7943 4734 1252 390 8590 2905 3392 3026 7513 5165 1861 4066 4287 8980 3313 7399 1620 8263
2284 8510 1543 129 4340 4204 6127 2226 3316 1149 2935 1255 1962 1257 2583 1450 8489 3993 8006 870 1116 5128 8045 4287 9724 8205 781 6655 8852 537 1540 9811 242 5996 5628 2984 5169 1516
388 1008 6261 4457 819 7449 6647 4538 4858 8656 3010 3500 8121 3809 6093 6797 9909 2083 8010 36 8393 8402 8205 5827 8042 6332 5281 5791 5519 2353 1880 8752 929 2180 5122 308 7440
647 6832 9016 5990 8102 7129 4634 6576 2531 1324 6601 7289 9730 3079 1438 745 6005 1447 8479 8159 459 8769 3056 4554 6420 5345 413 5823 8024 7857 4711 4038 3625 2381 7755 6053
534 196 3065 2401 5362 1089 8818 9378 9540 7258 4243 8391 6000 1001 1106 6698 4886 2506 7815 2997 2585 1556 6717 3685 5347 9467 9161 3245 8375 1045 2922 126 599 4764 9329
7094 8775 3091 1299 4215 8354 2685 2380 1578 299 2714 967 7315 7910 2563 7275 807 4697 1624 4216 1979 3789 920 1715 158 569 8465 9630 4906 3009 7657 1147 3543 3994
4620 7602 385 1378 9158 2497 7483 3870 947 1028 8675 660 3749 7973 6568 8586 4551 7941 7641 1358 9152 5916 6800 7863 4329 2094 6560 5308 1666 2799 7098 1460 850
392 7014 3885 3518 569 208 9825 4556 2289 8289 9862 9608 4701 6864 3765 8919 3725 9224 3358 5370 1869 3820 7129 4517 243 5640 7872 8321 5124 7273 2523 2078
5276 3776 2284 4109 5293 787 493 909 9767 8677 9542 2420 3274 9672 4499 3969 8648 5823 8997 2288 2398 2632 8920 4493 340 474 3909 3420 1683 508 3289
8184 6966 1959 1974 2475 1925 4412 184 8030 2046 3976 2090 5969 3300 9895 5962 8525 3357 7079 9243 5816 6886 511 1306 2073 8826 4399 2227 1500 2595
5705 9076 6936 352 9553 562 4431 1207 1506 5195 1830 653 561 2732 2774 9876 2133 8084 6530 1444 8711 3432 8907 8510 9958 7736 5728 9548 7902
7234 5833 701 394 8886 3989 7728 1704 1882 1763 3214 1117 9967 7806 8989 3656 2291 9629 1890 7915 4472 2586 1143 1447 9268 480 3165 4871
4715 3515 5459 8176 635 5659 936 4567 3702 4585 7726 8563 901 3293 736 1989 3690 9343 7861 6262 6119 6524 2021 2928 3485 5339 2555
2095 6216 5425 6076 8841 4121 1378 5223 4027 9732 7257 3725 7910 3724 1850 7459 827 955 8278 358 2563 4774 2174 2718 226 6239
4956 1206 5324 1629 6862 1498 3544 7642 2900 7954 2388 5356 7613 3839 7577 198 108 4980 1505 5599 1265 3143 2503 7140 3013
9687 8206 8073 9926 6415 2404 6437 7924 8636 1879 5695 1579 4588 6457 6980 6338 536 2960 1499 5635 2020 3186 5002 5197
2708 3359 2425 3430 8401 6447 8455 6996 124 8446 4893 5806 1985 2964 1632 7166 7296 7370 3387 9034 2457 2042 492
6835 2118 4934 7613 3982 9581 9596 5478 7778 7637 6713 9281 6832 8729 523 1199 3993 8556 2507 1289 3677 6028
8155 6808 384 1193 2428 1625 1122 3768 7588 7276 5295 3715 2382 2444 9076 979 7793 260 6307 4289 662
463 2313 5337 3140 33 9278 5664 3774 6996 9756 6391 4768 7014 5091 5360 8454 9313 4861 8433 926
2026 8590 5671 766 3951 4158 845 4841 3579 746 5437 5070 1179 3063 2998 4321 4150 1321 5919
863 968 2611 4491 140 1200 6463 5853 9935 6267 7921 9933 3200 2272 2327 1052 784 7614
5892 1220 3882 802 2557 420 2889 6926 2931 4971 3563 9414 2867 9282 5476 8604 5930
7455 2149 7311 9484 9751 6591 2591 2023 7460 6099 2837 3619 6711 4523 1521 526
6016 5838 9059 1941 6828 2304 1342 2581 846 4744 3449 5395 9505 2855 7288
1288 8748 294 2731 9570 2391 2302 3766 2311 2077 4621 5217 1083 6067
3768 9584 9427 6552 2172 6613 602 509 8426 52 3333 391 6755
2248 9123 1363 1327 852 2615 2009 3540 1069 6408 132 3413
5558 3512 6721 4313 2667 6532 8022 1694 8323 9084 8789
429 1792 6212 8336 3295 664 8858 5247 1793 4633
5769 656 7220 2344 1725 3823 2473 8139 3959
8663 7659 1880 1012 39 4028 4045 8825
2504 9477 1778 3873 6094 8696 5756
7947 3741 344 1699 7949 2766
8140 5030 5790 1442 5487
4029 7251 4342 2684
5983 9384 3623
2472 4165
9777
