100
7225 6457 5638 8309 272 4502 4928 6260 8177 2602 5891 1005 9865 4074 4222 267 583 119 624 1116 1522 7773 5330 6724 2220 5771 8634 9269 593 6165 5661 1629 9173 2727 1237 4336 8797 7562 2627 1223 220 171 3687 233 2577 1898 7118 3722 1919 8049 1771 1058 3854 7222 6601 2767 3952 1026 6511 3933 7190 6227 2949 5204 1331 4638 5558 4483 2577 7097 2039 6572 6243 8697 4391 7872 3563 2071 839 1532 5677 1000 988 324 9924 941 291 7551 5924 4472 6292 7731 1215 6113 8890 9059 6699 4152 2610
9830 404 7691 7602 8250 1070 7434 3964 5928 1150 9497 2258 202 1162 8182 5452 3882 8557 652 2200 1869 1184 9623 6258 5712 182 9784 6405 929 4726 6651 9968 3697 3902 8200 6476 1897 3205 7991 5773 5259 9266 6120 2039 8698 5196 8385 6979 7245 4178 6809 9154 6207 6460 645 4865 9003 8897 1632 1133 8246 8538 7104 8153 1021 7527 3447 9614 2849 5905 4328 595 4496 1903 2619 9101 2918 8285 2754 9256 6468 1273 8605 8998 5216 8768 6826 2440 6508 3306 321 5275 2603 6017 5599 2324 1745 8567
4226 1760 7835 6104 8293 8309 5584 1421 5643 6157 8454 7379 321 6148 919 7164 6735 7839 3237 500 2576 6719 3212 9415 8787 4823 8055 1489 112 2282 4662 7142 1135 5913 3278 2723 6853 4508 6545 244 3344 6942 2288 4184 8006 8926 3279 7538 633 5571 8776 8801 7421 79 4642 8834 397 8488 2818 5732 971 5235 9107 6204 2439 6098 5299 1131 9330 3887 3182 861 5378 681 8334 1314 6776 7967 6771 8146 5697 3114 32 29 7707 5072 9638 466 8328 1542 2037 1505 8087 3030 9424 7073 8977
7362 1408 5910 7394 8551 4604 9662 7369 8693 5736 8907 3793 6590 7931 7574 7136 9645 2133 9762 5968 8890 353 4350 6189 7515 7783 5247 7566 4924 1573 8366 6487 8546 4351 8093 6142 780 469 4800 6444 2251 5028 8010 3031 2756 3839 7237 590 8132 9904 4486 4325 7827 3945 7824 1857 3724 9056 8152 9558 4812 9291 4297 6047 3977 5496 697 7485 1957 6512 5564 1237 6419 3676 8887 9123 3529 4888 6919 435 2566 6792 8211 4481 3894 9193 9359 1951 8516 4553 5091 4872 1231 6857 4684 3634
1776 1441 3185 8457 3643 6245 1304 9114 52 6071 3786 6285 1684 2013 3700 855 2428 1477 1392 4334 8201 2646 9187 1822 8488 9897 152 9435 5660 4631 2173 7800 6623 7412 1468 3976 2037 9261 6974 3412 263 6302 1403 6620 9102 4999 260 9233 6525 6800 5396 3058 2036 1402 4212 1093 1267 2104 6639 5993 5916 6286 9478 297 381 3864 3444 4084 748 5695 7588 4507 723 5384 9650 4586 5070 5869 7647 6154 1922 5295 1881 8790 8561 1404 3098 5357 5499 3422 4304 712 2759 501 7677
8845 2546 5414 3456 1171 5255 8995 6532 5974 5057 1261 2887 2525 1821 8263 4205 4778 8402 3661 646 946 1109 8068 5645 6174 6392 260 4883 4881 6052 2036 5148 8203 9799 837 5064 2750 3983 386 4484 127 8984 6037 4690 5134 2386 8061 1110 1465 614 8287 3475 9598 7658 3963 4486 4912 9108 3185 9328 3836 1372 1732 8634 1869 5380 1373 8276 8684 4460 9938 494 9084 3713 1513 619 2229 3814 2760 7907 8543 3158 9727 6904 2705 824 3896 9547 603 900 5229 9503 1873 630
8203 7711 6537 3553 9654 7852 9495 1621 2734 9209 2630 8707 6416 7146 8746 3952 4863 1434 5379 4425 5460 5613 581 7863 8756 1893 2086 4515 817 2025 4568 5915 612 4786 8711 2372 777 6696 5285 3347 5467 7037 4821 2759 9170 8264 1972 3593 5722 2437 7310 9368 5431 9034 3120 6206 9973 9885 1402 950 6836 2724 3688 6722 6964 2333 2561 2616 6765 5232 4047 1085 4307 9826 3984 7381 2360 8875 4316 937 4466 650 1177 5658 974 3047 875 5157 2293 7481 4863 536 4335
1114 7818 7188 277 3959 2062 4387 1035 7564 6125 1996 2573 2416 1649 7876 2729 5869 1610 6055 766 2483 7017 4760 5891 2748 9518 1429 1004 7011 4749 3551 1288 8689 3430 6088 2414 568 9925 3278 9466 9780 4215 7879 290 783 846 3341 2253 5348 8198 6428 3142 1638 4681 1929 8142 9682 4304 1910 7472 5329 4844 2371 5369 3395 9348 9607 248 8665 9295 1440 4866 1649 4436 2407 1864 6503 6112 8359 4301 7098 152 4175 5123 1885 4448 678 9846 4607 1147 9823 843
429 435 2093 8410 5158 5052 8569 6729 4816 3124 3745 6971 4921 9726 3891 6714 8448 7951 4075 1936 8421 2056 4361 6316 8127 6405 5543 2819 3036 2773 4105 3573 366 12 1605 1937 7588 6837 1205 8123 3958 332 1627 9678 7798 8139 6356 3101 1091 3907 9888 2382 1999 221 5617 6873 2563 8305 4851 1341 8626 8103 2795 1428 3260 6333 3586 4408 6276 8888 388 1238 1091 1342 307 6578 462 5620 162 1531 4502 1955 6223 9792 3567 9472 5056 3027 5763 7708 2418
1085 7015 7337 4110 3490 5599 6431 6205 1206 3261 3277 6397 3425 9584 9780 500 8191 4011 464 8612 6891 1586 4344 1760 3549 7005 8057 6126 6017 5590 5374 5853 4650 8597 6867 905 9382 9470 7769 1421 1876 2569 4428 4153 884 7331 6308 1172 4734 9827 8857 1347 6309 2544 7595 1738 8893 5409 9344 5218 5931 1044 3567 3788 4332 1907 9900 3445 9273 1491 4853 2219 5657 6367 9117 3215 2055 3366 327 619 7814 4672 9333 3718 226 8710 5889 6886 9064 6627
9053 597 633 5653 8822 1414 6587 3000 302 1098 6641 2181 8153 2607 1485 9879 2008 3320 4227 9551 7205 5394 8735 5593 2782 182 697 4254 5989 1723 3159 9419 5255 5166 6836 4081 876 1108 336 1614 1519 8943 8281 6589 6878 384 2456 6473 7348 6076 7999 7816 6581 7537 1265 7782 746 906 9250 3407 7854 4562 8273 7297 6679 2006 723 3824 969 110 3123 6700 2120 1165 4294 897 1740 3302 8595 1501 2810 3266 1747 2920 1297 8415 7797 1183 1586
6859 6262 3232 179 6434 127 7453 1637 8836 5631 9675 4613 1147 490 3658 4096 9355 2562 5818 4955 6746 9621 9532 5650 5778 7159 758 1231 2117 3186 2187 4317 7489 5420 9163 3165 468 9672 6295 6329 5249 7134 2024 7752 2435 9375 9872 721 5282 9812 3200 7475 516 9415 1580 5476 7445 2004 8988 9464 6522 9217 3636 3077 4115 956 3927 8516 6975 9252 4983 9307 6549 6890 2400 3369 4287 873 9174 8689 9817 5012 4956 6219 9275 8783 5110 9783
3971 6290 6401 3348 6071 1833 5890 4352 5466 4878 1388 3904 1132 5371 2822 4242 1607 7099 6860 5953 6967 8545 7380 7050 1241 1515 8596 2380 7640 999 2339 1189 8468 7175 4621 1739 692 9442 4683 6983 9373 811 9938 1273 835 2534 3866 2696 2239 503 4290 424 66 109 1218 9970 778 4912 1698 3118 6786 7959 1929 4660 1454 8525 872 3924 8568 9076 504 466 9381 4618 6337 5766 5003 3868 1388 3043 438 8696 7484 8742 1433 215 2168
3969 8755 9643 204 9865 8914 9557 3458 3053 5324 8587 6906 1768 7211 5768 8593 1113 905 1012 2945 6801 6349 9429 2341 9852 1764 8278 8224 1603 7171 5975 927 6225 2908 5157 4588 21 7248 1547 4020 1576 9876 617 5611 2031 4087 3173 9566 1427 1234 5248 2186 5296 8608 1738 8428 1738 7488 1927 4968 1207 7177 5892 9101 728 5614 2517 1992 9721 3267 7681 7161 7788 5087 3952 2707 4049 1521 7411 1560 2426 7831 3126 6548 8140 3773
242 2264 5207 3523 2869 699 185 9603 5398 5820 2128 6657 5027 1322 9375 9476 333 2871 7139 36 8471 6747 3126 6259 5995 6389 6852 5569 3758 9655 3724 7627 3013 1219 7417 421 7639 6768 978 6392 2389 1122 7423 3228 4840 7081 5357 4938 1577 360 2963 6747 4599 6345 7766 2677 1668 623 1498 1192 2337 5196 6410 4211 3355 9108 2345 3373 3318 4593 1994 513 6154 9801 8734 7160 7419 4909 5548 1437 413 5283 8181 9118 6070
5718 6280 2335 5798 4508 1043 1619 6294 9689 4828 1357 4269 6195 4623 4979 297 1189 3145 5957 8444 327 532 4925 468 4974 6563 7319 8303 8048 8065 2914 2702 7451 181 6120 2218 7510 2521 8411 4677 9720 9115 5152 4611 1959 5699 2480 2280 6404 310 2205 2403 3158 5179 402 8843 5812 3756 1950 5337 9975 1311 9618 9319 8654 9717 3176 1687 5540 850 2231 4311 3007 9839 2709 4003 634 445 3292 6284 5686 875 8064 3639
5197 153 4879 6873 6023 6749 186 6834 4368 3430 9812 6823 7577 9408 3672 1893 6493 6072 2224 8099 7336 7376 7699 7927 4595 3316 3934 4331 1779 958 7831 1921 9795 8055 1517 4965 9807 8368 3444 9507 3747 592 8720 2200 9762 2510 8800 7453 4715 577 1101 3953 553 5301 3747 4326 971 3890 3871 7295 5795 952 6825 3945 2290 8301 884 9608 4196 5707 4164 6994 7080 5779 4511 7442 9123 1014 775 7142 3765 9110 7287
1402 6108 8696 6572 8072 568 9629 1670 6592 4447 7217 4159 8869 7233 3731 955 5064 1822 1830 3041 5401 2551 5400 7225 619 2403 2881 70 2200 6419 7070 8310 2213 5816 6911 7383 966 1715 7581 8844 6949 1741 2081 7201 4479 2856 2304 9883 8911 8150 4075 1796 4992 328 5447 1541 3117 3642 343 3716 5259 9133 2211 1873 7002 6021 9731 5643 1735 3652 5452 8777 3638 54 7679 4342 1022 9375 8798 9388 9269 5938
8512 3172 190 1492 9799 6780 4095 8016 9904 4234 1416 5883 1867 321 9697 1435 3980 145 8804 4836 529 6724 2475 1827 3812 7766 8443 3454 8643 9669 3105 9083 7183 938 651 1873 9154 5205 8794 764 2964 704 9926 8789 9567 637 9235 2369 5217 2401 1987 169 5219 3653 8125 5098 7320 683 5308 973 2392 7262 9627 1546 3630 2653 1887 984 398 8185 2997 2728 9034 4925 9742 4724 119 9982 3399 9201 4972
482 798 2076 2587 2406 7491 741 6547 9018 8187 2565 2949 4416 9659 117 2901 4134 7411 322 7236 4496 3032 2044 9756 793 3974 9774 1755 4619 518 5139 6275 717 7213 1126 2513 4924 6325 2458 3037 798 9504 1468 5569 2483 9033 7190 8782 9452 2126 3365 1260 3089 4075 750 2112 9389 5432 3708 2290 989 9463 8989 6431 7689 4598 2638 2765 8866 3692 6787 2605 2301 6914 9515 8934 7454 9662 756 1024
2009 632 1739 6413 2020 6311 2647 7983 6657 3852 1047 2966 171 2418 2392 5944 2543 483 5611 6230 989 6431 8631 9805 2527 5001 8379 3002 5498 4002 3334 9186 5154 1690 1819 4529 2290 3235 2671 1825 1260 361 4453 9069 3422 2111 2588 6822 1911 396 1031 918 1000 4694 7421 7923 9805 2509 18 6694 190 7819 8582 493 1569 3754 1965 9790 4003 1656 8590 1293 119 4087 6879 6544 3870 4583 4114
2576 1752 8487 1865 9955 7705 4713 6495 8984 719 2343 2842 5746 4211 195 2987 9209 2190 2211 1448 8733 206 4460 8237 5548 2250 2782 2190 6454 6514 1953 9872 2688 7978 5838 6457 6054 7320 7729 3716 9284 2876 2637 8937 8246 416 7985 5869 5566 8976 6602 1526 8550 284 2313 5042 9719 9388 6662 6233 9449 2067 1349 5599 3676 3062 3224 8974 5351 6239 6597 5316 8318 7677 5690 2377 2937 1838
4126 6612 1299 2144 1705 5438 6017 2101 6423 8039 3204 1525 4568 1303 4063 344 8748 9864 2493 6036 3886 6194 3565 9955 6414 359 2624 2009 7955 9217 917 613 2097 200 9650 8470 8151 4568 8565 2624 1308 786 4139 750 6108 8914 6722 8570 7901 6833 3130 3115 6919 5180 8770 6910 1123 7973 9168 9321 2818 6425 8400 3516 1458 9985 2593 2985 1805 588 7675 7925 338 3517 9398 6335 3976
7025 3432 8608 3104 7972 5549 5380 6651 3908 6924 7416 2444 2886 4727 8548 6126 2952 3955 268 6777 3847 5305 8977 2690 8850 1020 5325 1888 991 4587 6879 8870 5580 8090 2499 270 5880 1212 6630 4338 2339 9108 9193 945 8195 2045 2419 7888 6968 4037 5228 8703 8035 2769 759 3294 8386 5854 2944 4879 3567 9588 4775 2877 3739 6943 4155 4782 453 7553 4458 5397 6879 8754 1832 2203
4290 7065 1918 5039 5856 7456 1861 1195 1627 3171 1971 1961 5749 4553 7381 7078 1671 4711 2366 5014 1574 1361 4895 6408 9954 6274 4712 2171 5921 7181 637 7873 4396 2773 7356 1443 680 906 9342 1525 2072 8965 6204 7804 5633 1847 4341 4029 9630 77 6861 6760 6677 598 679 4388 9945 5047 9799 6700 4305 8063 1713 155 7338 887 1766 7892 7256 669 3184 1974 8579 5809 6379
5790 3023 7582 4167 4589 764 1773 2651 987 320 6263 7645 2347 7121 8586 4847 7953 552 190 5180 1794 306 4632 9203 4875 7849 911 1843 3669 1490 3629 8136 3351 1048 2263 7380 924 2297 1857 3457 3031 223 2316 1030 1684 8242 9266 4313 1825 700 7475 1957 7149 2254 7664 7516 7039 8401 920 8414 1050 9519 3858 6442 7616 4818 5978 6371 5749 1517 9423 4023 6853 8858
605 1789 8808 7364 9270 909 8372 1703 6182 3141 7284 8804 6215 8344 5961 6841 5106 7865 6334 3136 1127 1753 7104 8663 3935 6477 5085 1312 4000 4580 4412 9610 5329 1672 1742 2448 6751 66 7347 2495 463 2771 416 7342 4180 6048 5679 3081 227 5341 2280 3951 7110 5550 31 8894 6462 2138 8270 4634 4924 1921 6292 3381 8578 6447 1822 1516 8597 4849 965 8462 2357
3992 7000 6387 5265 1548 1627 714 8165 626 496 6403 9445 5873 1542 9966 6238 2433 9647 7268 1963 1093 5542 9221 2022 2683 9856 7121 431 2738 7298 6971 5186 4587 804 7290 3604 9555 1701 5314 8686 911 367 7764 1741 3481 6476 6625 6601 2155 7944 3364 1924 8169 2137 3696 758 2660 3805 1255 4919 540 9651 1838 3996 5285 7213 1469 3142 7501 2419 3371 8375
5261 4588 2601 4646 8463 1065 4526 7701 9663 1362 4371 7585 244 4677 7056 6697 529 3868 2135 7923 6087 8255 558 7884 3150 8314 3171 8255 9379 2767 8892 7 2916 6399 2156 2008 3626 9541 8541 3115 9030 2484 2874 456 8207 2531 5995 6873 5083 9093 7415 1276 8236 4734 917 1066 957 3347 5012 358 205 4193 2332 408 7755 5120 6660 4714 8339 9225 5526
3234 6199 3366 8751 6322 8434 3690 1963 6204 5289 3537 9281 6618 1331 8712 3306 5645 586 1024 9672 1301 3251 9535 5061 9824 8298 7848 249 6854 225 2668 6017 9108 1755 449 4716 4167 1092 5842 87 1964 1988 103 9979 8789 3507 2902 1173 1615 1327 4442 2663 2738 5579 3027 8734 2552 474 4990 7123 4018 3469 2119 2534 1367 3690 2412 1847 7246 7374
836 1943 9311 3427 9471 5663 1365 2229 783 6110 3014 2641 8936 5097 2294 2512 9668 3151 1848 4851 3035 4315 3303 2207 1217 6813 1300 171 9551 8522 7553 9495 2983 6627 5758 2495 5634 7012 2193 9376 1692 7230 7307 5867 5923 919 3561 3160 315 2863 2248 9404 6246 8919 7773 2670 530 7038 7011 5702 4403 4252 8582 696 7987 4146 1168 5024 8663
3073 5090 4461 196 1787 7078 6979 129 6903 7170 2123 1055 8872 8944 6750 9431 9168 4763 3811 5858 5073 7260 501 8351 8613 9798 5240 4016 958 6063 413 3638 5728 5376 4180 5023 1790 4495 2129 6828 5426 4187 3330 6600 8625 5015 9681 6246 591 7579 1141 8858 3070 5927 3885 3323 8477 9401 8416 631 1039 545 6542 4488 6920 9875 7324 1829
1231 6845 6574 1836 6161 2714 6197 6894 1555 358 7323 8124 7082 1027 8429 9185 8558 6475 5353 4559 1852 2631 6535 2623 6507 2607 7629 147 4193 8611 8173 431 2247 2073 1282 9815 9914 6824 1163 3274 3540 5525 4519 9808 9834 8652 466 5119 9351 3025 9039 5076 2346 7927 1398 6177 4235 9825 8063 1170 691 8647 9264 8644 4492 7708 9092
7671 4791 4861 6925 6771 2445 3420 7979 6586 8408 5502 5837 7405 1411 9281 951 6737 5327 5234 6901 4403 311 431 9647 3114 2390 3016 6925 7372 1304 3627 1949 3924 30 8369 1507 8114 4278 4835 9056 7059 2427 2592 8614 946 2680 6835 2810 6415 67 3233 9659 7343 4503 2240 6051 7621 2562 3487 4043 5520 8001 369 7508 2100 6633
3163 8419 2189 5336 145 9277 370 7114 5212 6660 342 5856 2399 9904 9829 5902 2106 7313 7501 8564 6494 1123 1338 5616 6097 3459 3383 817 3589 2530 4577 9503 3797 2200 8046 5593 7615 2043 4511 3295 7384 1631 7122 4546 2268 3232 475 5000 773 1294 1539 3460 8479 3352 2529 8790 89 7341 8185 6271 5758 6718 8738 3607 3557
5640 9965 4243 7861 5393 2482 1857 9101 673 4205 1573 3395 8435 5161 5129 6892 4059 7515 3841 4140 3098 3 3853 1742 6112 9615 1794 5 6113 816 6747 7236 860 848 4156 9387 312 596 3752 1859 7487 2511 1747 7853 256 4008 6890 2389 6319 1485 6337 1773 3664 4807 9245 7767 1220 1519 8500 4578 2467 2050 6786 5593
2699 8833 2958 5817 6887 1244 1068 1426 1268 1585 3555 4527 3616 447 8177 2393 2579 5359 6798 4793 7459 5141 7935 4685 5138 9140 7788 77 9403 5296 2724 3662 7022 680 7487 358 5383 1827 8725 6769 7765 665 237 2964 6378 2918 792 3536 8367 1819 7519 4506 9834 1446 8489 2216 8594 5715 1970 2222 2418 5651 3625
2441 9020 8379 2729 4108 7936 8592 6171 8362 8221 3154 5945 595 9975 1478 3829 3954 4698 3865 11 4566 2478 4705 2309 8816 8875 5878 2574 1852 9951 7057 5849 4436 6606 5316 6723 3281 6857 1099 3990 947 4898 449 9583 1667 8782 1190 9218 3287 1916 8031 2236 8214 2790 286 3626 9980 8758 1188 344 2160 2315
4004 9660 3653 1483 4570 2885 9214 9099 1148 5598 9701 9389 4272 3735 1085 1817 3198 1718 7142 5855 9479 6905 2114 43 262 5039 4406 4810 7366 5240 9762 4461 4292 2619 69 9148 8918 2151 8362 3485 4924 7243 9608 3237 9878 5737 6105 5501 1959 7224 2632 600 7528 7642 5281 917 1088 6446 2292 4624 8130
3671 2554 1518 728 5116 2395 7817 2527 1905 6767 1784 3618 8005 6083 7314 1147 3838 9103 8132 2472 6162 2838 2338 6731 7287 3549 1195 1460 6110 2575 4048 290 1259 4624 485 504 3144 9153 2265 9261 443 1123 7635 1735 9797 4352 5214 6120 8268 4806 950 7513 7323 7877 4435 3030 3432 1708 5141 4459
2359 5695 5489 1422 5613 9643 1308 3052 5528 3757 3828 2680 3581 7712 9319 4321 7361 69 2622 8068 1244 5832 1530 8706 9563 8304 2355 4836 7349 3063 589 2635 3585 827 6843 2188 5254 3637 264 3885 6690 9432 1028 505 6351 6236 5291 5274 1043 3163 5181 4424 5895 9915 3161 5452 7338 4478 1515
1946 9527 9878 5544 159 2084 5885 9800 6791 6220 3284 3811 1826 8352 5370 7247 151 1929 447 5881 730 4017 5066 5089 6778 99 7144 1003 3230 7936 9958 2195 3858 6900 1233 961 8972 7448 283 4301 9748 2697 4849 5813 707 3368 5035 8589 5963 3779 1987 8822 1207 2293 410 2802 9188 5418
2727 9319 8065 4245 7041 4626 6995 8389 1327 1358 1564 6565 2174 1317 6348 6387 2483 4773 1513 4660 2322 2183 3675 3510 5918 9260 6699 7478 8098 5337 7102 8162 6991 853 3756 9217 2295 65 7477 9362 9482 9735 3734 2995 1214 1141 504 5444 2692 6604 9163 5211 936 1716 1489 248 8586
6979 8813 1243 5771 5198 8430 5557 2618 7455 5719 1405 8256 1863 2817 4404 5672 2661 130 2059 3027 1256 8592 1699 7098 1858 2961 9140 7782 3597 69 6803 6989 6402 4166 862 2573 5912 2478 9578 5710 2842 1610 9423 8963 7789 5758 4545 3922 5184 409 7443 4740 8468 1146 8967 5215
2958 2755 2329 1266 794 3165 5197 8784 9362 8221 3670 6384 4800 3781 3113 3652 9217 5166 256 9962 474 7668 2803 1680 5919 4770 8436 4987 609 2864 282 8904 8040 8938 97 8532 66 5299 1136 2906 5099 6986 8139 1052 7437 5500 9337 20 9577 6202 3721 9995 5271 2380 8641
8745 9195 2261 4391 1134 6536 6441 5123 2384 1577 2445 3988 998 894 2383 611 7253 4724 1478 7269 4697 424 3258 6804 5206 2637 2310 6928 7615 4092 3421 7970 4503 1211 6939 7490 6518 593 430 2186 4990 8217 4757 2218 510 2085 4487 4989 6535 2293 7095 2428 4174 6921
2375 1585 257 4515 1627 895 9038 7104 2943 1456 1760 40 4475 8287 8746 3683 5846 2151 9481 15 8969 299 1494 5168 4149 3160 7817 5431 1479 7816 5076 39 4027 6200 8575 7667 1136 8397 287 2731 5563 7906 141 2233 2781 1860 4164 7735 7865 3842 9899 900 417
9343 6036 8231 832 7691 8819 3010 1118 465 1731 7754 159 6850 5910 262 5597 3345 3356 5959 5591 3648 9926 5143 1386 7195 7850 164 4127 9139 938 2207 3285 527 3264 7616 8161 366 2381 237 7507 3007 2739 5227 1338 4485 5903 9572 315 2485 8971 7257 1502
1458 3746 1834 9289 571 6390 4947 6433 5299 7950 5449 9534 3393 8276 3462 6687 2185 8159 6961 990 8139 9899 9714 7829 6506 7314 276 3904 2624 9365 892 5925 560 6587 9 2642 1100 2334 4316 742 4328 3105 1242 1667 7550 7670 4159 9426 6132 6464 5974
9687 1387 9285 1190 6822 6761 8486 9999 1063 6170 2738 2150 3958 2162 1319 6476 7070 3494 2506 4294 5478 7451 3690 3145 1036 5439 4016 1892 8018 6103 5497 1938 7799 6649 5703 3424 5207 8315 5653 2700 7029 8363 8793 7343 4856 5616 3167 6525 9811 5297
9700 6394 3226 2341 4880 3822 9538 7866 9688 7100 2104 746 274 4160 69 5115 2698 6743 1264 3446 5701 2516 2052 43 1508 3808 7571 3330 5243 9009 5884 2421 5442 8687 3497 3116 4204 6115 4076 2937 1959 8480 7179 2389 6467 2118 1785 9115 2550
1428 8503 3652 9567 991 763 4882 825 7137 5216 8624 243 2963 846 2538 8302 7501 2732 5882 7078 7501 3170 4354 676 4055 6740 2577 2100 7165 8780 8271 1811 7087 9062 6875 8843 8772 7267 6616 5425 9481 598 1267 4286 361 3571 7224 46
190 9833 3189 1270 103 3117 1423 8889 4570 137 372 7548 8060 8501 5041 232 1583 7541 277 7472 2219 50 1813 2724 5712 686 3009 7542 6747 9010 8119 1179 2360 5098 6807 6899 8982 756 6279 1148 7329 4724 7447 1076 8204 7868 248
4606 3805 5466 3000 56 9565 2610 945 1642 7264 4910 2052 3601 3378 2659 9695 6476 8947 5750 7719 1975 2773 9007 1122 742 7891 9245 5763 8836 1172 5417 7547 2158 6432 8527 5102 8009 914 8987 709 5371 9359 4096 8578 2872 3382
5023 9257 9451 4840 8710 3356 2392 5818 8567 3751 2463 72 6602 3726 1028 5181 7461 5124 2685 4864 2107 1390 636 6545 2068 7 7534 9941 8764 6453 9187 7294 989 2475 9582 4254 7825 368 8095 7101 8978 7568 7071 7018 7701
3426 6812 7550 6392 7834 886 3831 1287 3120 2361 1379 2517 6736 8796 6283 6360 1523 425 7523 4918 9551 622 2431 6639 7386 7988 7479 2027 6036 9598 1822 6534 1702 6627 1312 9608 5061 1264 9083 2538 764 9960 511 1542
7161 5789 8376 1262 6086 3428 9420 5552 1819 2291 4560 7321 3954 2254 5216 1111 8219 1043 9679 7859 9073 4339 5835 3359 4557 4290 9092 2028 8474 864 5374 9200 3144 6649 2774 7541 1653 3546 7442 6645 681 5813 3467
37 4368 4503 1519 176 3245 6679 5730 2294 5277 6162 8966 4436 1370 1941 8891 5622 7922 2090 3112 7785 9383 8248 9818 3430 6184 5092 6220 2492 367 1148 9160 6350 9372 7925 1165 8173 1379 4978 7218 8454 2033
665 9354 175 8916 4929 7304 3342 8924 3007 2740 3980 7869 8961 9806 6856 2390 6426 5027 6238 3479 2527 8207 1977 6158 6369 1874 5670 7411 8684 1333 812 1973 1535 4126 1225 6212 2702 1410 2142 8816 6405
7915 3934 4498 365 5130 9907 1129 9331 543 8802 9912 151 8198 7872 6671 499 1540 8244 4502 9277 4595 6303 5249 3118 2283 1545 6800 6212 3778 8670 5846 1892 9700 8185 9693 3844 902 1600 3544 9641
1319 1648 7930 7420 4984 6378 997 4402 1630 318 8644 9740 9014 4327 5693 6572 4696 5640 8129 2378 6303 3733 3015 4198 3800 9508 2248 3982 1560 645 8924 9378 3315 2321 3092 310 971 6767 9513
8984 4854 8557 8662 9027 3155 2908 6353 947 2414 1324 4944 5161 6370 7835 9769 5937 6094 6760 1018 4099 7035 5452 1307 151 5437 1676 9328 5229 6824 776 740 3035 7493 4007 6210 4824 1076
2535 6725 409 1124 4191 4819 1721 5154 8408 9237 7615 4335 4876 3227 1786 5509 5821 1182 3152 2922 5577 6165 2856 8694 8764 5180 468 6002 2726 5778 1860 625 7855 8289 7014 3923 1449
3700 722 4856 9813 9300 3782 914 1032 3395 605 4494 1247 5485 2997 1189 8736 7660 9840 9293 9091 8091 3083 7013 1314 220 830 674 445 6206 6868 1315 2544 4825 9564 8699 569
4285 5182 1168 6788 4410 8386 1456 922 3136 6653 292 6410 1771 7101 2359 8742 2871 9496 3496 2449 6922 5632 8350 4343 386 5033 139 3006 2572 7150 5397 1660 7735 9377 6769
8713 9225 6162 8720 5430 9504 674 7695 7166 3755 8759 2650 1628 7674 6210 4129 2125 7171 7200 4573 4983 4423 7855 5716 4442 3076 1122 219 8231 6876 1813 2332 1150 3622
6468 3033 5052 9171 2266 5503 4580 1700 5974 414 9661 9866 387 9464 1341 9551 7975 1288 7493 1123 7868 2469 6237 9145 622 2231 2352 3683 292 7114 2828 4522 8882
8768 2531 3171 990 3228 6613 9294 3106 7996 5074 7729 6001 1926 5482 5477 3597 8695 3927 2512 4425 2231 8318 8115 763 449 3026 6579 3268 5010 7481 3373 642
7488 2003 7286 8758 7789 3464 5826 1554 4924 3634 7062 7685 9651 9403 1967 1210 785 503 9828 1997 4242 9461 2921 8160 8752 8946 438 8782 4557 6623 7224
8798 79 1765 5446 8137 5211 1414 646 3151 53 6965 7345 6887 4342 9576 6100 2230 9807 8668 761 8482 6845 683 4869 935 8205 5738 6579 7225 4466
3382 8721 3596 8453 8112 6330 1281 7229 7285 3172 6769 3263 1923 7274 8478 6183 4713 6092 1272 1800 8495 4982 3054 4096 7382 9790 5942 1968 417
3842 9647 5322 5892 3346 9556 7243 3196 601 2692 1916 1215 6722 16 5460 1221 4761 6916 4464 7911 7455 7225 3829 2519 5842 8314 1924 4433
1885 8774 1456 5232 1979 9446 7885 8371 2178 7168 409 1633 9837 3067 7519 9420 9146 3699 265 1106 4166 1775 342 7273 8534 4945 1213
4668 5911 1982 8129 1089 952 3759 805 6590 7190 5143 2018 8347 824 8422 7398 504 4829 4382 2463 354 3891 1204 6169 915 9065
520 3460 1448 3271 3560 7529 4103 9740 1362 686 1616 4088 6729 6248 5059 428 4842 3297 8354 8798 6816 6987 9976 3889 9268
1508 6859 5 809 1610 2446 5018 2967 4256 2395 1211 8166 8449 1375 8329 4414 7748 821 9525 2252 6737 903 1859 71
868 2546 2907 1812 7903 986 705 8247 5125 1246 6599 7835 6052 4429 1266 1284 1650 922 9194 5362 6828 6732 1894
8681 1034 9592 2792 6399 551 4083 2564 1942 2352 7314 8327 1611 5435 8629 9253 1421 5658 212 1155 1874 1056
2520 6263 5526 6435 2845 2429 486 7619 7350 4331 6828 745 2130 5015 1211 8691 8718 5607 6686 4480 3435
298 4220 8663 6625 1653 1247 93 5460 5680 2949 2598 4838 450 870 8507 61 8954 376 8493 1798
7056 9407 6185 410 156 3000 5949 3088 3269 5656 8618 1156 4124 2545 9386 6694 4778 6373 51
2006 6086 5358 4285 5359 5180 4845 6241 9473 9643 7841 3683 9411 2398 9322 6833 2488 7773
6814 8140 706 9812 2556 6310 2341 3477 2064 1500 1949 4714 6727 7335 8178 5581 4899
9678 6059 2091 96 1582 9601 8198 9960 5676 9845 1899 4597 1274 9733 7492 3669
4872 6475 414 1746 3741 6630 7629 5922 6086 5197 3998 5660 1151 81 2973
573 3360 7539 8201 7162 2185 6742 1157 9783 753 3525 6320 8375 1035
5752 4535 6084 4010 2227 5002 7170 1735 6976 3148 9839 9088 3407
8846 8878 7043 5434 7135 1188 9244 5630 813 3394 7579 7734
3423 9092 681 2266 1174 8921 9517 1305 6960 8085 1674
6723 9951 5123 5755 6874 4970 9967 9169 6009 2995
4435 6268 4198 8073 5984 1193 324 2606 2335
9163 5500 7196 6712 1021 7581 115 6851
295 6625 8422 2430 543 3954 5319
5326 4209 3132 8096 6729 6018
3829 1091 5508 4722 2411
7556 8472 5168 3005
9318 1578 4050
3501 7507
1899
