100
7248 6159 9615 2912 6938 9221 3947 5769 2686 2333 4856 1314 997 1594 5727 562 1701 791 671 1949 3127 7836 2130 3058 6136 4879 3954 3526 2240 7788 3900 5746 8386 8920 4275 5065 419 5027 1912 8877 4415 7628 5386 1826 3416 1529 7624 3762 5568 2199 6126 8738 2697 911 8912 1237 1482 8986 9056 5600 4133 4054 2550 382 5623 2713 9553 3157 9936 2229 9945 2409 9156 4413 2630 3727 3841 5383 2262 8645 3602 1762 8539 8240 8467 1754 2660 469 6741 5210 3934 9516 5924 4353 9609 6562 6856 2041 2895
3038 6137 8772 7939 7639 5126 7927 2903 5651 104 6779 2496 5907 834 881 5742 1757 3644 5094 1846 138 881 2072 594 210 9925 1016 6285 3316 1483 2432 1447 4235 325 7239 9104 7597 7581 6130 1138 7141 692 6750 655 7380 1034 3675 1421 2579 2093 1371 1647 7996 9909 5275 2439 2906 5263 5473 2632 2510 4872 4903 3745 8260 6157 2087 9958 6453 4977 6312 1969 5261 6447 8199 6218 2192 1168 6361 1730 3209 7262 4592 4390 1859 266 8156 8098 972 4492 4868 6484 535 6665 7030 3555 8608 2409
5179 7568 8437 42 4014 6955 7987 559 1439 905 607 8013 5106 2516 9831 487 4477 7412 5144 2664 8467 2061 6992 6978 986 6217 454 9700 180 3271 9689 7441 1324 9539 6151 4239 5807 121 5280 6877 6957 9748 4649 1545 8175 3788 613 8224 2620 8592 1329 2087 8823 9583 5534 2746 1947 3517 2629 3859 5674 516 662 269 1666 9561 9490 5001 6513 1345 3546 8833 4346 1092 247 6011 3784 9713 2939 9281 8019 1890 2263 1183 1793 1776 383 1404 4350 3386 4715 4988 6927 1539 7135 5028 292
1866 3950 4032 4748 1277 8410 2211 6141 3824 623 6093 2244 4155 641 4817 1546 4578 9858 7943 2040 9449 9001 3215 3900 4135 1040 440 2844 7818 8396 8208 3162 8460 626 9004 153 3653 7480 8986 3983 5680 7370 9045 1052 674 6767 9417 9786 1705 8859 5256 1413 5873 3605 8029 940 4621 460 766 3353 2228 1253 1415 877 2969 680 1861 624 2975 2045 9647 9688 9405 9377 2556 2567 9759 813 4481 2890 4398 9608 5818 3855 5713 7324 812 8759 4243 1895 3560 9405 7334 3427 8610 6981
4024 871 7746 616 2373 9839 3642 2479 1054 6666 3050 1870 6057 1491 9297 6723 1561 5283 8293 1567 3327 8036 1653 6981 5713 937 7916 5744 5402 7388 1640 1354 802 792 8844 7306 4671 6120 7235 685 2763 6559 6759 7832 1145 2266 2737 6253 8179 1890 81 5005 5 71 1296 941 7823 2170 595 5371 87 3753 7475 9587 4093 2865 539 4429 9619 7054 1810 2809 4445 9207 346 7582 3525 1976 9864 6623 2547 8271 7317 5648 3963 1435 4532 2311 7142 4082 3701 2310 7509 6195 5433
6376 6931 5115 5255 6746 3899 8027 9407 300 9323 5897 1981 4808 6935 2518 7023 7618 7969 8865 410 1536 343 426 9579 8476 781 2457 7002 4376 7949 992 9955 3826 8428 5630 5848 40 1119 3638 8881 5405 1165 2447 4102 5917 967 6701 6750 3661 6597 944 8505 6198 3987 715 4235 5924 4700 5912 4537 2106 8614 7482 601 1449 1007 866 2213 5584 4581 471 6977 8853 5356 272 9582 6645 443 1011 5629 9353 1128 1844 3944 1418 3894 726 4189 8550 2636 4197 1852 899 3640
3143 2051 3396 404 4576 2984 3978 8983 8789 5559 3244 3983 1924 1101 5450 1581 2226 3668 1166 337 7268 8879 1076 5993 8099 7481 4891 8868 4361 7689 572 2396 209 1337 1227 7363 6110 9991 1309 4252 8074 1611 5817 6286 1715 4538 113 3061 2497 459 211 2473 2986 5896 6234 5907 6921 39 6427 989 6285 7833 5805 7337 1822 6146 1144 4245 3190 4875 1921 1709 7021 5 1221 3745 2325 47 6677 7721 4263 6249 7776 5703 3134 1849 55 3420 498 7374 973 2669 5448
6804 6765 8919 1416 983 6753 8417 830 9708 9488 9601 3542 9660 8743 1153 7570 978 3899 5331 878 5335 2558 4899 6374 5099 1185 8012 1350 2887 9289 8126 161 2321 1877 8991 5030 3776 3534 3327 9648 833 3167 8640 4765 5689 5080 2149 258 7724 5406 5354 7677 8205 9589 3781 2507 9974 9296 6092 5675 7867 4008 9351 4338 9146 6124 1863 4528 6501 7144 5735 323 8868 3145 930 4266 20 1567 8150 7101 3877 4772 1415 6444 2163 9612 2150 1397 2306 5086 995 4426
416 5170 4417 9186 5237 9979 6010 4382 4558 7879 7410 7439 2091 628 8272 2070 5237 9717 8346 4876 68 2133 4065 5411 2400 8012 4813 1276 3895 272 218 2235 9294 7454 4707 7048 8363 7705 6829 2120 5698 3442 1736 7339 8591 616 9393 2951 6276 146 779 3189 7363 5883 6320 330 6462 9276 2659 2137 3580 3137 6487 8486 8383 5717 9381 334 1188 4591 6650 7878 27 3409 4335 1969 2424 6366 2717 2598 424 877 1265 17 6632 5435 2588 2329 2547 837 7118
642 3402 4678 1156 3476 1145 6686 3680 1515 1720 6948 4728 4848 2767 301 5217 4408 9149 2158 8061 1452 91 2878 4466 5097 9180 3999 6974 56 8440 4767 168 753 9673 9690 2505 2251 1701 4498 3386 1431 5630 9345 15 7134 9799 206 6629 5032 296 3295 7704 6399 8339 3454 7288 7603 583 3039 509 1375 7045 7777 5401 9260 4673 3987 6812 773 3755 7928 366 3754 5631 2910 5624 8057 1050 460 4132 4281 1663 6106 8086 777 5049 2853 8251 5705 7921
5043 3922 2295 6385 1219 3111 5789 2186 4409 6215 2520 8899 3161 8721 4988 404 4258 4362 151 2642 4734 2132 3731 5019 710 5344 4368 756 3194 3649 8706 1473 6290 6563 1878 6838 3855 748 8330 4731 1589 2546 1886 1077 1021 4173 1702 7363 3798 3198 5169 4741 4108 7279 5023 6404 2716 2541 4478 5582 6774 324 8741 1329 8548 5786 7333 2202 1850 7999 2173 3566 4415 99 5246 2120 9739 2985 6062 5428 193 1562 8544 940 7071 7837 9859 2290 1523
4133 9322 7533 4993 8428 780 8007 146 335 5085 7558 6015 633 3741 6985 30 4564 8191 6214 2188 1965 8605 7793 5900 3048 3226 7183 6751 9845 1080 1724 324 2577 6331 6970 2194 4191 9854 3532 7668 5880 3540 4178 1796 7729 1218 949 2139 1324 2763 2661 8647 8466 4396 8080 4398 2640 313 6230 3683 9887 6055 4187 7799 6184 4923 4909 7361 1623 9363 4199 8721 7791 7556 2918 2049 8911 9460 1225 9933 9924 217 3118 4037 5919 9633 6954 7424
3320 8419 9801 3043 7859 3286 664 6419 8498 5425 9182 8583 5275 5539 2274 9170 8364 1204 9753 7039 1580 7851 6783 6397 5139 8257 9896 685 5532 581 1047 7738 9466 7074 895 4649 2506 1343 872 2449 7224 8453 8277 9660 1316 4678 8755 4206 1285 7771 5780 8902 4750 1375 861 8306 7601 6571 4893 5560 7362 6337 1263 4659 9613 557 3169 8491 2043 1624 1574 4872 4224 9999 265 727 5384 8676 8916 8974 8244 6995 7215 9949 2447 7848 2668
7925 5943 4063 7891 270 3704 1596 8938 228 7530 6828 8167 6433 6302 8363 7193 4769 6596 3575 3876 401 7506 5029 1227 713 6784 5059 5394 7132 4775 3454 2916 8542 7419 549 8259 3830 8470 1117 2447 5812 5608 5831 7017 7748 8428 1391 1960 3171 2828 9141 4652 865 7175 8529 8432 6616 9682 5667 1237 9277 9613 8905 6589 4 1751 3365 6021 2664 3349 8030 1671 5500 8703 1190 5967 9115 3803 3371 6076 7671 5567 3106 1561 4480 8273
2337 2013 435 3873 7899 9088 8149 921 8818 6335 416 5587 3527 3553 7838 3340 5526 9691 9939 8600 1281 6384 1856 2198 2569 8477 9652 2693 1092 3157 1014 9687 5211 2185 2481 5989 1123 106 4623 5971 9567 7377 6137 9734 8500 5583 5053 6755 6861 3856 8034 1241 928 294 1928 2850 4544 9603 3219 6246 7940 3111 7642 3617 3208 3435 251 1286 5619 6108 2513 7044 1433 8140 7320 1928 498 7494 7424 6914 9195 7489 2480 5036 5867
999 9933 2153 3224 5862 1804 9659 7707 214 3412 8344 7985 3452 6104 5789 3651 8494 4739 8035 4761 5784 2372 2369 5419 1487 5469 1522 1448 949 1462 2553 2122 3532 9415 3202 5369 701 7094 1595 8127 1147 4782 4387 6796 1428 5121 1377 6700 9320 4398 616 9957 1741 3494 2650 8373 7650 1580 522 908 2259 9724 7751 6629 1436 3022 3478 571 8002 6266 2110 4458 6638 2845 9418 9731 8059 3405 2394 7156 7458 1994 4236 3031
643 3910 4058 3690 6727 8326 7171 3231 2020 3033 2590 5541 4449 3576 8235 1254 8683 3055 6493 98 6375 1644 7814 6941 2776 3621 7345 7700 2435 7134 7190 5590 4161 5099 4809 2144 6278 147 3572 8601 1264 2646 7654 6992 1889 5776 508 2674 2401 2222 5887 3201 6861 1552 8334 4177 6516 3920 4429 9157 6132 2371 8318 9305 7169 2333 2815 6497 8982 1658 9605 5570 5295 3610 8760 2799 8197 1724 9406 8456 2011 9550 6668
1134 9722 356 1978 5561 3416 3479 1543 7101 8318 2128 7005 1450 1577 1910 149 5956 8176 9348 2926 8291 5384 7534 7579 9531 165 3701 123 9518 179 9080 9373 2176 8932 1550 4130 9740 7418 8034 5205 3558 1110 8238 5945 4896 9730 5611 5811 8944 6781 9880 2808 8210 9845 5977 6551 4666 8009 3090 5626 2381 2767 5876 4233 2129 1892 2198 9647 6498 5666 6040 9937 6998 6215 9941 1149 7043 1012 1783 5727 335 5602
1791 3530 5145 7420 9828 1205 7670 8761 1451 9427 9166 1608 8793 5640 3240 50 5078 2232 147 1274 5282 6114 7879 8760 8348 6398 1963 3542 2560 8291 1448 5034 3792 2684 8974 1126 5463 7836 7222 1804 4986 8351 2055 8342 4944 4914 8669 8277 9299 6134 1671 9928 6263 2113 3104 6224 1979 1558 2720 1409 30 518 1123 3356 6468 1175 5179 8251 8585 1364 1218 9947 7301 8069 8834 7809 5232 5840 1864 1031 6919
8912 1046 2214 8816 7701 8792 5672 2299 9804 9050 206 5610 1889 9112 9503 5042 3218 4838 3746 4850 3637 4001 5582 6644 3725 7350 6352 6050 3593 1649 5118 7402 1438 2152 5754 8261 9574 4745 2056 4340 4856 5217 7027 1740 8810 4383 3692 452 6341 6329 5141 2012 8968 6365 6221 5904 7616 6586 9053 3117 3046 7136 771 6548 2360 8933 9676 941 4125 1050 984 8845 8211 3854 4936 9115 7388 5121 2331 4431
3081 9163 394 5004 3060 1085 1728 5376 8740 56 9726 4874 5997 1118 7806 8635 3639 5398 1846 4224 1905 403 2111 8431 2980 7655 1271 2223 2348 8724 4180 9965 4821 7379 1738 6397 6850 153 2622 2766 484 2407 3692 6320 1176 65 8390 4282 6082 3921 3326 2039 394 8556 5751 353 4516 2149 2102 8274 6420 9041 7582 6374 3489 3387 141 3173 7129 2009 9009 415 4005 2815 5007 712 4239 738 9813
1511 5505 6943 2222 1034 2304 9405 7334 2044 7017 4001 6703 9338 955 1905 1539 386 4325 7962 8074 7180 8689 1541 8879 5309 1009 1592 1998 2330 7769 2506 17 1291 1037 5273 5372 1648 3436 1599 4645 2808 5229 4401 4152 4671 7001 9594 7401 8903 3114 6408 3979 2987 4946 5622 2577 1840 9279 1882 3427 6477 4046 7791 6531 925 5117 7013 5585 8114 3125 232 588 2124 7208 143 3961 2858 5303
8069 8873 7936 6183 9629 7798 8954 4549 7570 2798 9040 1608 4125 5092 2250 9510 9931 2003 662 729 5869 9940 2919 3795 4081 5954 1344 6016 3617 5452 738 3532 811 7547 3667 5941 6897 8212 1696 4769 9922 5664 3347 2403 2665 1530 4232 7530 8708 4201 5389 6938 1144 1487 2344 335 9442 1121 6462 9103 49 5608 6176 3520 4979 7366 9688 5338 7549 8173 1622 878 1663 1341 8612 3848 838
3245 800 3936 1428 6012 9099 3351 4973 4776 5389 96 3524 7119 9179 6157 7494 1220 8060 4028 6948 2932 4233 7873 983 1065 7395 1237 6527 3423 7785 5903 1421 5013 4121 3187 3537 2678 1495 7352 9558 3096 5917 9055 5517 1797 2002 176 9608 2281 9069 6279 6776 2891 7403 351 7736 80 4240 4973 9164 5083 9531 7377 6180 345 1852 4968 5237 93 4154 5174 2698 1239 4976 5650 3831
891 8681 5778 7342 3055 4604 121 2038 2084 2249 2894 5641 1609 2868 9838 3436 4620 1617 7621 788 5955 8209 361 5943 3738 3292 824 7793 9965 176 2483 552 3561 9304 4282 18 3774 2160 3402 8454 2167 920 8933 8128 6317 7784 6049 7961 8217 9219 6531 982 8361 2895 2909 5983 4213 2532 1622 8307 4306 5682 1849 2522 246 1368 4161 2555 8941 9186 2595 2032 9916 5747 9676
8695 8068 1748 5213 2265 4409 4923 7316 2560 7284 2175 317 3205 5 2906 5432 3304 8029 5617 2973 260 2043 9777 6125 9937 6262 2458 6635 6924 2762 3696 9644 1972 7766 8543 1402 630 4085 5951 6495 9692 3948 5032 4448 6369 6420 4552 8967 1912 871 3426 9238 6270 5169 4074 6969 7212 7711 7007 3083 9266 4955 9143 9436 9889 9515 5745 81 3783 6022 4167 8364 9376 1080
2547 9630 1755 2184 3315 3946 4395 4072 816 3724 6735 3725 3979 4026 565 6769 6121 266 4410 1397 1105 7428 7204 1690 9187 4713 6132 4113 8844 3300 5910 4609 5751 7119 1019 1146 6918 5402 5545 3144 513 9208 9825 8634 8318 714 3474 115 9649 2368 9692 9345 3238 8076 7047 1404 1261 4618 4069 4609 9429 2222 4725 272 5005 9564 8873 1202 2183 4445 8523 6799 733
2624 2923 8703 8856 8224 7788 8703 159 3269 592 1175 9373 6381 2609 4505 4311 8812 8738 1644 1708 2130 4085 1467 6157 2076 5406 6440 4414 9965 9319 5252 4558 2303 9861 3395 3700 1060 2652 2219 2314 6546 111 4382 2447 5119 9914 8345 2775 8776 6659 1708 4406 7800 9550 4170 8846 9464 8224 7763 8020 4162 3990 2993 9481 7338 920 6223 9432 7039 5576 1857 731
5470 7695 8816 8339 5912 586 3476 6584 149 4640 871 3661 7321 2280 4791 968 5158 1384 9500 9281 2546 9729 4940 7864 2683 1130 6891 8972 4520 6905 2007 3818 1937 2009 9443 4802 930 9081 257 6688 9964 401 4166 4713 9324 4571 4009 6980 7824 2623 28 7420 3943 8254 5822 2019 5753 9204 9151 5417 5175 9816 9638 9309 308 2630 1888 4228 2884 2687 2250
5064 3252 3647 5136 5746 8522 479 5703 6826 7518 4427 8376 6302 7721 9655 3566 818 892 3070 7411 6503 3989 7548 3845 4895 7406 9420 8591 1952 5030 8756 1749 7479 3669 3296 3519 4046 170 7964 3562 1473 3990 2966 8699 4430 3790 6851 374 6924 3837 7105 8430 4605 6489 1708 1838 2054 3143 389 9879 2414 6705 8544 5323 7957 7335 1949 5865 9848 68
9514 1706 5682 6690 9159 268 4949 5376 8361 8876 8489 5555 7667 9625 9508 1515 9506 2951 1595 968 1064 1202 7463 556 2299 8275 1548 4531 6959 2152 5254 4560 5985 1294 5237 9225 2069 1938 8410 1783 3 4281 4690 8406 333 2461 1171 5684 9909 1865 1509 7416 7885 358 3587 1472 9710 1879 1553 2464 9356 6401 7009 1607 1066 6688 1409 9364 8282
3222 2774 7321 8728 2229 8495 7215 4360 1823 5891 4459 8557 924 9117 7023 9275 5804 217 1491 6687 8909 607 8038 9390 8831 9264 8640 1275 6518 7566 106 829 5984 641 2384 6016 2632 3895 965 987 2186 2907 3848 8386 6744 2762 2950 108 2812 5890 2127 8584 3647 4060 2318 9291 937 6347 4707 8733 8153 4261 5843 6422 4440 6482 3443 4483
1370 3139 2800 7901 8677 8868 7635 5164 212 1813 3587 4471 78 3781 6508 2511 1875 1056 6062 4973 3174 1692 9401 5625 4929 1374 7896 6525 694 7714 4747 9577 5826 2266 8329 2008 6007 9526 8453 7491 5418 1125 8721 8436 345 11 10000 6718 2577 1764 6961 1563 2815 8905 7321 9734 7222 9808 47 9050 1969 6392 8318 4042 7657 5573 87
2195 1241 808 1173 2335 7952 2115 5061 1755 7014 9804 9589 6747 6243 144 9628 6173 9485 6234 4683 8907 8608 8724 4707 8357 5074 3677 7798 1758 8951 8379 2002 8262 4867 6051 7820 6728 2143 4455 9017 3396 1374 1327 7267 3744 7631 2875 2841 2363 3461 9336 5480 9362 1398 1073 9513 790 241 6440 4603 1133 6068 2565 467 7529 1421
462 7120 534 6591 1608 6692 4311 7063 9085 3872 7220 239 8734 7839 141 4610 5738 7015 146 7713 2528 3499 3605 1750 7890 7924 4480 9640 2731 6032 5460 1630 9426 9419 9217 5863 2527 5582 9133 4537 3293 5254 3983 761 6448 23 1499 3450 3146 4368 371 7337 3625 8160 1579 73 6946 8569 1405 3498 36 1716 5039 272 198
2837 5538 497 5491 2880 1708 3214 3272 8876 6440 166 4074 8952 2109 87 3901 4235 1980 7094 4851 9152 5934 9729 1633 2354 1582 2980 1129 4692 2930 5545 7443 1573 6159 835 1501 5473 637 3788 8517 1675 7065 3693 7924 9418 2395 2511 4989 5553 8055 9776 486 9060 1575 5896 4615 5640 8585 4924 4753 3530 5013 2466 3233
371 5042 4886 5348 4410 2665 380 3165 4970 9465 7016 2565 7605 3693 1067 3570 6105 3435 9678 5835 163 5391 6100 1499 6402 7752 2139 6837 2029 9152 6707 7047 7287 6209 466 2849 7665 2054 9463 5991 5089 4544 2845 3589 6626 4859 8450 5908 4220 9632 9833 7226 6133 716 8526 9766 7624 5553 1704 2636 917 1355 6291
7469 5385 4822 1358 6380 144 3982 9858 3180 1672 8807 9861 5918 9288 5662 8014 8441 6001 9919 4778 4778 3107 2872 5405 1535 2835 1294 3901 2895 2315 687 1596 6029 9346 3336 7316 8268 9214 1143 8280 5556 440 8820 5480 4421 2559 5084 5461 5020 6400 5934 7782 6868 4148 3626 2395 6335 4410 4341 8816 453 8038
4354 3652 8892 1626 9806 5130 7401 3636 4379 1023 1350 4888 9520 1390 533 5872 4094 1617 1363 8145 4918 856 128 9248 3961 4734 1102 2501 9664 6970 2567 9598 8782 3076 1333 759 7890 4793 9228 9097 9281 577 667 9057 8675 5246 6707 50 2877 6887 598 45 4175 4743 7749 2560 8543 5552 4643 572 5062
3155 1357 2668 2377 8372 4334 7523 1307 569 9149 981 657 7940 9322 5833 4118 6210 3658 8381 2527 5106 6031 8683 6610 4458 8411 699 6787 3094 8710 9864 1167 899 4430 2615 2765 7628 751 7077 2145 9922 9124 4369 9763 305 9468 5882 9279 2176 5888 5546 1662 6921 67 3955 5189 986 7355 1673 4557
5195 1392 3232 4211 9698 7651 8967 8480 9587 8081 6822 4252 123 4903 8500 1535 9983 664 3180 424 9777 6157 5920 9809 3635 8061 9070 1250 4047 5309 418 4165 3110 6489 8541 490 6087 3443 3717 5580 5346 1227 5773 916 8878 497 4006 8429 6104 2647 2245 6647 7149 1018 3575 1248 6137 1698 547
3423 7633 6792 9871 7139 2142 6904 6966 4668 9803 9719 7480 3800 1122 6967 7954 7185 8161 8168 2287 6581 5682 7025 911 2646 1163 8047 6744 3938 5972 8381 8218 8710 8935 117 6055 6991 1021 5718 2995 1473 4854 951 8872 2092 5480 7786 701 6475 8685 1204 7832 8575 6390 5581 3089 8716 197
307 3354 7825 1497 4612 4156 9710 2187 6315 227 913 825 5114 4428 5698 1216 9866 2366 8624 4879 2511 4663 5034 9898 2223 3128 1747 2716 9203 4932 9680 8593 191 5493 9300 1731 9839 7584 3550 4819 2979 569 8081 2218 2989 6842 3269 369 4680 7664 8012 894 139 3799 1943 2751 3790
2056 1577 7036 1725 6975 1500 4968 42 4945 1203 808 9847 7198 8496 5768 1493 9428 4120 6522 9111 1892 179 5296 5706 8633 4088 1916 1545 2613 6344 9702 7804 5422 3833 4078 8848 1994 199 1138 7069 7655 1126 2450 6132 3310 2875 8242 1496 6073 1100 176 2351 4546 2485 4950 5976
8830 2668 2530 3311 8922 8519 3637 1646 3732 5196 1993 3687 1614 7401 5959 8432 2030 4805 1031 2061 1241 3383 1416 5348 2242 3078 1971 61 317 1841 9787 2313 3209 3248 4136 8357 1085 6042 21 3727 7186 1560 214 6760 5234 330 4254 7850 5103 1033 512 2875 9622 1244 436
275 1062 3327 284 3162 2492 8273 1767 2566 1953 4540 8790 7012 774 2091 1982 6245 4606 807 1597 459 5566 738 2352 4531 1904 1208 2740 6757 5934 8818 4716 8986 5357 8797 9683 8286 439 9099 8818 70 6638 4473 2596 7012 206 2672 2456 5192 50 7263 1350 4585 1402
1513 2550 4244 8859 7019 1917 3764 2664 5761 5177 6916 4880 8426 8784 3937 9607 4473 372 258 5769 189 617 6268 444 9395 7578 9281 8966 1706 2569 9114 6543 1143 8645 1013 6552 1067 129 8592 5612 2866 8707 4358 9078 364 9626 3257 3219 2914 4596 8514 7545 817
1966 1797 2024 3931 7757 1016 2032 1359 701 3125 868 2645 5944 9885 8030 702 1818 8880 6658 987 930 1563 8791 9213 8299 6801 5043 5773 3931 9549 7094 862 3644 8022 2635 3551 6601 2228 8554 3733 779 8642 337 7401 8486 9701 501 6958 6541 8604 2691 8277
4509 8105 7323 6020 7081 2527 2160 1700 4017 795 9241 650 536 9544 2204 5593 1990 1934 7531 8950 8492 9563 8687 2396 9046 4789 869 2849 8981 1918 2214 4025 9774 6280 2139 6585 7837 267 497 478 1998 1782 7433 5887 4349 2834 1203 8528 3308 1245 7660
7417 4645 1654 197 7447 9137 6036 198 5073 6169 5915 1507 7581 9627 4945 7630 7620 2015 2798 8222 1955 2057 9219 350 7028 210 1773 1720 5356 5907 3994 4564 3222 2401 6395 2459 9664 4543 9818 2017 2308 3024 1262 1859 6667 4637 1212 653 589 4486
9232 9583 8811 3276 9149 3601 976 5598 4881 852 7445 6642 3340 8027 9669 39 4371 9146 4529 7016 9072 8478 2452 6819 1564 8941 3529 5179 8752 6687 636 2476 1624 2141 3790 77 1402 6953 3853 4810 8085 1774 1763 8338 5164 7529 3742 958 805
1705 3120 9812 2222 6963 7080 2715 5072 3433 1553 4831 1190 6444 7657 2791 6671 9535 3540 4549 8530 7102 8226 1102 1954 2671 9807 859 1906 6711 2713 3679 6634 4896 6583 9386 1483 6250 2520 8221 7440 2096 1418 1439 1477 2028 9692 128 8476
4878 9238 5820 9646 7672 5879 6242 4463 3342 6975 7269 7029 1676 9230 9074 3594 6792 8893 2003 2864 7578 1548 5972 6196 6697 4939 8821 6358 8008 2301 9839 248 8432 4890 8986 2118 1984 580 957 997 1363 3196 4903 6718 9921 694 3135
4668 8776 2394 9895 628 6348 620 951 1813 620 1230 2295 2529 343 7492 1323 8139 2703 5641 646 7105 3053 9777 5561 6043 7622 2302 4299 2020 1405 6487 2509 9177 8 3957 1262 4528 2119 8176 3261 3867 2258 2234 3149 6013 7458
3722 4638 2940 9043 1164 8905 4023 2520 134 9948 9802 784 9886 3031 1168 248 6906 7894 1080 2961 1592 5808 3643 2451 4640 6431 2109 8849 1031 9713 1090 1935 8661 4958 84 1042 2265 5067 3314 4488 3067 1903 8810 8360 2674
4644 1721 7498 1464 3408 50 8953 6138 4740 2542 5224 4116 5269 5396 9876 2461 6281 5834 520 6431 9812 2410 6678 9818 4708 6439 2757 8136 2634 2546 5638 7460 1418 9496 1132 7191 8292 4863 4314 8500 772 2353 1855 2693
8007 1063 6432 8036 3119 6570 7957 5902 4616 4630 8935 4757 7676 1425 5287 9654 1860 5130 1219 6635 9905 1333 8821 9265 5834 8934 5916 5180 9814 2459 2383 7369 2460 15 7391 8260 4761 7885 2076 9628 4370 4402 1339
6388 1483 6246 4199 8379 5495 2556 4246 5422 2624 5095 2397 2076 8281 3087 2246 2747 2051 4965 6544 2665 9869 6100 7704 309 4480 8152 8711 6607 1961 5716 6268 6846 6216 8206 6844 7056 4569 989 2711 9111 8064
2438 6156 7538 1931 8323 4032 8905 6403 9606 8235 4014 5523 5037 7331 8656 7051 2310 5086 7825 8167 1044 3873 1098 2396 2866 6430 2110 6931 1240 6846 4125 1754 508 3019 8474 966 7514 8082 8654 3293 535
1047 4366 2596 2722 2313 7835 452 2477 8119 3481 578 3659 7619 4178 2047 9578 6934 9179 1085 8754 5732 1416 7955 238 1138 4156 7459 5403 7285 7059 1882 3999 8268 7587 4920 9693 7537 3519 2465 8405
1660 223 7443 8081 1513 9485 1465 3181 5419 5889 7887 9158 1760 303 6902 6359 2823 8607 3066 2447 9536 3086 7299 1735 1811 9523 5913 8355 7363 8677 8539 7032 6484 1147 2130 5165 5643 483 5681
5076 9717 6311 3312 7178 2331 5708 330 9085 4548 9533 7331 974 1579 233 6174 9271 4355 9704 1341 1295 5000 1875 3930 1851 296 1333 358 3175 7874 9004 161 2150 3517 964 1225 486 3692
9847 5942 9656 5248 6621 4917 2415 5167 362 2179 390 1668 9641 4862 5734 9735 51 9862 152 495 2309 201 7785 9380 4176 5711 7852 5738 9586 5075 8628 2635 534 1251 8641 8020 6007
2842 3914 3667 5403 3884 9901 4751 2830 5250 9075 5864 1900 6295 4711 5873 4819 7617 2072 4651 727 8036 1117 6692 3896 3427 5785 6496 3954 1433 6560 2886 3044 3240 1720 2687 115
5200 9171 1530 6447 6401 5052 3764 21 1924 2096 4918 1591 3687 991 1487 8986 9880 4674 6387 9294 5508 9088 8692 3587 1472 492 9569 9530 3368 5025 6684 393 470 2289 4096
4116 4565 345 7122 7080 2486 7129 8583 6265 4611 6900 5463 9343 2722 2275 4528 3164 125 1998 7646 8513 6784 1309 1946 9250 8370 2124 7889 6663 5543 9902 1462 4213 1109
9043 4634 5804 1381 1197 9211 4465 8941 9567 1003 7791 2316 1463 2210 9338 8437 8158 631 3413 9824 2605 3595 9668 205 1490 7382 4948 5003 915 7878 8794 5288 4338
6613 57 9049 1170 6074 3800 348 3401 7539 3155 2076 2503 2994 8096 2261 1382 2693 261 9017 66 2251 233 4259 3466 1251 9640 7705 8023 679 1899 8711 2365
1145 999 202 7713 8141 2788 7625 2986 3352 9857 5227 4986 7367 4470 5765 7358 7730 2171 1523 6564 5346 2375 8266 1341 1665 2427 5707 2179 7970 1248 2570
1133 4097 2622 7215 9745 1307 7471 4685 9241 4497 9619 3729 3993 7209 7173 8237 6415 1878 2317 1542 7068 7241 5672 6779 1970 8567 7829 5335 2591 6477
6545 1481 6057 5714 7286 2273 2746 1164 4799 557 8799 7574 5295 8278 1163 9632 4131 8549 9057 2887 1173 3706 4801 1991 7218 542 3458 3518 1502
1654 7794 2626 6711 2411 7194 2950 7415 3528 2150 1929 3710 6628 163 8032 7039 2769 857 373 2489 8996 4891 6287 5881 6918 1244 2276 7791
9882 245 317 9166 8464 1813 2537 4344 1913 2008 9908 8265 7868 1019 281 2354 2169 6478 9094 3370 908 6762 3167 3072 8691 6470 8149
8115 8820 8901 6009 149 7481 4178 8844 1070 8301 4159 6488 6797 9964 2602 164 692 3685 4065 8132 2565 8803 8295 4528 103 2365
8056 7606 4222 7403 8217 7858 9610 5786 6835 8029 3502 3905 4514 2291 6900 7973 9209 1689 5103 586 8488 8911 5617 875 3633
7715 8158 3275 807 4182 6960 13 4936 5747 5197 7249 1965 877 6006 8465 6831 7336 3505 4843 2380 1627 5337 7487 8522
5044 2276 8459 3820 6348 5094 9765 4787 4797 4933 7449 9382 8449 2652 9300 4164 9341 3 2704 9721 3214 7471 704
7232 9858 7798 8335 4617 9435 8966 1124 2987 383 2246 6153 7387 1523 5709 3260 3614 1002 9602 5541 1259 8264
2563 569 7988 1532 794 6127 7062 5886 2541 625 4639 1220 469 4773 1632 539 4897 4668 1748 2932 1996
5818 928 1261 2412 4696 7226 7650 861 2423 1087 644 6605 9510 2447 697 9 4997 812 4291 2584
2314 9444 1205 2054 7972 6778 5844 1380 7103 4972 3147 8350 7496 9744 2929 221 1681 6528 1294
6622 2550 8153 380 3058 6705 9070 1067 999 6379 1362 3303 9032 4132 294 9294 609 8565
815 9565 6725 1684 3852 2874 3955 809 7622 2743 2518 558 680 1573 4013 8267 6386
1112 3034 2547 5945 7642 1870 761 2049 2178 1685 407 9629 1894 9566 5073 6374
6462 2078 405 603 9195 6837 3269 7448 4696 2753 6409 2634 8896 6610 8734
2657 5952 7710 3396 2183 8510 8869 2679 848 2411 7639 6971 8146 9573
2645 8366 3496 1840 1414 1224 5697 2277 2539 278 9518 3323 7205
280 829 2294 7205 9303 2943 5165 6628 7115 5152 9760 5764
2860 376 4346 5127 8392 4797 8131 1710 7204 6860 9849
7077 1910 3400 5825 7517 9587 1537 9240 4986 3028
265 495 5038 2142 627 4022 6629 4770 6013
8871 3 6082 656 8871 9675 741 7861
9225 3378 2701 1323 6884 8707 663
1766 9397 211 8531 313 840
6344 8709 6967 9155 1334
74 3734 5571 5690
7231 1414 5788
3786 7775
6353
