100
7290 4817 2474 823 9956 4733 1641 483 729 712 2933 1886 6658 7320 9313 6581 9887 8175 4470 2857 457 2480 715 5944 9367 7571 8821 1102 1077 650 144 8380 2881 5589 5390 616 4376 6274 5904 5156 3634 1145 147 9795 9017 1175 172 4473 2191 698 9688 8627 5536 1805 5117 4200 7381 9571 8949 4654 7819 3577 6492 9999 36 2695 7303 9421 988 7384 6871 9028 1007 5819 2767 6031 9369 8280 9586 4558 9262 3815 4145 4854 9803 2957 772 2329 4700 6248 38 9272 9504 1086 5958 6759 1674 2801 8107
5744 6937 4821 9687 7626 8922 9173 9504 1578 8492 1731 9227 3403 9588 6863 7402 7659 3091 8026 6839 6134 9349 7258 9617 8870 4282 5216 1687 7419 778 9609 5954 552 3045 467 4136 9790 1818 3312 2862 1581 9145 4207 6478 888 8953 9609 1738 7320 2750 1450 959 1956 6646 8225 7933 9824 6755 7593 9766 2979 1470 24 5557 3437 7658 1320 1874 4905 6966 149 4675 879 535 9046 5060 205 1510 8863 5994 1047 9813 2790 9876 4989 280 6276 4563 9900 738 2191 2620 6055 2397 9686 7116 1992 30
2269 267 8433 1704 4793 3956 2936 8320 3630 1636 5091 8705 4631 4497 2976 7297 9493 7741 8200 2308 45 1803 9332 6495 875 81 4272 575 1275 4622 9664 8635 553 3022 849 1735 3863 1820 1985 139 4304 279 9825 356 3962 8136 9705 4665 3057 8883 5101 9312 6898 8508 2511 6274 629 4924 8565 8620 671 7556 7901 3928 230 6785 8702 2827 5478 2096 5345 80 1459 1396 4767 6341 7104 3287 9228 7828 3936 3965 5285 3478 172 1791 6294 1539 6324 1798 8719 6444 5257 4725 4008 5580 7082
7308 4626 6348 3725 7947 1104 1447 3377 8340 822 4910 5809 117 6464 4684 9404 9364 8887 5356 243 5323 6160 1898 9650 7222 6757 2327 3922 426 6055 6945 2638 3289 9028 6498 4197 8019 5974 3992 3456 1871 2205 1605 6101 5354 8798 2344 9083 3327 6587 5564 686 2729 2821 15 181 661 3551 149 1522 2746 5205 590 154 5293 5628 309 6758 9216 3596 2219 217 4620 908 340 4435 2911 7773 8832 3254 8743 5146 4780 6583 9728 8381 9466 8150 682 517 5550 7185 8030 615 1067 4166
8530 5923 7646 1704 5004 7305 8776 4532 6628 7772 5090 7077 1564 9093 6924 4548 8676 1866 2054 1748 4761 4641 275 7837 8798 2384 3611 3239 878 2839 9376 2633 8384 3024 3971 9139 9868 133 3831 5161 2574 1411 2663 721 5577 8158 1380 719 5293 1830 9265 4270 5595 3096 1682 6946 5624 1655 8402 9051 7985 2124 2965 3101 2111 5052 4813 9598 6555 9273 4001 3216 7315 988 1002 1871 4700 2833 5104 1869 939 8963 8357 8205 9951 6634 7680 5532 4721 9682 7901 9958 3232 2879 1266
1000 9910 669 4069 7890 6062 6076 9580 4928 7578 1740 9813 4697 8016 9605 1288 3223 8133 4971 9642 3576 7645 608 3171 3236 8753 2826 146 33 2594 1974 159 1347 5549 157 2929 327 5952 4359 2850 1650 4732 2221 2703 3174 2859 4659 8500 7893 8500 7637 3496 217 1212 4529 5045 3122 559 6294 475 7617 4768 7675 4740 5350 1277 6036 3723 9189 4807 2096 5305 2622 320 1526 7808 13 4822 6642 5596 1343 1071 2522 3127 8390 9749 4837 9404 5070 388 5838 8126 4257 5009
7942 6554 2728 8446 9672 3305 8260 3931 6961 7659 3900 3295 3760 4401 8359 6056 2826 2345 4156 2287 1264 111 2632 7839 437 8802 9616 7591 2219 9637 3000 6830 430 9127 2163 3047 211 6901 59 6725 3554 4302 2196 8945 7409 1816 1164 1433 5715 497 2038 3227 3282 552 6215 6627 6088 2237 6880 1697 580 7143 3933 4767 9723 2436 1917 6785 109 5334 1380 2077 7865 1612 6573 1037 5971 2222 7348 2387 9206 8254 5811 2380 6837 4459 8379 5512 7318 3463 7637 2409 8305
75 4809 7147 9029 138 7071 2163 5132 9492 6677 4362 1120 5180 3984 6908 3486 619 7334 4139 9658 5798 8652 5642 2435 9134 5403 2151 8280 9911 2248 1304 1627 4539 3188 5018 9557 6175 1665 2934 1594 3095 5751 53 8702 9813 3733 9605 5609 7608 4748 4636 2055 6995 8856 780 2195 1946 9536 760 2821 8229 3425 9062 1785 5630 9830 1525 3906 2637 3787 9185 4654 8230 6065 8341 156 1233 7476 4049 7468 6619 252 1148 9382 7691 9841 203 8781 4168 8995 3810 1717
1513 72 4842 6099 9580 9767 5300 4372 3595 2180 5645 8945 1515 2125 2211 7489 2679 7525 2567 5807 3918 3247 3667 3246 7416 2909 2030 2634 1598 9033 2030 2672 7611 2373 6909 737 5453 1230 3230 179 9568 5174 2754 3481 701 4401 5671 6869 1071 3008 2128 5147 1367 1869 1514 7719 3217 1718 7950 7505 8406 8109 2707 7551 8051 3935 934 1340 5145 2260 8764 1944 3062 1751 7287 2289 6373 2102 3752 8624 2545 3708 1572 6087 8128 7453 6729 1033 286 2274 2594
458 6055 8950 5850 3449 809 719 4462 2395 3384 4097 838 1051 260 7712 8965 5470 9177 5940 2510 5547 2453 4530 5450 7003 4496 1145 7911 8349 8567 8474 8003 7406 7144 251 794 8855 5845 8269 748 4471 499 3949 2179 9202 4866 2280 3843 906 5362 899 6258 7357 5364 9962 7418 9583 830 55 4685 7290 4451 6565 8089 964 4339 2213 7900 9184 2335 8321 6617 374 4112 6064 6539 8871 5960 4265 6458 2556 1240 9627 5868 7935 2292 2380 5773 8828 324
7264 2162 4105 3548 685 1403 3668 367 6540 7479 9548 3135 3891 1837 7298 2984 3425 1463 1153 142 4825 449 7692 4260 7347 4931 855 3470 2047 1755 282 9001 2892 4783 7505 682 4552 9442 4758 6324 904 4708 9219 5854 4186 6351 1907 8708 2217 7215 9609 3228 8546 1329 8595 9164 2484 6368 3855 5579 8813 2940 5567 8485 7491 2476 5898 4355 2543 2805 5091 6138 4481 7483 7166 4546 5232 6439 5247 7402 5664 3386 1957 1946 4058 7554 9160 3530 2198
8586 4367 7281 4876 2614 6853 464 1420 3424 9084 7824 8618 9501 6066 3801 718 4723 9284 6948 939 1326 7840 9092 5726 7825 5615 544 3417 2219 1059 532 7921 3786 6749 6458 8629 3172 1315 7762 5472 2371 6560 8025 4625 7713 9628 8905 729 9141 8397 2781 340 9340 4590 1096 7563 6635 2159 1415 1033 3060 3741 6180 7053 5192 2291 1900 9744 7180 513 7731 7479 5087 4749 3878 4763 4730 1032 6642 8200 4472 1490 3748 4818 4520 5407 9104 3375
6945 2860 7237 8128 5222 5501 2080 5729 4283 6441 9921 8548 1847 1016 6091 8473 2825 9771 752 3890 783 6078 2268 20 2709 778 2464 6415 11 749 3331 1329 2443 5918 8836 4888 2953 5179 2674 4359 3564 9877 511 3259 3484 2703 8627 3758 3403 1907 3229 908 7977 3878 6639 4580 9635 4333 6299 1217 3597 2687 664 3866 5072 3693 1786 2775 8980 2160 9697 2085 2098 1905 2880 4443 9651 3231 9489 142 125 8364 2343 914 288 6857 3444
6242 9291 8227 9068 1505 3237 5534 9753 3858 2265 8242 5345 6678 9600 9139 8789 1252 1669 4293 5451 2253 5942 1870 126 7632 2855 3278 1108 3051 171 7982 6433 3636 6741 9925 1035 6375 1531 9681 4845 3985 8013 1316 751 3836 6821 2124 7350 1243 623 2967 328 7497 9194 2902 355 7741 2480 3250 8990 9889 883 765 7728 6899 3608 1051 4447 43 8488 8832 1324 126 101 8827 8462 3843 8986 4899 9452 7412 5558 3553 9903 3335 2586
6687 2822 9021 2608 3503 1900 810 4159 335 2279 6599 4237 1227 8002 149 5988 7236 9102 9667 6264 847 5381 4177 151 97 8159 9381 6866 5834 9176 814 2236 4127 3009 7688 3408 7261 501 1392 840 8523 5104 3112 2299 5935 6843 5612 6086 2451 6459 8726 9103 9913 4859 1903 3477 5357 3207 9976 5964 9291 3435 568 600 3904 6458 9766 1608 837 3603 8489 9173 1545 9585 13 1419 5886 8099 1546 2711 2583 1739 7696 1169 5489
5002 7509 2300 4400 8860 3523 9756 330 1648 1115 3079 6314 4315 4478 6655 4078 7533 2382 2047 3394 6404 2384 7316 416 5344 2645 9966 9048 1655 2937 1575 1197 2057 8299 1827 7024 7750 1390 8937 9521 4767 6096 2481 6659 6091 8089 9022 9920 5067 2934 2526 1373 4608 9575 8431 6862 1371 3189 3828 6573 7445 6777 4921 7591 2560 9464 7443 8039 2574 2611 764 9896 7424 8735 3485 6325 8594 4527 5740 3763 2661 667 2777 6098
6077 1371 2531 8415 8188 6420 449 430 7022 1351 7902 7686 3959 1318 3636 5565 1626 6024 5212 8646 3468 5679 8180 1703 4232 296 9330 704 4291 8451 681 3193 2755 4596 105 6268 4252 4089 7852 6435 7291 6460 4398 5891 5686 6523 605 3801 3267 903 6050 7123 8729 394 3293 3570 8244 5100 6104 2766 2077 5975 453 9899 2185 4809 5433 235 7233 4139 1469 6485 1826 8944 7619 3540 853 2864 422 259 6994 9094 837
1911 2720 6998 2961 4941 8704 146 6165 3366 5660 1887 3718 1231 281 3540 3818 2598 1252 4099 6910 251 5965 7147 1794 7203 4557 6013 4264 4691 6829 7341 2622 987 9706 6428 8728 2144 2052 9844 2337 1150 5590 6115 7811 5518 7483 6587 7125 9797 7950 6617 8884 9021 8946 2613 6646 2072 1108 3993 9019 1233 5166 2198 3780 6486 4861 5812 4009 355 9254 1176 4005 3392 4404 4778 869 8863 2597 2951 7169 7966 1574
2229 9514 788 4539 1157 8453 266 1267 9950 678 9030 7228 3416 6641 5776 883 3557 2396 6991 2415 6023 4345 2596 6623 8046 9507 8986 4496 1440 2327 7403 2195 1054 1093 695 4879 7333 1751 9137 7779 2146 8178 538 1070 554 2858 7618 5843 7033 9354 1083 935 1609 2020 2657 4909 9509 2214 3079 3188 1294 7535 8100 2495 8334 7792 6126 7701 4427 2101 7429 4298 8430 9558 1523 7582 837 2345 466 869 4886
523 6672 8118 53 3951 7167 2215 9576 6582 5487 5978 6024 7680 6975 8209 2731 1185 545 5271 4464 6087 815 2002 74 267 8299 483 8529 6038 2475 5232 9189 3414 6644 9029 516 9154 6646 5174 2078 8682 7257 3000 7880 6978 5110 449 4190 256 3497 3756 3740 1316 1893 2977 7934 8696 3257 4629 3862 5896 7650 2958 1598 2948 8897 4330 3663 9364 1310 4097 433 923 3821 9991 5076 7902 6048 5078 6079
5863 6765 3852 1750 9189 5730 4065 5217 6806 6566 3868 8571 2136 3537 8982 4425 1453 175 5823 8892 4573 2768 4047 407 8656 8388 2752 5637 1180 7494 9946 6885 9035 3750 159 5032 6593 8779 3017 8557 2269 1705 1488 5898 1534 767 5760 9565 8664 2228 2602 8803 4102 2324 6538 5658 3570 1941 985 5250 4099 1311 1044 7450 2678 2859 6269 552 4209 7194 5105 8632 1860 5466 9769 7817 9121 7973 6660
4035 3421 8426 3829 270 2759 3744 9529 7728 296 7080 620 6645 9436 4595 7420 8196 2640 4116 5214 7855 6508 1286 9280 9547 8068 7953 2127 9505 5417 2410 9802 2740 7509 4376 2567 7203 9143 9422 5732 4978 3643 8646 9792 8516 990 3066 731 5740 1105 7017 9019 1381 3451 6600 8176 2221 9716 7047 7579 5945 3039 1030 4218 166 4584 4535 3639 8412 7343 4213 6003 9191 1987 326 5629 3833 1890
4909 151 746 3200 5443 3610 5377 8790 4535 1944 1000 5805 6707 2435 8091 7323 3249 6461 1457 5709 3902 3007 2511 774 9902 1486 8969 2183 9120 3626 1530 5216 2467 6841 1765 5925 8281 4980 61 4532 1723 1648 7042 9974 1437 1376 93 4628 9876 3993 1343 9357 8021 9462 9621 5573 2432 1469 798 4655 4268 4881 2047 3375 548 7337 8007 9225 4963 9186 9919 2014 8956 5872 2165 504 9054
9147 5913 5107 8646 3495 5206 8639 5749 1860 7525 4435 211 9992 9055 1077 9395 3321 1794 1495 2585 1232 2726 6612 6538 650 9872 2523 6723 8577 7767 8619 7917 3322 5477 9936 9759 6400 2479 8540 9252 4657 9353 8313 271 4775 468 1150 3132 2938 4218 4033 7241 6260 2603 77 6293 3862 4648 3908 2439 4009 368 1878 2466 9847 1914 1314 4808 7818 1554 6987 1245 5141 3127 1951 7645
8290 1349 8597 7424 3324 3198 933 4572 2143 6670 3485 3596 1676 9407 5040 2145 97 9914 8017 2150 4728 927 9697 5080 6543 2103 3781 4981 3432 9448 5580 5988 6690 1433 7936 7526 9672 9655 5930 7099 7815 6311 9803 3896 1478 9116 5816 5415 1217 7627 4949 5264 6807 5886 6566 8791 1654 7222 6130 2566 8018 6580 5993 1420 2573 7274 9399 2006 7236 477 1017 1501 1430 797 7712
4880 1787 6409 7156 2147 6498 925 6922 648 523 4429 9961 1086 374 2358 5881 3879 1916 5363 8237 1454 6061 6078 5091 9976 4105 1287 1978 8618 4819 8986 7763 8620 1186 6492 5467 237 3210 4038 3895 7687 380 5701 641 9572 1913 5313 2291 6576 6508 4300 8385 8833 5416 174 1756 8325 6735 4751 2852 1755 1798 388 5149 9429 3861 5006 6485 4507 8915 9087 7701 9076 6481
7582 5927 7713 1926 1773 9255 7162 8779 8937 3532 4925 3656 8705 9081 5556 1647 6731 1471 1143 8166 9636 2470 7698 6827 9095 1435 8407 9316 3311 2044 8055 4532 6688 4162 4205 3589 2547 5310 2684 8546 784 1799 3563 7475 1473 323 7949 5423 9060 6692 1174 637 5410 6965 9899 9932 7406 5333 617 4868 9072 6339 1176 300 8370 1947 4673 5454 8026 9167 3502 2919 2858
5098 5506 8323 6164 7217 9561 5785 3378 91 5936 674 5349 3282 4744 3088 93 1451 6743 5245 1080 3570 1072 5153 9486 9673 1668 825 6492 4179 4985 148 2447 828 8442 1327 7284 604 527 515 4525 8107 3678 3421 3911 3479 2562 7343 506 6851 3787 3798 9168 2434 5382 523 5626 3221 1903 4990 4111 5570 6884 5775 4502 182 6988 831 7223 1499 7063 4695 6077
7133 2343 6006 670 1481 4224 1041 9038 6856 1212 3095 1056 6267 595 8979 3887 5031 1785 4149 6636 8739 8423 3714 3785 5375 9919 395 9030 23 394 7308 5881 120 4036 9238 323 1395 8379 8127 9281 576 2643 7687 6816 276 8206 4847 7333 8566 4650 6486 4939 958 443 708 3790 9648 5707 2794 9800 9240 591 4633 7754 5509 3324 1443 2686 1963 9753 2607
1866 2611 4167 8576 8872 4310 8559 3592 3299 2779 762 2169 548 5213 1559 3565 1214 7264 2520 4486 7287 1317 2734 5784 9784 1068 1703 6326 2695 3801 852 2394 7859 6890 496 5977 7535 3929 2542 6279 5091 3181 7314 5046 1807 5285 3699 4693 2561 3512 2687 9447 4361 4134 7984 8240 491 7284 9293 647 405 7702 3028 1625 5362 61 1574 3787 5470 1027
1588 1266 7515 3541 8425 5414 7715 6209 9335 9332 4767 1935 5463 9795 9015 4677 811 6777 971 8437 1447 6543 993 1866 8175 6642 8448 8099 1506 652 5997 4911 7672 5282 4116 8650 5143 1087 9625 6583 7020 8322 9039 2638 9801 5171 1593 1799 9002 1771 9983 2600 444 3668 9220 3596 3199 2783 5461 9701 8555 4437 9252 7827 1618 2352 9942 7093 8213
8027 8473 7951 5849 2567 5322 1213 8811 6127 4791 2839 8114 1966 560 3333 9956 8128 499 5909 3852 6518 7945 7355 682 1150 3259 5592 9259 7635 6008 174 5306 6944 1387 3730 2695 8571 2297 4275 5303 5199 4728 8699 7021 3402 2775 3523 8888 6937 2601 8156 1964 4385 1715 4571 5541 9856 1161 2501 9738 3586 7604 4060 5486 5000 9543 280 509
2902 146 5001 6245 4140 1574 459 7906 7720 1593 6011 7535 7401 8413 2634 8841 8519 1325 1424 2182 4993 3991 1955 1047 1031 8752 2103 3050 8570 4772 3064 8323 3264 7789 2054 1067 3916 6151 9376 6265 9390 7329 2965 5889 7735 3174 3510 170 1119 61 7936 4885 8523 9597 4761 3418 8089 9445 4217 3685 477 1259 2187 177 4657 2884 7891
595 9177 7172 8578 8139 8485 5190 4808 8103 8138 2781 2361 6648 5523 2716 6228 9320 3316 3715 9136 8700 1248 1179 1335 2775 5531 5541 3464 6192 4914 7357 3223 2581 9321 7397 5832 2879 2373 191 2988 791 2492 9946 5403 7818 6826 49 8371 8089 9766 2737 2399 3748 9828 9722 956 2633 2219 7575 6280 7031 7465 6337 2555 7 4662
5777 9083 7613 2327 6085 7210 1964 6660 805 9027 5464 4028 7094 8534 720 6407 2638 7583 1499 5981 4041 7757 2497 3781 1372 5730 6670 1344 6456 1415 7251 263 850 5378 1086 1377 2592 3738 9323 5722 5542 1498 2987 3425 4849 3604 9203 9297 1748 9592 8200 4691 4610 1285 8538 4369 1595 6015 2398 2877 8618 818 2849 7635 3502
7478 1513 3693 936 7091 270 1206 532 5719 1561 6913 5820 4262 9692 8171 3513 5201 5107 3774 6171 1034 3849 2887 8027 1510 9278 9530 6927 1108 7799 7508 2510 7246 1494 9042 1076 46 6364 3856 6200 4771 5676 1988 4013 2211 9730 9213 4806 4131 2324 6646 3901 8597 1224 4687 2805 4001 8454 3294 9758 5351 31 4289 1770
1187 8638 8951 4478 9170 6094 3632 6394 6373 364 3443 9405 180 4862 3359 6546 7973 3268 6787 2784 5517 382 1569 417 4373 4383 64 1456 5936 1632 9906 4761 8749 6632 1622 1340 2056 7642 6943 4546 118 6736 4436 3475 1921 9255 7993 311 5728 6362 8813 1003 9898 9667 4550 6007 6460 9296 7498 638 7978 1619 7199
1157 8483 4172 2550 599 4552 586 2179 1976 8541 912 3728 6441 2209 9541 1411 7259 8267 1647 9101 5480 3638 8192 6628 7070 5966 1505 9923 4653 3147 1470 8224 9140 9117 4339 7295 2695 9065 2502 1413 9587 6052 628 7376 21 4076 3744 2197 9208 9407 1401 7929 173 1350 924 1716 3456 6002 9866 659 6824 1371
1292 7021 5855 1253 9683 9785 4035 3491 6820 5934 6173 1696 8629 7034 4672 4348 5121 7079 324 2067 9522 107 5011 6981 832 4015 131 7089 3780 9698 1974 6371 1954 4079 8030 5664 1607 9548 837 9520 2207 1780 1180 4699 970 2728 2354 3639 5551 305 9895 9345 2146 4345 3122 9961 3970 3099 2720 8851 8726
1560 3662 123 4650 6332 1977 7769 7588 3408 4211 4325 8716 3137 5337 3389 9787 6240 8227 8053 2147 7035 6795 1742 7023 3885 7442 746 7164 3298 895 6623 7961 6365 9721 2858 8571 2701 4663 7622 4580 3789 5078 7181 6100 1707 5563 1805 2225 8796 7258 4719 643 1646 3318 8868 9683 334 4106 6353 5862
922 7751 7613 820 2601 3951 4137 9837 1322 946 2687 6686 8715 3094 7309 1040 5644 1132 324 9811 611 2080 4556 2009 6032 8578 3275 8965 2595 755 9286 7974 3197 1506 903 7183 3285 8888 6239 8729 1244 9728 5069 250 9043 3883 496 9912 6779 898 2266 777 268 7902 9509 1373 7467 2341 2154
1486 3478 9301 3072 5574 2098 4422 5746 242 2567 1339 5237 2454 6265 570 4280 4929 5691 4572 780 3250 8927 1607 2822 7739 7489 362 2546 5253 7973 6728 1802 2709 7550 9320 2264 7661 3281 7724 6041 966 4664 8546 994 5148 9403 3688 1703 6458 7948 3795 5993 8520 5122 656 4592 8322 3753
9372 2122 939 1560 8978 6995 5874 515 2964 7973 164 4385 9452 5857 9170 6625 323 1631 3412 121 3345 4435 8349 2399 8918 4992 2881 7611 6728 7585 6229 8908 8046 8790 6039 5915 5917 3308 302 909 8353 6800 1474 6732 9998 8373 2446 1096 4151 756 5237 7098 4463 3139 2963 6762 3278
2121 7654 9554 4694 913 8477 8402 9302 285 1695 5173 7791 7565 319 7332 6806 3601 1375 9161 7641 6939 8931 3559 7318 6840 5543 2696 4312 1424 4899 6055 4482 8283 3854 4399 1777 9399 9857 4979 9262 6440 2141 8224 4433 159 1871 1216 6684 2559 3811 5888 1319 6779 5608 2325 7543
5539 1715 6794 8053 305 373 892 8876 2639 9425 3738 7555 9740 8473 5287 2780 2575 2376 7635 795 4426 5910 5129 2315 578 727 4186 1246 6062 4469 8537 9588 1839 2527 7416 3198 2671 3378 7491 1538 908 9239 1147 3954 503 5741 7735 8984 5032 489 5190 4181 8341 9467 8935
2299 1123 5458 6701 6599 4828 6355 6173 4179 3441 9222 106 9610 6050 1217 9363 9054 8763 2329 4955 3558 433 6390 9097 2972 3950 9799 4657 5319 4521 118 2563 8435 8682 2733 3602 602 4988 7112 7576 781 148 4429 6856 5043 913 8970 1156 3974 1204 7422 8864 1305 5682
8459 4518 1342 7719 3322 3484 8984 222 5983 7075 6797 3230 5278 8737 4366 1399 1439 2386 3130 7246 6014 570 5135 6836 566 2046 3122 1486 2942 6867 7250 4273 4996 3671 6664 8524 5466 8335 609 5642 1263 833 2191 8536 4447 5171 6893 788 1805 5843 929 5511 7696
1672 2343 3573 475 7881 9292 9426 1474 6637 1032 1638 7898 4594 1312 4036 336 7858 746 4552 7933 563 8162 2159 1288 5182 9533 60 3996 8787 2620 2280 1195 4266 7011 2745 948 733 6778 2023 2529 2292 5716 619 9604 929 2559 1256 8963 4381 2299 1966 6817
5827 6990 2684 9311 268 8759 5223 7107 2122 913 1449 2392 4440 7371 6155 3078 2114 8614 3909 5316 9938 3950 1461 5866 842 252 7135 6540 2217 524 3701 980 3479 5227 1415 654 1139 627 2460 3547 2352 4489 4097 8558 1963 4006 241 2971 8064 6566 9670
3201 2125 734 3519 213 9175 7441 722 3489 2124 8564 1284 5101 1513 2624 8983 2685 9421 4616 2595 730 1581 764 3400 2198 8585 2622 6083 5578 223 9443 4912 9250 3391 1723 6318 5020 2527 8676 6553 8860 6847 7452 884 1636 7984 5974 4277 1394 7024
2560 6629 458 9209 1426 8024 4438 2508 1273 2170 3627 295 3716 1803 686 9183 2159 9565 439 8634 7246 187 4165 43 7804 3308 6353 3779 2502 7208 5239 4006 3105 7434 4003 237 1363 3191 4408 3914 5904 8862 5927 1121 2899 3536 7198 9700 2400
2066 7167 2527 7943 5440 5074 2886 8124 1237 5565 2620 2005 8712 2371 7942 8324 9753 4252 8031 2502 6845 2628 9437 4811 9462 6293 2835 2006 6022 9865 4360 6231 37 1978 4840 1527 5458 6957 234 6500 3062 1664 6594 9182 751 2335 4552 5409
4043 9101 6024 2740 3491 1008 9387 1409 9147 158 1175 2022 4503 6695 3490 8716 7103 2195 4572 3030 3334 9342 622 1675 3512 2048 5085 8536 9075 4370 4308 8368 9863 5294 7713 1477 1424 9462 8830 7004 7732 5192 4707 2667 2472 929 7706
5574 4296 1215 8019 3451 1495 1451 2873 1979 7491 199 3077 538 2156 7412 9666 1864 4182 120 2192 1313 8894 6525 9277 2482 2442 3453 2065 5165 1683 4429 3000 3183 7287 4680 4309 8063 3386 6670 6725 6394 7310 8444 1154 7165 5027
1790 1226 8450 8608 5873 9695 1888 6242 3198 8688 9388 676 6468 5783 2244 448 1526 2884 1965 3621 9845 939 5338 5178 3614 5593 6257 7154 1351 9964 9129 6512 294 9876 4727 4924 6468 9445 8809 9302 7408 9774 3314 6171 7382
7391 2599 2567 705 4550 3001 3786 1742 8235 8020 2365 6756 3181 2487 1382 9569 5756 5878 922 2646 4648 717 9555 6358 4570 1957 7698 1243 6161 8811 8375 4346 5088 6431 5630 7384 9943 2491 140 1484 6590 357 8699 5799
1337 6662 3459 7057 7608 8364 6362 9958 6558 8796 8028 5009 1029 1644 9310 6488 688 4481 5839 4360 1602 5444 5488 6674 1917 8986 9686 726 1996 7028 6190 4607 9429 2708 5328 8320 201 6274 1959 5805 1375 6462 1584
3500 4848 758 272 9085 3716 9578 59 2201 8028 7310 4547 615 2545 8928 9598 6133 510 5291 3403 3972 2201 2443 9734 8404 5512 8033 5098 691 241 3561 566 7920 4882 2619 8819 4676 979 2943 8869 5956 5528
1205 704 2640 8652 5571 1693 8751 6554 2832 4396 4383 221 7265 7900 8439 6651 801 9722 4816 7357 7831 5495 436 5587 9282 365 5829 5734 1304 3042 7025 861 7808 5646 4180 740 8364 6890 1870 7386 8844
7017 487 3897 6462 155 97 4028 8778 2496 7005 2300 9358 1530 6528 7019 7077 2422 2039 4917 6509 7997 7352 3620 3768 2085 5291 8531 3571 4589 7626 324 4022 138 6629 9462 1676 1467 8360 6417 6596
6643 8545 2165 3350 8472 6684 6530 1066 2456 2498 7448 2757 3788 2194 8995 5 8223 5726 8191 2576 528 5929 1058 7800 886 1311 8522 2433 9747 8758 2660 3158 6413 420 495 137 761 3009 2609
7818 24 7790 1464 2138 647 7350 9475 639 8818 2164 642 7418 7849 5 2571 1112 181 5503 7439 615 4780 4594 4428 8874 4307 543 7284 7933 5780 5382 8270 9868 177 964 6011 6322 7911
4700 8684 6830 2422 981 4946 4187 9872 9157 3447 863 7200 8797 9019 3220 8221 3557 1761 4582 6623 5448 8971 1772 7250 4228 7666 8490 6216 9227 4891 7638 2324 1133 7542 2938 308 9946
457 5161 1790 7698 7869 2693 7679 6015 8056 2369 7439 2806 1995 3699 681 6906 6747 7340 1834 3281 7781 1994 776 9483 3886 766 3573 5152 2570 362 308 9290 4670 9437 6203 8787
5623 2050 2841 6143 252 8069 3370 8349 8065 2840 9288 6378 2718 5446 837 9591 128 6358 6439 2797 6926 2737 451 7502 8654 935 8509 3405 9833 1231 350 3360 1020 2046 4935
5092 6065 4378 5429 6739 8509 4591 4581 1186 6507 9249 202 750 2889 132 5117 9928 5458 1241 9157 541 2444 3529 4791 9147 4642 8182 1647 8433 2276 64 2768 5703 5166
4310 2136 606 1926 8574 1416 9417 8650 7031 7746 428 8778 5068 6979 5796 1841 8012 532 1639 7258 5752 60 1997 7009 1980 3848 8799 2135 2225 5101 511 906 4930
6652 4825 5285 382 1208 7784 1667 2190 6997 75 6106 1656 449 7785 5957 979 5591 7012 8178 1179 7937 2666 1294 2199 1950 2561 4478 1689 2789 6212 5855 1190
9545 8649 2848 1575 3629 9926 1758 479 586 7219 6016 4654 3278 4672 8597 4886 7223 5114 4187 4892 6913 3259 3841 3536 8988 1136 479 9280 4945 6431 7332
5930 1558 3576 16 3521 2144 9179 2644 5538 8553 4394 5254 2024 3171 7696 2537 5132 5724 6019 1565 3473 2658 5574 4674 8575 9240 2019 6915 2862 6169
7255 801 1574 5308 9949 3949 788 5705 8575 8955 3359 5580 2986 627 3228 7159 2258 4233 9471 8797 342 6655 2243 2940 1109 5802 2252 6090 7714
3394 9034 388 3396 9246 1201 8050 5888 8480 1143 2591 2539 1772 590 3752 7690 4543 4771 531 7917 7661 5237 6018 6476 9707 2490 8248 2752
5679 1854 4795 6805 7893 3134 1483 2030 6563 1940 4449 2826 9199 7699 1035 7958 2463 7926 2568 8211 5010 6356 4063 9465 4941 423 7141
6124 5496 2541 5630 3086 4746 9790 6323 8421 5682 2000 5429 30 4168 9879 9345 1042 5604 8464 1365 3112 7773 2256 6162 3100 100
3657 626 318 5714 8141 3787 9838 7166 3926 7621 7159 7124 6357 745 5001 7635 8441 3691 8427 4390 2386 3913 288 1717 1254
9396 1514 9196 1748 542 1453 717 2152 3044 9125 530 3855 527 410 7925 2443 6086 8643 6147 6968 5542 2297 4686 9536
1524 2413 8771 3021 7810 1933 2700 7085 9200 8067 4678 6298 7429 142 6133 4986 702 3157 4694 8148 1031 2249 3813
9861 2840 907 9905 6626 2833 3838 1677 8335 6905 6877 840 2159 4259 5120 1007 8476 1410 4603 4146 4314 2111
7656 2916 7879 6776 2151 4422 3958 6379 2002 9239 9452 1796 2550 4629 8218 4915 1998 2439 6620 9905 9170
574 5297 2197 5073 4696 9453 2146 2651 1207 7627 5587 4722 3234 6983 9929 5537 3451 2107 2292 7934
8673 456 6817 5260 4070 2519 5955 6932 4708 3216 3317 2501 4395 8587 9663 7561 4654 2774 4087
666 4223 422 729 8148 4856 2721 9850 4141 9195 8540 7434 3315 2188 1920 1096 1493 5662
4354 7530 2101 6283 147 9261 8076 713 7765 4874 8895 7369 2704 5402 1264 9697 4772
5051 8055 8380 1487 19 1251 5520 1553 9572 267 7153 557 8849 9562 6052 7507
8624 8747 566 8173 9808 1265 4382 919 685 8699 2161 6706 818 9525 4421
2330 6239 7874 7239 1175 2171 8777 5505 7329 1115 5918 2070 2888 7011
3010 1104 2578 7324 9725 8252 2326 3591 8827 9476 2328 1825 9909
1182 9286 3320 1922 3331 2643 6621 8814 4930 8418 4602 6633
6981 1638 182 6242 2741 5863 1846 2310 3130 9751 199
2900 1173 3605 5801 9987 9282 4786 8734 3238 6648
914 4147 7390 8883 374 398 8161 3316 4120
8329 3354 8694 8134 5694 4993 6100 706
7876 6557 6426 5401 4616 9447 1225
4515 1583 3664 768 7275 5419
1013 9143 799 8332 9026
1677 9770 1945 981
4324 5152 928
2709 8603
5594
