100
7313 1752 6451 2659 6622 2220 660 2760 5238 444 1898 2195 7790 2073 818 6876 1005 6080 4517 3690 2061 2543 4746 2278 3284 9446 4141 5360 5491 2274 8383 2497 2095 9014 8429 1345 8766 3739 5189 2809 596 8602 1846 8619 9855 8039 679 4513 3072 4848 4043 6308 7147 2725 7428 2670 4912 4763 8726 6321 4763 1404 6093 2409 4328 770 8529 8096 1116 2516 2009 7633 3920 1535 1006 1887 6879 1592 1010 1670 7186 4577 4464 2770 8346 1002 3141 5247 5518 9754 7679 1057 4213 2094 3909 7030 1830 690 8392
1720 2670 5902 25 7014 5746 6898 5675 1302 7445 9013 9465 1876 9261 6794 7691 5534 8177 2468 3717 1635 9045 9708 1185 6137 4026 6448 4335 2574 7535 2622 7433 1089 2237 6738 6764 2722 6193 1452 8228 6231 571 4837 5094 2337 4791 4899 8948 2655 665 3244 3453 3745 7327 2856 5507 3727 3122 1433 1265 7242 7804 5055 1149 3443 6288 9959 2218 8508 6039 2132 6049 1644 2311 1857 2177 9479 4393 2470 1236 7788 5802 8777 5268 1632 1778 4838 222 1596 1924 6738 1061 3987 277 1117 8346 8855 1105
3222 6076 9036 5642 515 2602 5340 7458 2193 6384 4476 9339 9417 866 1887 620 4468 7314 106 7239 5936 9912 344 4057 307 1475 6671 8786 1343 5611 4691 8934 743 9416 953 3251 2817 7432 7951 6772 7916 317 2186 485 4132 230 7039 5351 7812 1904 7654 2598 8299 8011 3404 2954 2179 2721 8376 6747 8142 2837 9457 760 2225 249 2893 6698 2661 2322 5709 5284 427 9040 3911 1038 4112 2264 5396 8963 6258 5508 7516 7399 7026 8495 4270 2477 2346 3641 1397 2695 4097 3234 1719 6303 8396
1812 7167 4470 1080 673 7678 6764 2149 3471 5709 2095 4261 7681 1942 4695 3813 7065 3844 6305 3547 5882 7576 3530 7361 3843 14 7519 9201 3320 2879 6787 9314 5971 5303 7409 8209 892 2986 8178 995 8068 1779 2640 4122 6040 1725 4524 1046 9668 8310 6334 7774 774 2481 219 2032 8789 2186 9995 5317 162 9935 7708 4984 4285 813 1473 2665 235 9129 6303 8668 7606 9377 1241 7879 1910 930 6394 5709 3343 730 2388 3188 1547 6512 918 4958 3641 7859 6787 1718 1365 7185 2225 4745
8011 8122 2207 3863 6502 899 1115 5129 7630 8367 4354 2662 8706 5803 2521 417 7809 5672 8956 8981 9887 31 2741 2996 6022 3424 1375 2316 619 2828 8843 6187 5331 6404 1347 9700 5270 6993 6861 9666 5075 8901 8019 1933 7620 5425 3857 7739 6946 4153 1182 3448 3564 8997 8766 6793 2181 1721 5126 1198 2156 9592 962 2390 5823 4052 4677 9943 5426 7865 8223 1518 1037 4811 1699 2100 3156 8940 7321 9570 1563 1939 3793 5062 5353 9434 9114 2486 3596 7574 7298 1556 750 8572 9022
5763 4295 3138 5868 3465 4706 2340 2455 9254 9076 6377 1675 4212 5899 3861 4106 3295 7699 175 2175 6934 6879 2966 4336 5539 5910 2255 9497 2295 4491 930 4967 6970 6945 7719 6481 7618 5855 7611 4478 6929 6913 8631 9347 3956 1440 3298 4140 89 4483 294 5758 6817 7541 1281 4794 4135 6152 9021 8452 5887 2010 3425 3940 4930 9671 8297 7660 6089 4928 2628 9020 2392 1963 285 9539 1661 1451 4893 3319 2153 1809 7406 167 7103 2819 1667 4046 250 9356 4806 474 516 788
5650 894 9588 2529 4594 8437 2743 1293 249 4009 4514 8571 6500 8355 7831 3685 7420 1811 9943 5431 3073 610 3127 5969 9780 4389 2421 1945 5763 5301 9005 3311 27 5677 7447 805 5544 196 6083 399 6161 8876 424 2471 7186 858 2073 901 2489 1287 4938 9101 3605 7414 9329 6328 5804 2391 1904 1735 29 2251 6050 5381 4581 3481 500 8413 6533 4977 9254 9933 579 1791 3810 7401 5936 3393 9708 1939 9003 1084 5178 2425 6228 3261 7558 3775 8291 3356 3746 7311 2186
8533 3756 6110 7400 9930 1762 8961 4928 1635 2807 1967 4857 2424 1079 185 8327 5728 2391 3415 7002 8651 1424 5781 2917 1485 7070 8734 8626 5787 4020 3112 500 8171 1635 7921 2172 9383 5274 2983 1777 6915 4703 814 5946 1952 7967 1181 845 9983 1955 3562 6590 3562 3764 2632 9328 5007 1760 7710 1023 7998 2589 6042 753 8613 3838 6550 8186 474 1636 3481 111 2681 4774 6865 5326 4751 5700 3839 268 3398 7640 5619 702 5201 5006 1675 3101 1867 2933 4982 5299
1499 4806 9934 9643 9659 1925 2741 4792 3337 6935 2078 9412 8685 5795 6592 2845 9468 6523 4071 8747 5565 3325 3371 2340 1690 4516 8533 8323 5225 6533 911 1335 9307 2583 11 5848 3460 2098 8855 1408 1309 8283 95 1143 1495 9647 8707 6719 3489 9247 251 8721 3963 7530 9449 8408 7115 2689 5758 5532 3360 3143 3631 4610 3174 3319 6729 4498 57 7963 2259 1352 9230 6586 1315 448 1102 2849 6307 9692 8468 2629 9381 3544 1193 3416 4261 336 9837 8171 7294
16 2441 3523 128 3435 3587 975 4705 5472 1842 5000 6401 2474 6211 8233 3682 1687 1547 7634 1959 2876 3726 296 8156 8551 6671 7087 8759 2389 1416 7866 5086 741 989 306 2393 1724 8076 4998 2713 6794 3559 8866 8041 8221 4566 6179 9300 1204 5830 2569 2616 215 3927 5822 2969 5526 6005 3750 9976 9967 452 8008 6933 5892 4338 6300 1267 3452 1831 1397 1996 1240 3376 2625 8948 4873 3645 4398 9970 1792 8231 9167 236 5718 8630 9343 9907 5469 1618
6022 8255 5766 4281 314 5868 2869 6784 648 2597 5426 9853 8899 7951 802 3508 5676 2506 7077 3233 2354 4419 2689 6454 5276 93 4527 9973 9253 914 5828 1056 3926 8949 5315 670 4763 9081 2752 9441 3743 8311 2824 342 8329 2908 1152 6829 8667 4337 4011 154 8840 1071 2352 7786 4455 8003 9083 7754 7733 8702 6035 2517 2127 6256 9740 2732 656 694 4142 3003 6776 6418 8117 5770 462 6122 2714 1329 3047 4451 8754 2735 2600 9743 1222 7405 4904
8628 7427 1582 2457 4608 4738 3786 9929 7690 5771 5707 20 1755 9317 7127 6652 7164 4913 7344 8171 6545 6824 7353 5976 5095 1682 6970 1705 2714 6185 69 3928 8874 7661 4265 7657 9663 1497 4999 6811 3003 198 179 8669 3006 4239 9981 2146 5184 1348 2241 1512 7290 2339 364 6486 1830 3235 1425 5252 6424 579 6731 1775 7261 3491 2883 5821 1828 3393 9715 4125 9097 5415 4396 3443 9353 9618 8693 9443 4579 3926 1910 5404 1164 6257 948 1016
9062 4989 637 7824 7010 6954 6854 564 7315 6988 483 3228 5989 1184 5544 3401 9582 6644 6413 4975 5396 5384 1671 2135 3839 4752 3765 4720 7904 3099 2039 646 3441 5817 2342 7798 4767 9848 8864 9824 1414 7519 8851 1646 3964 2079 3516 8036 2449 9175 4720 2153 9893 5144 6282 2917 3691 5992 2262 3659 1404 1066 9998 1097 3231 5725 4084 7341 2455 4708 7999 6491 6942 7286 6809 2172 33 807 7016 6073 7931 3895 4843 2120 1302 4489 1176
7430 3711 2647 9523 1910 8026 7572 2465 1033 4471 6482 6606 4110 1459 1733 7388 2140 7361 6856 3614 3086 7098 7470 9012 8494 643 60 8279 5813 7774 2693 1191 8721 4020 2550 4706 184 5522 9251 3272 8221 3745 6529 2157 9553 8394 341 2511 2987 2217 6861 5561 299 7761 9694 360 2619 1905 6990 5259 7959 6086 6547 5216 6175 2513 4667 1244 2986 1338 1949 5835 7837 949 6064 1722 8909 4036 3627 3968 2657 3293 3533 4916 9676 7086
1550 2571 4249 190 1301 289 8775 8245 987 5562 4887 3166 9727 233 8612 2620 2428 5921 9699 4828 3657 7786 2907 3322 3903 247 9414 6758 400 2677 872 1527 6325 3974 2752 8976 745 3839 5036 419 5701 1359 1826 6036 9595 5345 5309 7903 503 9955 3797 3597 6242 8808 6066 6418 8233 9419 1697 8250 4894 1350 1800 6 3757 785 7671 2289 5906 5118 6239 5705 9593 7925 8600 6186 8966 684 3422 956 1366 3945 1995 9856 5285
283 1163 2118 1825 214 7051 5028 1743 4941 9699 66 29 1572 8726 7465 7432 4838 3976 4125 2479 1861 4224 1992 5367 1857 8782 4170 2193 1787 3566 8446 617 8138 301 8910 175 942 3195 2121 2971 3426 1762 1716 8845 5559 7511 5151 1571 5215 9790 8169 1695 423 7890 679 6392 5977 1014 2401 2144 2497 5189 3053 4901 5342 5537 7745 4156 5035 5258 643 43 1055 4509 7427 2053 6018 255 2075 7404 4433 1786 8949 5489
1523 5128 1710 5232 8893 5229 7434 4059 4674 8186 680 6403 831 5486 8199 2158 3815 240 9481 645 2507 9947 8295 717 2412 3369 9973 6841 4947 1859 40 6862 4353 4407 3397 3447 722 5868 7979 5530 4808 8514 3332 682 5045 9789 2312 1790 953 5316 835 6370 5037 6645 7880 6189 3790 5131 6662 4627 2414 7394 1946 5260 7064 1610 7364 9893 2019 90 6910 5061 41 6775 9099 1666 7160 6342 9053 1573 5240 9534 218
1643 3566 8658 1135 2429 1552 3997 3269 3875 9530 6798 9331 6581 4625 1719 3012 6258 7607 1616 6795 3140 8798 6513 2148 3347 5087 9600 4317 2009 589 6584 3685 950 2822 3835 5475 918 4986 296 8698 7759 2191 2272 6556 3167 4356 9894 3052 2598 6581 2422 9897 2239 8462 376 1656 853 5476 6740 8160 8356 6032 5863 3372 1613 733 8279 8012 2350 8500 1764 5166 6753 565 7040 7676 4884 4233 8704 3509 6265 1238
5507 9872 5743 467 1186 2877 3840 2013 4265 3103 6780 2953 342 1960 9319 9498 4655 1715 1102 8853 776 3736 8000 3555 2581 8139 9738 7352 2589 950 8515 8146 7664 72 9018 6899 3642 4382 332 8819 1400 5825 9899 623 5930 7136 7051 1750 1114 319 767 694 2653 480 7635 6035 4167 3089 491 3624 8932 8023 9596 7073 1172 6314 9417 2199 2614 5280 5650 1517 9464 9934 7848 668 5950 972 8931 2698 6833
8953 6919 5488 6282 2015 8468 9915 5328 7367 6350 3618 8686 5152 6429 4826 4872 3037 7973 8695 2079 5229 9016 2773 6962 5967 1674 7062 2824 7780 838 7980 7548 4135 1584 888 9032 6571 7834 7540 3381 2741 2970 5791 1282 6074 460 4183 5859 4377 7700 5531 1724 7196 4183 8449 1726 4155 1643 7206 1920 7953 8092 4740 1714 7619 3232 4137 4607 4623 8669 8294 3905 9601 761 5412 8025 7836 1507 9422 9486
6935 2528 2507 341 229 3272 3146 2611 8890 2770 2548 480 7962 2237 4396 7116 5316 2321 2058 6886 2720 6741 7528 6266 9109 1042 8412 2090 8030 2216 792 433 8702 6672 7310 4132 1153 8465 2968 9498 1492 983 7959 3149 9288 1489 1562 7025 2835 5754 2130 9925 3496 6186 2099 8088 8280 4349 302 6830 329 2533 45 3331 7366 5260 7213 6703 7335 7548 5523 7754 5746 1426 7897 1985 9490 1360 5128
5738 9943 9650 6954 1349 7358 1204 368 788 9363 8738 7249 236 3412 6304 3204 2140 4775 9867 1840 6302 4991 8368 7154 9308 6827 3995 1936 8148 6672 2962 9948 1343 568 3811 1482 30 5258 3291 6661 1270 5996 409 5006 4942 7575 1907 2263 9078 5242 6823 1471 5818 5346 9908 2943 4343 9608 2266 4773 5742 5018 7471 5150 183 3871 8324 3018 1175 4229 7848 4042 229 1518 4779 7213 3753 5355
8853 2412 4614 7238 6135 8738 5546 8470 5682 6704 6836 5887 6264 8992 3509 6489 4432 8600 2394 3171 5885 9521 4633 1846 337 9849 7689 3422 4782 9862 1351 903 1181 1420 5783 3396 7027 8624 3192 9446 7569 6526 6250 4394 7995 3992 7604 3588 683 1360 3601 3180 2246 8537 427 8998 3519 7384 8092 4438 1499 6832 9824 611 4069 7487 5103 1579 707 4003 1097 2199 281 929 8610 785 5916
5367 3281 435 6969 1536 8756 3842 1303 2728 8758 7115 1291 1457 740 8685 763 1589 8668 5255 2756 316 1654 8275 4831 2865 6247 8435 4130 1008 964 7643 468 2755 1509 623 3027 5966 5530 9262 1705 5415 6162 8175 7611 5610 425 1675 2084 8251 6481 5084 5314 1117 7237 9668 736 5555 3034 5937 3956 8293 3079 4480 5769 6453 9591 2127 5263 7459 924 7703 8546 9502 9350 3002 2041
7659 2964 9689 9727 3291 346 9193 2647 2600 2980 4407 7276 7536 490 7498 1271 3046 6820 3272 7925 9109 7776 5163 4615 3094 1889 7125 603 7476 2442 7426 1435 5854 5196 4862 8869 2765 8141 2759 6795 7910 8266 2531 1452 9394 5053 7525 9347 2572 6770 4620 9486 8491 8183 8796 386 5921 4706 7953 4172 8019 4200 3361 6555 5482 4986 1794 6669 8920 8994 428 1559 2767 736 1008
553 6831 574 8202 2592 143 4074 4354 2222 7486 341 2633 1943 490 6679 6466 9230 6625 789 6031 9920 7798 1222 2014 2270 5286 2835 6771 9105 3323 9053 9271 7241 7905 3 9489 2711 4999 5363 6933 4347 4104 1185 1290 4256 90 3367 6945 9431 6679 252 5666 7954 8331 6583 1209 1266 8813 837 289 9970 2 8442 8143 1702 1325 2005 195 9774 651 3830 2042 8831 8703
2292 6536 7892 9513 8586 2292 5953 3917 3571 4116 1608 8577 6470 4763 160 8806 7747 6640 1987 6427 6846 8144 566 9854 4347 9671 6686 2117 8155 763 9553 9532 7110 9610 3483 9519 2714 645 882 9195 8066 8236 2972 8768 5610 7756 2976 2457 8482 951 8586 6031 1538 9491 6915 2443 2205 7813 9184 7611 3577 6639 9609 7191 4798 5064 1725 5140 1612 1531 1060 1256 4002
963 4197 639 9756 3893 2954 1006 5373 2734 6033 5446 8046 3791 5811 7627 8165 7830 3066 9622 825 4607 6847 7399 852 9066 7218 143 475 1407 7006 8429 9051 8543 7499 7432 7380 4877 1478 7420 8154 6510 3422 40 4617 5116 8768 9063 9449 6241 2502 2142 1650 2066 2795 3766 946 25 6322 1497 4444 9192 1224 6931 9988 2235 694 8353 3513 1037 220 413 5665
7342 5451 9453 4363 1699 3745 9992 7921 7342 1722 9594 7133 576 8197 6714 8157 9660 9301 8746 7994 5198 9897 8095 3765 4908 2735 4115 9747 5164 4532 423 2459 9142 6878 9292 349 1467 7918 9843 2854 1510 3328 8979 1073 1393 245 92 7440 8540 8179 9098 1083 9434 1195 8380 4744 4444 1564 6933 4859 4210 3446 1939 6656 830 833 3902 2199 6508 447 9331
927 2432 4447 7730 8295 7166 5347 100 3921 5007 1653 1265 231 1602 2501 3825 9154 7570 1798 2225 2489 2055 746 4569 4855 175 507 1899 7793 5838 6940 5358 6230 1572 3343 4781 7415 3006 4664 2522 1832 5183 177 3766 216 5569 7647 3893 638 3254 5350 5213 6228 5044 6665 1344 9993 2721 4692 635 8801 938 9453 4414 9184 3706 1112 572 840 3722
266 1029 1118 6804 5344 19 1299 9356 9682 2097 242 2081 6962 4323 6229 912 649 6578 7949 4554 9476 3430 2386 7447 2026 5337 8695 2459 8914 4281 930 2744 674 9950 827 2612 1579 6014 5842 6221 8100 5373 6422 5178 4211 3945 6436 7091 8595 773 6476 612 2083 5107 5034 5166 9611 7624 3 3694 741 6587 7678 5970 4697 7662 182 1433 7832
8176 6157 811 1614 3009 6739 1449 3042 8280 3511 5174 5616 4018 734 3606 9801 1996 5954 3590 7449 354 1292 2124 1721 1369 5492 8992 6517 3194 4744 2635 9729 7200 3884 1934 3688 6645 1697 3111 9462 4727 3449 6448 8806 4289 522 9560 2750 9159 913 9143 8922 7729 9848 3004 8742 2316 8107 1560 7840 3469 1320 3360 7421 2520 6150 6399 5931
3040 6439 1227 2310 9424 7728 1897 6175 6377 3048 2275 3882 397 1167 7945 2167 1835 5906 2134 2596 6316 3052 4820 1281 2222 287 2370 9427 2302 3875 9637 7469 9611 7982 9101 3260 9 8853 6666 3250 1268 161 7166 4517 8245 4534 277 1769 4346 1568 8626 1371 8992 575 683 6975 1076 2196 3433 1565 8987 6236 4008 5575 7823 749 8886
2351 5627 351 2826 3703 3992 1117 1890 3272 6745 7083 3346 5990 355 811 2137 8756 7474 7483 4150 3204 9544 2240 6395 8018 8215 6201 4337 7810 2561 2109 3277 9687 4158 5079 9377 1493 238 9811 2949 7129 1439 8681 4056 616 1777 6090 1170 1269 392 1608 8220 5767 9490 5787 1650 5802 9898 7761 6839 2645 8300 5765 5514 5436 9450
3076 5016 8726 814 7548 4625 3138 3841 1910 6240 2341 5643 3429 6469 1031 5115 6271 7285 4144 5130 76 133 4765 9916 3165 194 7767 167 5598 4917 8134 2390 3711 2597 9489 8880 271 46 1177 6965 1450 5120 2615 6872 9030 7627 227 7747 4120 2666 7031 8568 2524 6093 7587 5652 8452 7243 2850 105 128 8583 9149 4300 7375
4675 9854 2715 8565 4578 9496 2563 4702 1155 1029 5505 6499 4779 3872 3128 522 5377 9572 7027 6882 7088 2548 8763 7919 7753 1245 715 8050 6919 2681 6306 2717 727 6805 2952 422 5207 3637 3893 2858 8958 231 1167 4084 1373 8117 7602 174 3365 8895 7316 2615 3992 7992 1337 9653 8420 5520 9717 9933 6414 2994 9969 9409
1627 4846 880 4009 6693 7514 2945 8133 7307 1013 6903 7442 1402 876 6248 7723 1499 1344 9667 1058 5453 7863 9734 9999 8405 227 1647 8216 8562 2720 3889 914 9014 2161 7369 3831 4338 5102 449 3768 7441 615 9812 4100 2169 1196 2883 2682 1581 6943 1128 956 6198 1706 4586 6325 5490 9134 7232 1052 6477 7323 9865
6185 4848 615 8411 103 9528 5977 5867 4026 4761 3797 7644 1764 1522 3725 8363 1747 9570 4933 3867 8460 4267 6359 9724 9790 2694 6921 1250 8464 5511 2332 3971 733 1858 2358 7888 4914 1422 2546 2936 4196 1594 8999 3273 2775 621 406 1208 941 1122 9304 707 8827 2708 7032 486 9811 4422 3020 9131 2349 9863
1641 1013 1095 1395 4919 2030 2223 8029 51 1359 7822 7196 1109 4689 4119 1171 6017 6978 4544 4358 4961 4058 257 6186 1763 942 6827 4780 3311 1428 4779 1509 6444 4536 9294 7276 3347 2190 1703 2364 6563 2346 2239 519 9767 2237 188 955 6469 9968 7861 8789 1561 4214 5589 1604 1426 2205 5071 4799 5658
1045 2465 1273 3531 9588 3915 243 9136 2073 6593 6291 5754 3071 8575 4676 2757 1380 2782 5534 2202 3211 9988 8087 6902 1056 2304 250 2491 282 7030 2439 8837 3237 9527 4987 832 9952 9030 2434 7464 3268 5846 3914 4129 4983 680 2474 5384 2704 8339 9315 4793 4012 8276 8389 1842 7887 2521 2885 5960
6527 6217 2589 3609 6686 1959 1796 5266 5382 5270 8448 8257 5258 286 3722 8254 8266 1727 3649 9398 9143 2406 8946 3112 104 8334 2758 2612 2061 3001 1884 9503 2722 7167 9832 5484 1350 8694 9692 424 9900 8755 9814 7893 1569 8144 9210 5834 1840 383 2098 3000 4291 1773 9923 4400 6266 9562 1186
2963 1584 6216 4631 2554 2156 8209 2912 8120 6150 7775 1673 4428 9035 2166 2219 1963 1923 2293 7187 9101 592 6333 1412 3607 1321 1264 1055 5961 6009 5151 7826 7561 9586 8205 126 8448 9621 3159 7502 2691 6822 7416 4053 6533 1515 6439 3815 6971 2854 3012 5003 8656 9220 5828 4879 7849 8532
6953 6157 700 8812 6549 6525 8589 4312 720 6842 2281 5877 2392 6201 8519 1454 7705 6455 523 340 3534 4147 2477 8787 5222 8860 7929 82 7834 7180 8808 9339 1245 661 1583 8428 3461 827 6375 6365 1850 7634 5821 5956 1773 4073 2442 8789 8907 1816 4086 13 3665 5222 649 9265 1250
7198 3186 5347 647 2690 1547 5045 6727 7776 7180 4577 2151 5668 5999 8696 2627 7599 2596 3625 3725 343 518 9924 5925 3615 6670 8240 843 440 3943 6186 5297 7303 3521 7615 8052 5481 4810 9307 620 8485 1657 1251 1602 5681 1757 7680 1490 3448 7270 8621 8929 5626 6946 1076 1073
1412 1627 4227 2866 5665 5727 2100 1739 9777 6400 9293 4857 6554 2092 8134 7559 2620 2016 8409 2895 5193 1625 3743 5984 6901 1803 4952 6321 5770 3446 810 5764 7007 6837 4223 254 922 4121 3608 2359 227 3814 3223 9661 8300 571 2651 6814 558 2552 1981 7061 2693 8331 7963
6596 2990 6524 2594 8628 784 8186 2817 4361 6585 1316 4908 5625 3162 925 734 8045 5878 1658 9283 9321 5575 3870 4645 9529 3218 8696 469 4461 6363 5515 9308 151 2828 4591 3027 2370 4834 5782 1440 5861 8569 4145 7233 1544 9034 9923 8622 2631 8961 7590 554 1716 163
365 2714 2561 2064 5946 4506 3711 5782 1570 796 1953 8070 9229 9234 9556 7323 66 606 6675 2999 7234 888 9910 2112 8579 9232 4586 5020 401 1620 1287 8009 2112 3348 9102 7408 5397 68 8914 8523 8566 1634 6409 5380 2031 168 5986 9040 6854 6596 2313 2156 5329
4295 5336 134 3574 7947 1489 5680 4483 4105 2426 7520 383 921 2519 1803 5441 6330 3502 5252 560 613 9799 5807 1883 6285 8483 4939 5642 3578 1231 9935 1540 7383 1769 7764 9106 6968 6626 340 8756 64 1620 8497 8435 2162 6357 2184 5606 8438 9165 7400 825
6110 1348 5406 6043 9545 4896 2435 5142 840 3758 2472 3509 1584 1407 4896 1985 1919 2389 4480 6044 290 845 434 434 3382 495 7728 5484 8574 3076 5023 9079 2693 4920 777 7365 7876 1328 5872 3283 22 398 7520 2778 8762 1938 7284 4841 5240 1347 1356
931 8152 3102 2525 837 4319 4990 3690 4731 2123 1742 642 1492 1746 9019 7369 3235 710 4908 6523 9975 3419 6294 606 5421 3356 379 5912 2916 27 7940 7537 4673 9143 2415 5354 9477 1523 2842 5870 4140 8741 9920 5400 3446 7004 4019 8405 2172 6214
2092 9819 6043 144 5695 570 8645 239 6466 5922 1737 8959 6783 5670 287 4106 1063 1968 936 2204 618 6148 1797 6820 5093 8441 2311 5629 6011 4885 2759 6829 9287 888 7064 7198 8560 4029 4185 8555 2030 9388 7743 9837 4364 8947 1923 1544 3423
9575 1784 8687 598 1413 1391 719 9603 301 1902 1595 185 2194 9182 8195 6693 1787 2292 6698 3954 6446 4915 3416 6088 8077 9360 1118 4581 5569 1030 9768 1055 5079 9499 119 6936 168 2211 1840 8514 5677 2483 6767 6373 5187 8456 7456 1072
1499 8505 8655 3884 1061 3770 4206 6983 7918 4227 839 1504 8119 193 7523 2078 2312 6315 6299 8421 8693 8071 4781 5147 7264 3534 897 4584 336 7661 6027 7437 5936 7854 9892 6695 4426 6518 3509 6852 1766 6432 2163 8309 4189 6522 7825
8404 6499 5374 2146 4024 8277 6693 2879 2150 847 6519 552 9466 9121 2245 1294 3527 707 10 7888 3675 9174 7295 3716 7782 2173 6511 601 8349 1916 5499 7962 7434 864 110 7701 4582 4591 5859 9277 4890 209 9350 5726 306 9103
488 6607 1940 2811 8327 2476 3519 2944 7533 4884 3958 8619 9752 5088 9615 5515 970 2886 3128 1717 9330 5357 8346 1083 6187 2017 8064 3294 3619 3225 3801 1153 7966 2359 5228 1712 908 1376 1260 9457 1497 6877 5052 7513 2355
8609 7508 2514 8545 124 4933 8908 6594 9855 970 6210 1124 1713 9087 4974 8438 514 1286 3920 1392 4910 2504 3802 9537 4660 409 5744 7353 2759 1759 9422 5272 4804 9300 5450 4967 405 8858 5372 7446 6598 2750 43 4181
2183 1936 1514 1063 4641 1506 4898 308 2124 3904 9634 2446 4751 815 6613 2262 7097 8568 7379 3136 2433 2438 8474 2580 3193 3630 9278 1110 569 8623 3198 2776 8745 6075 9945 9038 3309 7845 6593 8787 5064 5051 9455
9851 1963 2501 5720 7288 5965 5454 5807 2561 2607 6243 746 8255 9456 74 2953 3258 4639 933 6836 8852 5455 295 7620 5284 3808 1094 7589 4806 1835 8129 442 8416 1726 132 4498 792 1401 8954 1594 9380 1560
2978 7507 2 1666 1733 5653 4314 6801 6663 9891 7185 5107 3340 5425 239 1312 6686 7012 6403 9277 3580 3930 9557 9057 5780 4922 2268 2486 3859 8556 338 642 6780 4539 1428 8262 3176 6330 5614 4631 2974
150 919 4763 8820 7338 793 6118 4692 72 1684 2966 2865 3719 66 2396 6156 7816 2974 8732 5986 9134 2465 6326 889 940 7902 9190 5531 8097 6015 6361 6129 5938 8798 4689 4756 5335 280 5338 5360
6985 7119 4446 4011 5001 2560 6998 2612 6245 837 6691 2175 6535 8171 204 9792 6350 8694 3128 2645 3761 5283 2574 5337 8897 1326 2187 6807 2782 4022 2276 812 9581 9246 2301 4992 5433 9493 8777
3910 4888 5544 6114 289 9823 150 3451 6009 3720 373 3029 463 3058 2403 8975 1678 5674 5679 4994 7810 2745 1017 9819 574 1934 7432 5546 3112 6830 6378 459 8983 6201 7921 1026 1984 526
2012 7901 3309 6546 643 5045 4880 9885 1112 3621 871 4533 3562 653 7168 2448 5019 441 1582 4195 2180 3006 6700 7936 9640 8197 3106 5952 8855 4188 4406 4333 6580 504 4564 4404 4504
6831 8353 601 3288 2454 1580 1515 7813 9910 839 8809 691 2804 5413 5365 2988 3937 9572 7192 4917 4959 7260 454 2066 9861 8488 2164 8662 565 7285 4647 9789 316 1593 190 1101
6538 6039 3203 3033 2243 1967 5678 7449 6853 8283 6683 8791 7403 9335 9965 9835 7137 1536 9330 9641 5512 6193 793 6745 6972 6393 7938 9928 629 1873 1637 2093 3755 4957 2261
495 4173 1330 3830 8389 8724 1047 5469 285 131 7390 3015 8465 706 6196 2749 966 5644 3271 2230 4071 4805 6984 1021 1187 9936 9185 9317 6866 943 8153 1898 8765 2652
6885 970 1359 4136 7505 5124 9302 8659 624 8335 1326 1227 6144 9726 1025 3496 8194 9874 7559 3191 489 8417 5428 8069 2848 1766 1395 3456 5616 5865 6477 1672 3154
4497 2351 1163 563 1286 2202 2721 2486 9308 8156 453 8158 4285 400 5509 1531 9590 3345 4684 4052 7957 4581 206 4903 9985 9176 5604 6445 1226 630 1193 5681
435 7645 5763 530 3981 9249 6326 1911 1782 674 4181 1955 994 2508 5163 1034 4168 6782 5882 6690 8017 6173 6418 3949 1900 4617 5747 2678 8358 1055 2678
1034 5576 4433 1785 7897 8241 8004 9450 1628 229 4280 1638 9130 6038 8061 1906 2086 7795 9668 9578 2059 3054 563 6584 9611 9602 6878 2903 995 8180
418 3560 6803 2569 9123 9893 2254 9641 6089 3572 8157 9890 6358 1631 5912 608 1675 6690 4487 7116 3020 5380 3990 8067 945 9321 9768 4872 8799
1207 7181 7692 1446 5543 8839 3757 107 1407 601 2605 5033 1678 737 9092 740 5319 8712 6441 2495 9202 2903 5709 9838 783 5420 8600 3342
3677 3325 3656 7972 4378 5500 8903 8003 9067 9548 3948 9458 9998 5651 6565 893 5486 705 1396 474 4519 8576 4119 5263 5099 1948 4077
9571 8405 9460 3509 2146 1275 209 4361 2901 6793 3783 9899 1249 3308 4059 2111 1230 4459 916 9802 5323 9917 9348 4521 5056 631
8424 2004 5861 9845 2798 4116 5345 3212 9399 4963 9045 6941 4141 6788 6842 2412 2807 4851 5176 3409 4059 8605 5929 8703 5619
5603 5581 9699 4515 5883 5967 8479 4121 1768 1927 6568 7654 5723 5042 5293 4860 5673 1327 1465 9865 431 3963 315 7987
2932 2144 4323 5028 9022 3273 1759 3625 6104 1753 2760 7845 7058 1133 4167 635 8393 9471 8204 9739 7417 220 2624
8412 1664 9112 5448 4844 4484 8721 237 9380 2168 1809 8666 5168 347 2200 5014 669 3986 1225 1299 3699 2087
4931 7222 341 4641 99 888 534 4646 9961 2764 7263 9503 888 7154 8639 9531 946 1499 1682 8358 4963
6094 2005 4795 860 7739 5432 2472 8052 718 5764 865 6490 2293 8560 2119 8253 9494 2543 8091 5951
3931 3260 9070 9672 4655 3529 8618 5223 8542 2532 7846 9694 7767 5787 3206 1087 1557 2929 2562
5281 687 3218 6824 5848 6381 4179 7444 8436 5932 2061 9823 5704 3923 5660 3557 6846 9223
1123 8955 8121 8156 8674 5825 9691 5277 3323 8885 9464 3213 6657 9640 9866 2383 9026
6485 5031 1603 4567 3311 752 8083 6409 6074 2107 5661 8358 9469 2163 6401 212
7446 7118 7789 4262 2494 1472 23 2445 6527 6255 4571 912 1331 6054 182
4414 1599 8045 2434 6195 8496 905 7026 1162 5540 32 9953 2659 8317
9904 7702 7221 7921 1680 4475 853 6901 1623 6606 2008 6060 940
2615 1237 8570 6461 5499 4398 5310 7044 1233 176 6784 1895
6419 2921 3846 9103 2727 1738 461 9947 6142 8526 5606
3254 5900 1882 5871 630 1130 3588 8804 4983 6681
9513 8374 999 2952 2249 3227 4467 2711 7798
8037 626 7580 2078 775 9856 6726 1716
6806 542 3473 1526 957 4200 3802
954 6771 743 3971 858 3008
760 3992 2259 5534 5180
4195 7800 5117 6433
2237 4988 2665
2994 6102
7280
