1000
-34 592 -54816212
991 752 54563863
502 -791 -31670080
470 294 -40545211
-782 260 -50075798
-767 970 95673488
608 932 -51078933
302 381 31426301
-721 -153 76934929
-549 -757 74302440
784 449 -45767806
362 -599 -3240368
-787 865 17855556
266 -67 31981891
-164 -523 -72989434
-162 -18 -11459908
-127 950 74318548
799 -584 38322413
-165 224 4361028
943 420 -53458963
921 -406 -49425313
335 -606 -97655796
-440 -514 5243406
-296 876 -63925777
-469 284 -58069410
-158 126 -61048310
635 69 -58584179
392 -904 25312872
124 273 -11720826
-276 409 69058735
987 983 -17784830
971 -338 -28933849
466 -899 70726854
-736 -562 73638513
-340 110 80361916
-202 -682 -98632856
-4 851 -10329256
861 -386 12424219
-924 -386 3416452
875 -841 -87088884
-591 994 27309954
-645 429 -10222201
896 259 -67563628
942 725 -13656662
-988 -89 86678824
-498 904 -32873338
-412 -584 -58838376
279 -124 17750848
-351 -212 2936245
-345 590 32056773
-200 962 79190844
580 127 -2056400
-702 412 -27309690
504 786 -67906036
521 -670 -25295610
124 -893 -45147268
615 966 -7591522
15 901 -76036791
-942 510 -42002033
638 242 23346180
-2 -144 -5190078
-499 337 -66153940
681 -344 45119341
728 -954 63471128
786 -25 78405773
-320 -189 -50225663
-232 -320 12057328
874 169 58984857
931 506 61966696
56 936 -26895070
193 94 -10820027
238 530 -30234652
574 -433 -94110551
-164 910 97690763
-441 237 -55306601
24 -961 855063
995 -480 1016763
-614 941 -94994677
-293 864 80637572
187 179 57841375
229 89 47942066
834 887 -64598208
130 -9 3712384
450 -207 -97433536
265 238 -5961797
557 -364 -21305741
13 414 -28984503
847 -713 65559722
709 556 71424293
734 755 77018358
-312 75 -69283163
498 -313 2705188
-697 651 -65260366
-111 -804 19399653
-725 795 -27729580
307 -552 42614920
-917 636 -68569736
-111 367 -45698181
-27 332 -73456373
35 -156 1809408
206 -952 14192373
332 207 -93305397
336 757 65105463
555 950 -16462108
-667 504 -16726979
-541 -830 43124629
-902 371 51953208
558 28 -89840972
234 -439 38954855
-740 371 -84794884
-578 277 40964990
-817 -213 -65404958
-15 -678 -59041036
132 890 35714468
668 558 99072848
813 164 -23765735
358 177 30973011
-834 -599 -24983021
5 379 69632988
786 -862 -36190354
-432 161 26838607
197 595 -36301884
428 700 37944772
278 -621 1850728
878 -390 -38257271
173 -997 -89364772
28 325 4157230
-276 248 -18653088
672 -985 87786219
363 132 15736677
-269 -468 47748227
380 811 27089012
-707 -145 82691412
219 -493 59032786
-593 598 18713828
3 603 5794824
-765 283 -33366792
809 -564 77270350
-568 -11 -6860928
-214 492 -62521653
-117 446 -68805478
-356 29 -27554572
-82 768 -23673964
393 627 26092792
331 521 4302229
-849 -172 -31935391
838 93 25306695
922 -339 45741932
-410 704 -74459559
-619 -418 -33706141
303 -152 -58907569
-73 759 -19518005
177 647 -99888351
-877 390 -65333745
-919 767 90052806
-663 -214 -8609642
-717 -732 51117545
-12 536 -18346804
830 -334 -47172760
961 443 -53718079
736 -865 -10784588
-150 -337 -41099176
-164 215 3868509
-814 436 94541982
-870 120 -78851840
386 -308 -35031144
-574 834 -56745571
829 707 -12105431
-383 488 16662537
-319 879 17001583
821 307 35892919
-637 -618 -73593834
786 700 77046651
-448 407 -19155532
-31 -555 96455931
315 509 -65370368
133 -191 12296345
-905 309 -32543927
-284 540 -61979941
-899 676 66701959
-718 -188 -71277334
935 -982 34089893
-815 13 6115254
814 -708 -30013160
480 824 14146226
410 105 -15494525
-682 553 -72885741
381 -920 -94563369
528 -192 9211632
-274 -466 -30734914
10 171 68836547
363 -16 -11474165
555 -555 10683788
-137 -670 49088889
-787 646 5979201
-314 966 67574250
-169 179 -49366793
447 -137 -53174427
-318 676 -18237594
-899 953 -94651207
-192 -496 -53172618
-730 -588 34633678
-761 -457 -96685596
663 128 -19436441
698 796 12700718
945 -144 23597775
566 990 71608246
901 -584 -60616020
673 -369 -48092509
543 -946 -84309847
-75 -333 23675986
-42 -544 63455655
-612 540 -17679636
149 -360 -911523
799 -989 1907167
-64 -562 21972602
542 -939 -27212142
-650 348 23634458
-164 426 40194896
-45 520 -68939470
-961 -591 -6050394
-905 -354 -24595883
867 -255 8681118
727 -172 -84620917
36 -773 10413936
-218 508 18694044
-187 556 7701845
-925 433 -5862415
-672 638 21270845
-429 -289 17859594
625 867 13995348
787 508 -54269267
572 733 39326444
-791 796 -59528502
-737 -109 -19439608
-351 -118 39470549
-530 -733 -51030360
614 -815 -9955916
381 -418 99669793
966 -36 46039331
122 284 -69652025
-695 820 -44508181
916 -505 -72805367
-277 -936 -92970885
-227 567 -2214867
-307 -643 35399550
-885 866 -54901688
963 -217 3887628
590 -237 -22638852
260 862 44484683
-371 -56 38534517
-355 851 -81244836
839 -516 -40856407
32 569 21731015
765 831 71624741
-822 -70 -50600298
-726 793 20578099
-834 -660 96052759
355 -47 79883730
-199 -316 30547687
-493 -835 -78160696
-306 446 93883487
526 448 -40891407
-169 186 81326997
724 565 17499797
-445 -844 -17438650
-32 -520 -19495168
983 -959 -23612417
-441 313 -20340798
-803 714 90288668
586 209 64314796
363 -58 -32476105
-491 131 57155411
157 235 3966242
284 -796 -69896048
-491 898 -26411921
635 -63 -46214899
-788 -960 -42239080
277 -428 15394465
201 961 3026048
-393 -827 -62150188
171 958 44641575
-109 571 -21609060
693 617 20118016
-913 -956 40682667
-170 675 18875670
631 254 -2092493
803 -186 -33877532
234 500 -20276474
652 714 -9562795
-127 -691 27214736
557 827 -34236010
442 226 -50348504
-255 -265 26986950
-311 -569 -48244710
-847 930 -4872064
670 620 -7885060
-103 563 89789957
227 163 99227914
-538 -668 10316226
671 375 -4854317
137 -261 -1175021
620 -460 62217848
-531 -875 -46052290
-505 34 4894183
700 198 1353680
620 280 29556096
324 117 -10799387
938 715 -68446168
-790 -928 77690268
630 -310 82725661
-136 -374 -44956510
-465 820 3040285
304 965 64874170
-567 -613 93463035
-3 841 -38686373
-304 -271 -97373198
-323 -773 -20902748
-104 -591 -8751613
479 -267 -86332847
-804 826 -34368192
-880 -137 20308260
-529 667 -36459894
-332 -442 59119281
-259 -439 -61746689
789 -981 -15357051
680 803 -33814567
381 244 14839670
-365 968 23384525
-320 -315 -74418062
-821 644 69777828
376 527 2907811
365 512 -27635444
246 -618 81990752
-717 -855 -2637535
-678 -555 15774669
-798 444 -50505744
-363 223 -57158596
133 -155 -51068682
97 55 -70858161
-265 -833 -19685836
-894 -443 93429086
-854 335 53535315
-630 426 -21718303
-601 -597 25532224
-449 600 -27376656
-878 363 -17893531
642 -516 -96902598
-147 -649 15270905
-4 291 -6274614
398 852 6534048
-592 892 -35795824
214 508 -26560270
-293 -975 73570553
-493 709 -45592111
-35 -167 3948633
420 59 27271113
-289 -816 -57275176
-285 -82 -90975418
-284 -7 -90783130
949 506 -23447613
-229 580 -6127146
674 98 -69832962
-176 813 33429664
628 -271 86004993
-504 -904 8341341
606 63 -12679810
144 -958 -74934650
-853 -296 68484820
829 -909 -19797604
-163 -61 -73607703
916 993 64710896
415 -508 74117702
-952 -832 73674003
805 72 -59271722
643 -303 90434776
-537 588 11476533
-40 -271 -85708395
-403 -361 -39723243
-836 -241 33931079
255 -386 11729592
653 977 -89758792
-230 766 29896223
-22 390 -7649382
-110 -380 32531731
892 684 -26796021
913 -245 4235680
-523 -642 -43382468
338 -958 26300586
-244 -853 63169662
-174 244 -16284383
910 262 40665492
463 -537 28473108
-915 973 -8064186
-746 -894 53906934
569 672 24614061
-602 10 -79102699
-23 -796 -3444239
-567 738 61021579
542 -141 50528336
-470 291 -91815597
195 -656 -78327922
-505 629 -22221586
269 487 25524271
215 791 27671773
-506 270 -96510236
-326 -58 -21344120
-171 764 5633052
957 -481 26917986
594 -712 -7304434
-696 -454 -93447451
309 695 14030907
-475 361 -11992344
-992 -437 66735540
206 174 -7568312
669 363 -43921079
887 -719 55468460
905 827 -20222698
980 462 94341109
-68 978 32107814
-173 -245 -2057076
464 -370 3587706
-367 -106 88686743
-961 25 -87312170
-447 953 -58044701
402 -4 -40154550
-4 425 -36863111
-155 570 -33316654
38 -976 -63502190
449 969 78501560
-576 170 27723445
-696 228 30269310
-207 665 -47808746
-150 -210 30580546
233 -160 89700832
754 -415 48671911
818 866 -67657862
-173 -633 -22856770
133 252 -34845274
378 742 -34744423
-459 -104 84363137
728 -248 93543936
-611 -680 90703461
-255 814 13843982
585 934 56536046
125 -163 -69575201
96 142 -20487138
-480 -124 93359388
-627 -713 -19353941
-240 -165 -16076940
-28 280 80939239
727 17 51634382
-428 -100 36046316
-535 957 94015660
-609 -63 -41587510
155 762 20797412
332 528 51431648
-385 -592 96315336
-572 471 -33348497
943 387 -51653397
754 230 32550524
679 -161 53931311
240 988 58453824
-354 392 -12222730
662 650 -23897414
-134 -319 80369719
519 58 53474232
25 -24 -94905
919 -106 -22878461
-63 -833 36344119
-596 -338 73253565
-6 3 13366468
-807 -414 -62706014
720 551 1735156
-582 -477 43615209
997 609 96593687
-477 733 99448584
-248 275 -20038657
707 -554 92316134
658 192 -52956238
-134 -995 -47863834
-836 524 -79867877
243 -470 -25088399
-264 266 -42087128
630 394 15352938
640 5 -27612526
924 -782 -87691696
-669 -686 35872805
254 346 11191289
-618 -819 -37395950
-956 973 5596816
924 -372 44921467
-314 -851 -69598233
732 -697 -25882986
-448 -459 -95849980
951 -597 73307976
283 383 32561449
-658 -527 69927903
758 331 -30238614
-273 -463 -3149247
748 523 -26594529
-983 -261 20251121
-722 779 -83547162
-861 576 -42850713
464 74 -7361570
833 928 -17617483
-1 491 -66660494
914 -846 -51124166
-830 -690 37998350
677 -471 -40180872
167 78 -3699599
903 -482 -44921684
930 111 85039120
-739 -894 48076171
608 488 53200430
731 778 3859875
125 548 -40989426
-962 220 -32309303
-892 -150 2911326
-641 -421 36541133
460 -303 9813527
633 -721 -88323238
-995 136 -25402685
213 -217 -6637369
713 -261 -40052245
-743 -6 -51616814
811 -364 -99262855
677 585 45705708
-801 -455 98681101
-557 -419 28333013
-776 176 24225434
-28 494 14558336
-127 942 -18601775
101 840 90122515
-456 227 -96708910
-154 -338 -16721006
47 -122 -4791306
-570 -670 -34331560
262 -798 -99922590
465 -456 -3185573
-456 827 27845862
-230 533 -4278633
-103 -180 30751099
452 -913 31932453
-75 954 -29693658
-114 314 10696024
963 -628 -30043927
668 28 3822572
36 426 -23230752
134 719 -36959867
-272 720 43890627
-534 855 5414796
-537 671 -99288062
-746 -258 -40067251
-362 150 -89572958
-145 -260 26096255
379 386 -25736747
235 -695 26428707
460 -745 -43538257
-863 -855 -49640216
122 12 7499924
-147 -560 -11211088
391 158 23142741
156 -148 -23547188
-215 301 3558809
-912 921 -29260920
423 41 26342439
-37 36 -2295936
-66 591 7773639
-544 984 -94431347
14 -850 31590022
-913 -759 83759274
890 72 27498494
-607 259 51594401
546 476 -16453273
-504 -931 -82619376
422 -954 31328820
923 -787 81924723
83 -203 5078525
698 -992 97922970
248 826 -75619526
0 118 -10252194
-473 28 57054964
-964 -721 80388225
-844 -247 36984198
564 985 36003410
159 211 21830133
-199 -519 -3982492
463 -892 -23064261
-485 493 83932435
-21 230 -7339588
-15 -190 16740885
-998 411 -13762513
-284 827 -27004212
-511 -559 -2925264
458 -795 21490872
677 675 42774652
172 919 -73114861
-102 -577 -2399501
354 300 -5121558
-346 462 -16564438
-553 675 13456595
-55 -788 -8689853
-816 -311 2268136
-268 56 -11690280
-359 353 -34790711
946 -466 -32862334
989 -733 14235895
167 -372 -8805173
574 766 -75472912
12 -684 23578063
619 -336 86181569
133 183 -1430389
-838 -136 24816098
178 26 -61791869
-692 -621 -9191117
-610 305 21090140
-88 662 39596107
-169 -629 -90016769
-841 408 -69037288
-199 -87 83951169
-962 707 46242697
507 359 97807978
321 -24 -392535
-437 103 -5541393
-397 18 12553729
43 -812 82937538
-450 -164 94656774
463 849 75678568
-513 -715 9082114
391 96 41010826
-461 -535 32342295
-117 -887 1295677
-29 -878 -53798313
904 -63 -13052774
972 -728 25100863
-233 -679 62614610
929 79 -68245017
952 -12 92258646
882 -223 5667747
-335 490 7270135
-660 -545 9189700
750 -798 -6394626
97 693 -464452
-369 -440 -97256200
644 -867 -21874700
-676 840 38851044
429 -109 17532573
386 513 -10377169
607 183 54747579
-256 -291 67362463
118 815 -32061644
42 17 -829355
-172 0 72290829
-581 154 -20360879
488 -755 17528239
-531 -825 25376592
689 -11 -5516553
-767 -662 -12635173
155 96 -9209141
178 -915 -82444072
718 -171 58842587
-368 648 79890661
-251 -650 -15435647
-840 -284 -9593969
-854 69 58211092
-207 620 -65640296
-788 716 -17896708
540 -708 -10777812
-846 673 34492083
194 -173 -33372940
459 -596 91795211
687 -629 -69279628
-180 -962 -44005608
-672 -796 2076
-589 574 -59873030
905 882 -27507378
-2 534 -24555022
729 468 -58299778
-150 116 22347474
338 -292 -78905016
554 -69 60044393
328 -576 63748277
-916 -177 -12320313
14 581 49514024
792 -700 -14808473
-594 -269 60063509
-780 919 17532153
-949 226 -86127400
-642 835 13071649
-75 685 3568733
-595 944 -27240697
106 -121 21520197
-994 435 59611173
-508 906 31796834
-519 -500 51507279
83 -796 -76255443
503 -619 -74661151
734 -397 86676432
810 -409 11948478
781 429 -87934223
654 -920 93104936
-58 460 56233113
-687 -628 94579099
820 -782 73000309
678 146 25811042
-589 -868 49784187
760 794 21659742
-60 938 22304484
278 -706 -15496600
-827 -907 -3298533
-564 815 40694854
-45 -440 36590275
-254 -161 32066940
-258 556 -3194360
-136 535 -5660666
-704 -205 15361609
-378 85 85668138
-374 176 40761391
871 368 -43387300
-614 -296 35259542
11 -531 -17541496
369 -802 8431752
941 -845 58792054
880 -820 -81085058
-439 547 9857091
184 -106 -6762798
559 291 -11391793
185 60 73647806
126 858 -94824537
512 -50 25809018
-260 -967 3306976
922 132 -19476793
-471 -647 64766038
-533 -439 -25749948
771 -973 39052469
-107 -352 58057303
457 484 -66908377
345 644 -42400458
-126 -15 30833329
44 -508 1347760
916 -473 61042178
78 710 -27747248
-433 417 1690773
-886 -53 81571217
-765 -248 21456587
373 745 -59828284
-127 -384 -30096692
545 -66 26693238
232 -172 94039418
-386 752 23613093
-817 -379 96708741
552 -242 66718005
-625 -935 -46630029
-284 -465 -19648805
-113 -847 -43259047
-288 -335 -5161716
458 -12 33207956
-94 564 50467096
-983 415 -72198418
-921 -485 22521296
951 328 26373453
353 939 -53214472
224 -618 53455498
-363 -216 -15035115
-568 -994 79699541
-15 440 -15808210
-464 -135 4774083
498 -495 94267119
-978 883 65142098
-813 -699 -21890982
961 997 -20324876
-295 -456 -46666329
-400 -173 -32700077
493 749 6731419
-866 409 -36381076
-279 23 -17097144
-725 -26 -47161672
-540 -205 84139881
336 -20 -95560115
815 -348 -28779653
-364 -645 -44647739
-39 293 -89621104
533 -870 22300136
491 -763 -22689826
-911 18 -64943893
-780 955 -70851285
-526 -924 44525454
111 -857 -64087156
-838 798 -40779273
-64 -53 -1404124
-739 603 -20118839
-490 -867 -34399284
366 490 66866006
-175 -849 37157734
595 668 -67368618
-982 -237 -77359108
722 948 68205942
305 449 -25009723
711 227 -37507789
-988 311 -95853334
260 -999 -41466179
-657 32 91850167
-9 -676 -98873422
-607 439 -3499424
-604 -224 -67742573
839 -45 -40269411
782 -920 67779298
-248 521 -14557700
-584 -576 -16212419
413 147 -97648256
-905 -70 85316555
412 863 14613218
301 -77 47355462
227 207 -9216071
-695 -26 -91078517
-249 45 -25021221
539 -903 -24691065
-783 307 61621771
-508 -923 13079932
-95 -354 -33678406
185 839 8719738
-964 905 27050789
-755 -335 53386295
616 744 -60580110
-707 -424 72503007
-165 -466 -7530040
-185 -113 1579227
-645 986 15513965
-603 -939 -24966974
518 -993 -84316335
-646 -179 -45870717
766 -51 -15345684
534 -755 83314561
-415 432 2955324
784 -975 -56307792
448 -196 6637232
215 -642 -62627693
387 -266 -11771363
-784 957 -36456244
-576 -73 -1687353
-380 -33 -14719679
-206 -162 19058837
329 257 -10203186
-999 -554 25794083
166 544 -41292810
-709 -985 -83477113
-79 -827 78513396
-996 -76 -14094465
56 -131 15532300
956 -497 -97225944
22 -595 -18696896
-766 788 6263491
480 111 51468528
-150 312 6276500
314 -829 47340208
-449 455 -94215176
-458 -835 93343223
-365 -822 8660735
281 -303 -37316606
-954 521 76968947
692 441 25941737
355 375 -15945280
449 -334 18312275
278 89 55596141
-428 478 57516049
89 -725 24979331
471 -968 12716568
-929 666 14822928
-704 -338 15950746
579 940 -19638593
-375 -347 -93834342
-878 773 22944512
318 751 -74632212
-844 926 -11248934
-847 -749 -52427333
-151 788 -19596446
-495 -863 -38261032
-668 885 90810032
-742 -647 -78625343
-934 -834 87907651
-484 -960 -60677578
-979 595 79944116
-802 498 -14832402
846 815 43347262
-390 -167 -8549027
-72 -197 -25199031
814 492 -40029542
-450 749 92305673
508 452 -90280030
-622 -431 92380760
-767 -129 30351
-927 -107 70926405
125 -866 63359570
-901 -645 27417808
-577 -849 37277199
420 -759 -57782835
-501 -600 -49579831
-855 31 26961266
-294 -171 54658811
-172 -813 -13586604
-198 678 -73943220
-282 -189 -27421191
596 -195 30126671
84 -920 64074068
499 -175 17999533
-12 700 7309050
-741 -262 94309014
292 -451 60436676
353 -211 64334602
-599 984 96147830
206 -529 4561608
-773 -481 23873874
389 -786 -91057597
-628 532 36178916
-390 -207 35311227
-621 -745 -63117869
66 -941 -43528533
-887 638 -55709192
817 522 -7549867
-663 -672 95369985
673 121 45312399
-221 -954 -74464238
-286 523 -56112418
-126 -653 93412723
679 592 -29314825
192 -281 -13174440
579 302 -80941487
-806 615 -58305152
-870 -452 -46862049
-549 -341 -16988284
787 184 3471642
-227 355 -64798527
108 -894 -1439093
-852 588 -34199628
-372 563 75064161
-972 880 -60510208
525 -596 76905438
-757 235 37052868
84 839 -19707642
-653 -793 90566586
7 341 -9570558
534 -517 -17675911
952 460 -5081544
164 -795 30035851
669 764 -6342559
788 878 28921289
6 -672 -59750612
-652 347 -95400509
-533 244 -9725625
-169 -865 64746426
-63 42 -31429040
-139 -192 -78406056
-159 943 -13663799
-228 312 87663477
9 205 8085048
-205 945 85619620
148 945 -11946526
-234 -854 -53157360
-130 -184 -86891916
252 456 -66753829
687 -752 -19411382
-130 -855 45143890
349 702 10511225
127 103 -8085533
-268 -515 -47528356
-595 109 30542246
-586 882 6074840
-417 -971 -29967460
-469 977 -260869
-148 432 489440
-586 33 63381844
27 -544 -80073074
-194 156 -18345995
592 291 -85360091
-585 -169 -59282839
915 302 10433562
-662 -765 -21373574
329 -656 18348371
-579 -710 -20439064
-143 -253 -30241266
-220 555 -24471065
670 238 -63839679
-76 -421 -98072350
67 268 502567
-648 843 -63171801
-36 9 3545711
948 -644 71361504
-915 84 -59174112
991 -955 -21371288
-505 642 -38912645
-123 -544 38951494
-792 -882 94857569
129 138 -24516680
-732 288 -77086493
179 327 17089161
931 494 72411228
285 -827 -98158416
-835 173 5765166
810 462 -77732986
