200
-564 622 -24629856
992 -92 83986583
447 376 16601258
271 -395 14522507
-688 -225 -5569155
-865 577 -73097398
-199 695 -57706602
344 138 791166
-327 -749 -35618531
613 -337 94611192
438 108 -34164294
-423 -120 -22519329
-707 927 -69426567
288 -586 -80674950
-988 -928 -58175588
-91 411 -76499250
-79 -295 34741843
-82 -564 30003460
167 806 66688566
-274 769 53139448
466 174 477842
-220 -381 -24722354
958 -369 41975225
898 -733 60957964
-237 549 -51252006
-725 -508 -31015027
139 -192 -30889741
-476 -792 45890856
-983 -42 -29804514
954 426 -23462137
757 866 -93356813
607 -760 56278256
-537 632 -47511744
915 -981 -70341009
-666 -863 6804467
308 286 -5413562
887 412 -92381609
555 878 83665950
-150 787 -59994415
-934 911 -72018791
972 83 15714887
57 -234 20211102
-114 141 71607169
-435 352 -6949323
802 -824 29319650
-302 -852 98579114
677 852 85277466
-646 -216 -61983584
367 772 70328210
190 85 37203856
392 299 -38094802
-395 -959 -85146090
-785 -518 14070514
684 -182 -15370800
-728 564 71396995
128 286 -13305710
267 -605 56281885
-494 827 -34861613
345 -143 -47116872
-681 -27 -22184118
-705 275 -31084515
-549 -844 -72426895
22 -970 -10669749
-331 -829 98159839
88 -478 -32659276
-426 -257 5751301
-189 113 -66538659
-404 -850 51580965
946 -90 72830308
-436 -497 -50958708
-238 317 95998903
-959 -970 57121161
-561 -833 -7219329
-884 -488 3677701
372 -813 38639620
166 -731 -82054714
-540 -523 7580103
-811 -55 57477526
622 208 57450026
245 -195 90326228
32 -183 -41366425
708 556 -85204191
-481 -308 31217396
-232 -385 -36351516
-777 -202 -92896339
681 -947 -50791791
117 49 -7340748
-731 729 -4899765
337 563 -77470075
-821 -302 91809389
-199 -802 -53232101
-754 -134 63412372
139 341 -86202573
995 662 -3970006
-568 313 -35091923
705 84 -52189028
-704 344 29070136
-367 62 -37975094
815 869 76109371
-37 411 -36530363
-595 -153 66441729
-804 550 33015619
797 -445 82676088
-832 381 -1583933
309 975 55531302
-975 878 38472810
430 -9 -43731601
125 180 -9863640
213 -856 -40598310
351 -821 76401668
115 -715 60495065
-484 312 -53935972
-880 460 27389560
608 842 45867358
523 -979 -59562606
287 633 -84816153
574 -621 48030859
-579 -405 -24722043
866 -850 25490033
-520 -278 -19502750
-904 465 -68782465
-199 647 -43009739
-48 816 -74063760
227 780 -7661818
613 463 -97267495
-930 -423 54457497
-198 -449 59674583
-533 827 -31452935
977 -138 78041381
960 -458 83372874
901 711 -26968258
-49 -18 -30336835
673 -730 79719470
-894 991 -69706394
-621 433 73595632
-991 261 -30382529
735 675 15799714
143 353 -16753793
717 -282 -52324965
-536 -4 10125647
-622 -307 -32877692
-479 787 -33718219
-38 567 -48397672
-491 -366 -22486921
248 293 24238510
358 -815 45753176
862 551 26676881
-568 -169 65591683
317 -549 37970437
-568 -214 63976276
390 411 1931325
-29 839 2313448
197 -734 -94458514
691 -655 96467174
-21 702 64293285
-383 -995 259727
399 -102 -8685075
-63 -726 39561390
-675 718 -78848714
638 -31 -71450087
-949 -799 84037023
-891 -131 87376924
741 504 60504138
-233 329 -11524453
454 670 -37094270
-688 445 -62942983
-360 -165 -75800926
406 627 40486460
793 -15 -67894341
-659 603 47027510
-66 647 -79388574
-708 -458 85918656
-691 -258 65555612
418 51 1555760
677 355 -74333681
939 425 -3233193
-955 -480 5377740
663 -181 24854373
861 484 -15262920
121 412 35141538
-248 833 -56928683
731 -751 -38008339
322 -387 -20140704
-434 65 -25877855
-11 819 59051982
69 -183 -52511067
617 239 -40430438
-683 935 -31117111
326 426 -59849582
87 739 32392007
42 -956 86540144
-426 -27 35884704
683 -5 44945963
-909 -716 -43422605
-970 -744 -57288443
831 -11 -19324228
-978 349 -91341049
-843 -662 -38580834
459 834 -30552575
-507 54 -10838286
