300 2000000
297542 377410 332927 1458790
281761 1798431 1182398 1917527
1321861 1776235 1719443 1413082
233864 1300953 1298156 1804270
15129 719272 440356 1008140
33796 1643455 859946 1981302
1445385 1830555 1685716 1438871
264430 762756 502563 1409986
1084591 1231888 1119511 1468734
41550 1289410 779109 1416791
7722 1884744 1431717 1096033
78937 650244 110108 1318221
709909 1108418 834395 1671697
320077 450192 443430 1415604
151795 394561 381768 1557555
1358204 1666960 1374495 1574604
754582 977835 757349 1343780
819811 1837608 947044 1072357
199913 272883 262052 1086269
276071 1884744 1758509 1645769
876857 1102195 947044 1971733
977836 1836770 1185238 1605543
721988 1886326 1586280 1002329
350673 403915 389532 1762544
66985 185717 71795 1322563
674205 1055772 1051665 1511692
15129 922745 347005 1773475
1479857 1574533 1533037 1688597
534269 1776235 738013 1140694
1256104 1320086 1300954 1420705
754582 1594369 859946 1019944
141146 453574 415409 1040909
693399 1110998 921816 1322245
771840 1959892 1935666 1049551
63417 1636109 1119511 1089732
309770 1574533 603397 1869891
533820 880401 841503 1592593
1281026 1375787 1320087 1456653
655292 1949728 863398 1371827
355099 637401 389961 1292350
1051665 1677387 1321861 1645689
240373 1679517 1596964 1167521
1061500 1776386 1522379 1482799
804286 1658373 1512141 1894963
1213529 1227286 1215389 1905780
868762 957890 947749 1896261
916446 1941049 1538503 1331927
1137960 1371413 1211039 1898623
345688 852703 647595 1817652
577616 883747 787211 1195107
385708 1182797 786266 1835899
1237277 1910278 1255286 1351690
526380 1723390 631480 1543073
858023 1663887 1531182 1158062
1080370 1106517 1084591 1821629
282414 1910278 286403 1317871
916446 1555892 1184078 1537260
127651 1446753 939091 1362177
51870 271125 62502 1082356
367393 700719 450087 1382398
1491019 1937669 1589834 1140559
759131 1427520 1265033 1331624
1182798 1332665 1189303 1482135
526339 737778 631480 1016923
515343 850910 515343 1282571
379083 1235702 938667 1703229
385708 1583615 1055773 1114007
271126 1988059 883748 1445800
7722 1098774 735359 1141171
1190218 1300953 1209761 1361080
926711 1302262 1062364 1394354
555302 1836770 1182798 1987716
1080370 1151954 1143062 1565946
657948 1727662 706907 1814541
655292 1959892 1177755 1983183
640467 709908 697646 1626772
344210 1961829 868762 1289560
203402 1232386 539309 1999990
1619161 1642069 1636266 1910109
429910 711195 622950 1841955
577616 1445384 1211861 1035569
1643456 1827245 1702446 1065069
1193448 1213466 1211039 1752691
933680 1081949 947044 1012055
3162 1199735 125357 1370875
641215 1375787 888672 1175534
438170 1636137 584171 1815614
21729 1594369 44390 1384267
771840 1785168 1358204 1366075
1193682 1659253 1446754 1542563
13925 1755102 852704 1789283
762757 938666 883748 1403280
276071 1857942 934842 1856677
40026 377410 132538 1420123
1 315952 241205 1946808
1831605 1985166 1895691 1781188
824531 858022 853155 1105429
858798 1917738 1066450 1567061
879194 1151954 926711 1115382
497969 1074853 941438 1146052
1375788 1951616 1835533 1266854
15534 1945508 75343 1960084
283620 1439102 692510 1473368
1526478 1802711 1533037 1425241
71795 1970302 151795 1484427
1190464 1549208 1539489 1006603
507976 1988059 1232387 1327799
674205 1625262 1534621 1828400
1715449 1835532 1808781 1280254
502563 1021991 603397 1410022
533820 818068 538697 1960871
709909 1362592 1093608 1819901
7722 177928 15129 1471147
1137960 1755102 1321298 1512596
419556 1566579 1380524 1294114
286403 386613 367393 1618662
612518 1711113 957137 1965127
1651761 1782774 1776387 1393560
536468 1127804 879226 1438157
269516 1973478 773875 1163175
976870 1087007 1085397 1487368
403916 737778 687117 1375877
275020 733107 340476 1239718
1374495 1901927 1818810 1005451
639166 1214340 1110074 1142384
135928 683802 352433 1441933
1131836 1816592 1177755 1675645
1102706 1289410 1209761 1690831
1607779 1803705 1643128 1150000
118107 1477203 185718 1766903
687133 966877 782073 1312073
24293 1093607 502590 1068811
919375 1051664 933613 1626794
1001628 1050522 1016678 1377169
203402 219043 217475 1225027
71795 868761 612518 1082299
440356 767115 597902 1257907
1263895 1566579 1489456 1499589
715597 1177636 1087008 1579141
1193682 1332665 1282951 1739835
789486 1308277 818069 1403273
217376 1637952 259172 1897888
181047 1598499 618090 1009375
1126842 1420012 1249211 1724332
1689456 1776386 1689456 1171392
233864 1149873 1143062 1124112
1526478 1903234 1565896 1491014
938667 957890 957137 1523291
1689456 1910771 1746634 1818785
393429 664321 553788 1697039
297536 693398 692510 1042997
51870 1267536 462629 1432961
640467 1547843 754582 1953748
247706 1235702 1059926 1470428
960350 1156298 1110621 1396708
464884 957890 683803 1879381
526339 1491018 753876 1552101
355741 684636 651759 1191501
475113 1106517 1006025 1316052
135928 1808780 1365703 1192733
559055 755257 717602 1857905
78567 1636137 1264838 1338883
310211 1184077 494658 1093101
819689 1512140 1119511 1248823
1092354 1941049 1895377 1097769
257521 443429 297536 1118001
538552 1252020 725854 1970385
539309 1289410 1051632 1569660
581940 1308277 1119511 1718744
1858039 1990979 1949729 1929051
1091457 1941049 1637953 1828565
1065654 1320086 1146725 1748749
456012 1332665 1091457 1929101
789249 1711113 1190464 1488126
664322 1881585 1835533 1387558
1321298 1711113 1680189 1814225
797084 1301787 941438 1013600
918991 1140153 1098775 1767695
767116 1252020 793854 1217355
219044 571739 253819 1412225
282656 562028 554614 1822031
1126842 1759537 1680519 1707377
921816 1789529 1585754 1177918
219044 584588 507976 1629789
1735143 1816681 1798494 1160220
1093608 1659253 1636138 1908446
507976 725853 656076 1163425
317757 1360803 575893 1481294
272780 1427520 1252021 1197067
259172 824530 450193 1321527
1630293 1816592 1715449 1142222
441472 687116 575893 1602387
663159 1566627 813620 1961782
183241 1266564 1131836 1215572
285646 471381 447832 1923039
1021822 1072139 1038616 1285628
1088987 1126841 1120008 1525121
1007306 1380415 1255286 1007909
1092354 1861563 1553595 1166589
1081950 1755102 1600125 1361665
282180 1003629 310211 1536143
447441 1917738 950319 1833953
508306 1799899 651759 1763169
1149874 1636594 1348328 1140812
1215389 1972661 1321861 1557609
374054 1456182 683030 1349716
1266122 1321297 1298156 1524010
78937 255821 102861 1833026
1281026 1360803 1332666 1571937
1072140 1410365 1358204 1557385
1182798 1946566 1534621 1239371
275020 721987 553006 1836372
1819423 1951616 1935666 1931344
209803 651591 286403 1851931
789249 804285 789486 1988042
15129 1584398 1266577 1494886
824531 1075724 960350 1656472
673755 1479856 1101082 1998759
310186 1125308 467852 1192203
735359 1236748 780803 1047194
282951 439094 345688 1621875
1444528 1718579 1680189 1838785
633454 921815 876857 1343208
17947 631479 575893 1322594
415409 1692531 1054375 1283542
389961 983174 947749 1575230
1332666 1798493 1798432 1781281
1360804 1970302 1742332 1522971
868762 1140153 1021992 1132534
1028975 1332665 1074854 1880031
1312017 1440338 1421511 1199429
5734 1626433 757349 1123311
1002818 1074853 1034721 1711291
717253 1264837 725854 1615695
1235703 1961829 1732174 1905279
33796 650244 619111 1069599
606611 1491018 616385 1373021
742822 808086 773875 1915944
565204 1353732 639166 1374178
779995 1637952 1409968 1997576
534143 1808780 1140154 1341973
899925 1072139 902440 1915161
5734 256046 78255 1678813
1070808 1630292 1305795 1677501
876857 1528214 1087008 1533450
1322438 1776386 1520722 1145841
340476 950318 672494 1808445
1054625 1525683 1322438 1136585
1153828 1190463 1175673 1789262
15405 282413 151795 1426790
159793 1819422 450193 1620257
1156812 1266576 1182259 1595608
771840 1374494 1348328 1011375
419556 502562 440356 1676336
331271 389531 370761 1698559
475113 1321297 921816 1008907
966878 1392990 1295108 1546099
586206 1065653 659875 1457261
403910 1585753 1449010 1087237
443440 1998878 1266577 1142186
1446754 1459675 1455659 1608320
63417 1187638 804286 1568325
96848 1677387 106699 1936972
1244160 1349963 1266565 1172765
663159 1266564 767116 1421174
1305795 1406541 1320087 1149040
787211 1859069 941438 1638198
94903 425826 159793 1690614
310524 925801 921816 1949086
574380 1787366 780803 1421434
96848 1295212 161243 1177889
882841 1566294 1263895 1080768
403916 939090 526380 1293344
508306 1445384 899925 1741444
888672 1153726 899925 1703112
443440 1765359 767116 1741750
254004 1163524 681532 1661050
572459 1818809 1190218 1146714
933317 1673764 1235703 1692689
30634 1252020 1182398 1667430
1001457 1865439 1584399 1661750
71795 933679 933613 1497476
179379 584588 381768 1532434
1199736 1773682 1208923 1562192
1211896 1533501 1359894 1597304
1322438 1790278 1446754 1354130
1251778 1769602 1264838 1018535
1061607 1574533 1242659 1674683
789249 1834211 939481 1921246
741094 1455658 1321298 1160870
331271 1474753 960157 1239835
957137 1844215 1526976 1491289
219044 1801936 786266 1029424
1074924 1190217 1141276 1343907
110108 1803705 1692532 1585980
490929 1123026 519804 1590944
283620 1985166 1566628 1685050
939481 1235702 1185238 1274977
1091629 1356321 1220035 1613135
1553595 1905685 1881586 1998972
