1000 1000000000
999642232 1000000000 999662328 897837266
999174177 999913560 999214756 396026355
997861779 999247244 998359456 417612511
996494640 998656112 996697822 598772062
994094429 997010839 995965347 645738348
994011035 996383052 994060503 570721140
991537660 994060599 993312288 995408339
313406586 313575318 313515834 951919842
990519841 993858945 990551265 807465305
989566899 990796690 989758925 402849993
988144800 990312399 988150057 604317007
987914216 988174143 987978739 696780769
987706170 988074244 987794881 827459425
986470131 987845373 986569588 683542308
986278411 986912285 986278447 504885539
593933602 596639529 595095084 422781651
984080167 986279014 984219333 679508526
983457786 984225737 983500302 945470852
987115852 988004505 987772072 315437077
983274642 983631188 983431058 379427064
982692510 983449841 983046204 587485624
981168169 983077209 982377738 926590914
979116393 982380486 979317690 549578450
977205803 980429566 977486875 395268993
975491598 978209382 975511852 618059348
974598694 975669039 975375010 773190020
972754624 975418279 972831756 671081554
637776832 638742374 638649568 680137538
972568786 972948820 972636767 738193333
971664140 972750271 972273850 818915490
971546554 972533983 971569271 857478864
970829080 971601161 971162451 351096199
970227032 971298219 970350054 843413026
969491213 970580065 969578889 323296998
969408881 970027638 969448126 913953534
968988380 969477827 969001538 994371147
96914630 99064638 98537060 878766538
968125149 969014394 968219577 619240284
968023460 968376564 968035143 492342891
967947028 968079798 967950579 791558490
966767161 967997027 967299340 741728456
965529312 967495904 965724359 829719536
964450648 965816548 964522327 638015352
963797060 964674013 964010328 551163137
963612388 964284246 963664101 615043665
963176595 963676482 963199561 679419460
961419552 963214584 961867592 698877125
959705066 963175021 959736118 792356736
957372709 959764821 957788488 379421555
182456829 185202572 183621953 898887116
955277133 959089195 955307850 683771144
954350335 956467932 954357402 812429632
953660168 954358549 953660737 452769185
952714268 953665256 952776047 561301410
949862371 953632029 949912384 642179840
944375385 950129520 944396418 765179225
944059878 944422972 944237433 847926384
943857021 944257468 943862199 718429646
270216869 270406649 270246042 733434524
943815716 943865580 943815738 561508832
940120756 943816084 940670916 588129938
939341363 941706671 939512199 900175175
935709042 939709430 937478871 993364528
935677403 938550882 935685784 433902718
934668450 935696879 934690031 576967111
933077918 934706669 934362340 944892489
930190644 934415675 930340183 692405905
748397639 748786585 748602489 939420962
930121805 930412911 930140640 422621535
927439968 930153533 927606775 877921970
926921654 929814176 926931536 681805329
926479908 927034218 926763737 412059185
925239433 926788963 925280093 944930536
478800733 479289350 479264675 463560800
924809336 925370174 924973347 339995059
921920299 925188238 924134754 737944835
921511661 924787080 921511986 564936467
920486235 921512340 920952451 487058273
920000849 921511410 920001611 567983428
91466267 93964390 93605656 642975258
919784503 920083366 919784846 862236494
919432942 919965785 919458615 946618200
916786600 919705707 916874126 481503661
916329128 916896500 916330425 540141806
915957600 916333569 916152827 617993604
913562451 916329007 913597490 645673321
910047791 915360687 910066151 499694228
824575192 825674196 824604455 663739915
908198775 910096263 908231610 664305454
908028018 908234669 908029609 882458168
906745710 908034584 907063241 984729797
904534636 908024285 904875694 421056824
904487091 905020405 904488131 601917612
903873026 904513408 904122154 322861577
903696988 904232032 903720585 769770431
902555618 903789874 902621917 689959143
900687051 902642599 900980365 674589299
375993645 377091880 377020750 616670004
900526912 901858416 900535613 658561873
900201495 900598096 900219977 371294442
899645294 900275171 899660173 881252150
896655378 899732954 897588785 996277714
895979690 899497368 896426591 467974365
894792503 896459377 895632683 893092959
890621763 895886990 891562284 913382917
235509023 237274778 236246200 773514812
889626335 894268311 889631904 348696574
889171133 889682891 889178387 535477086
88333394 90173325 89818113 499358686
888997181 889393083 889006528 651158393
888596361 889069999 888638102 879054609
886997620 888988986 887112633 638183489
885838068 887157951 886525124 549339958
883591401 886696711 884049952 414270186
882938591 884393684 882965725 451538313
882429604 882973934 882454288 675629219
881017881 882725828 881493193 368829683
880385906 881983956 880424385 576687770
600952469 603072046 601059276 946070482
876048007 880654431 876558224 327943861
875785326 876698530 875851630 502798056
873421900 875903910 874899534 613008836
872418792 875723649 872466784 698137392
871992059 872532134 872205875 605058882
871875001 872320769 871880706 705797414
871183353 871911971 871306645 313489746
141363180 142591859 142361282 970658491
871132021 871579484 871142471 337693801
870582852 871171874 870655074 583750085
869300297 870923492 869722698 705098130
867851528 870349933 868396138 833206321
864990019 868884421 865061534 372666737
864115458 865082002 864910476 571526542
491278273 492952494 491415772 522984983
858572752 864939990 858949807 456592467
857876988 861102334 857877568 972228887
857679811 857877579 857721922 650684051
856652250 857869788 856770696 682124872
855457267 856824897 856608586 625535530
865066830 866624956 866591546 728803957
854981256 856631326 855026082 360735666
852864172 855037563 854504607 882959082
852501154 854668208 852605327 847442507
851861516 852675682 851982547 375491592
851274554 852285116 851464904 453901856
848925852 851766270 848930291 595994401
846026961 848947251 846717783 580619792
844200291 848880121 845090878 490838398
841967439 845938893 842009367 875573840
841139093 842256148 841194451 704689968
580482039 580690110 580668492 835189444
840257245 841523149 840646605 375887613
836301158 841113886 836677774 902334486
835076713 840211191 835168704 356356275
896761379 899674899 897561144 681901182
834411595 835797142 834421594 773447090
833362660 834451461 833374757 604092395
832894808 834397702 833158994 880888702
830629011 833197317 830641065 631972232
828361347 832324799 829640357 812045473
827826878 830173283 827826899 662483449
428580695 430044807 428614291 762162951
827645369 827827352 827648210 825239149
826997126 827768231 827086413 474976423
826736155 827617680 826748077 571474664
826543902 826923011 826598869 979650189
822998139 826611050 824333884 706037004
820963638 825308133 821313132 635162400
819703628 822231356 819746350 872612340
520477955 530105861 521835264 575425428
818946002 820037005 819013816 737717372
818297221 819215664 818479607 824930119
817600569 818585379 818106597 563642307
817242909 818281478 817243731 773892380
816613920 817474665 817173119 491964448
968388723 969185542 969085193 564271090
815663984 817226425 815993793 757689911
815326529 816518523 815337121 311047437
814393384 815380704 814761195 928017791
812338124 815195704 812408412 689242472
811736790 812412241 811751852 375005716
809307807 811754897 809562726 336067836
807479405 810146073 808217544 595400466
805324035 808218140 806849736 339743478
799678661 807244953 799931359 495615772
136066116 140482340 138689080 522587824
798916570 800004902 798917340 431599216
798530435 798927501 798530927 761264970
798046952 798538197 798084424 913890969
796226885 798521952 796251310 696492708
795456818 796260973 795505891 530561857
794845281 796098501 795171275 877478611
794725269 795229667 794725578 720042927
794640268 794730030 794670403 303276515
793431372 794715638 793611899 907493470
327131366 327978713 327930812 921555609
792214521 793794093 792546666 610606361
789346252 792731193 789525152 947055994
787936363 789947376 787941987 556047397
787306983 787956893 787459353 806150792
787206149 787892633 787210889 898292466
786309486 787305751 786397431 934621582
785629222 787170389 785635926 827465144
547045046 547140373 547068744 426683915
785059643 785638266 785498159 789209655
779634791 785519538 781709355 879749163
778707448 783453415 779254225 865934241
776807782 779297634 777138288 440696753
776549684 778620000 776735911 875511221
776167150 776762447 776369215 378901258
773814853 776396104 773985376 444393867
772543442 774178363 772655715 595449803
772016263 772725627 772038510 372375301
771387749 772048402 771397814 851226441
767519763 771443715 767663784 856641225
767178069 770177410 767413980 359059471
766849515 767471289 766960377 637443733
764495192 767170850 765086545 412446665
670837324 672036137 671985985 911564662
762644504 765105306 762686735 698989904
762376716 762688020 762445910 345556036
761553901 762469959 761945569 904532179
658772701 659524377 658854761 865626362
761170620 761958698 761172133 364617812
760794947 761189604 760802834 905744949
759984778 760891934 760552984 949125153
758237498 760699911 758647654 816084881
758075323 759808223 758155534 835527454
757932132 758214910 757935463 849874378
756622263 757944485 756852427 423968343
756180273 757920731 756464856 677805105
677654350 678833849 678406289 703828833
755236897 756477084 755322126 872374762
753679170 755424444 753853408 362566542
752874570 755183172 753014627 795669257
752341099 753650246 752475578 652573990
927725955 929841725 928474277 604246269
751452937 752539770 751498857 456051628
749654404 751548452 750366579 820821178
748844031 750404668 749226533 302555084
748371527 749254679 748439746 619968847
748244097 748505307 748247936 566450556
748015164 748249088 748060887 837399534
746941348 748114917 747398471 683872803
745850782 747648758 746019919 369161182
744832304 746041066 744834379 721317861
744817156 744837915 744818122 469414356
742457409 744822383 743198148 324651496
742209413 744777916 742216571 952647889
962206606 963183470 963113733 414973598
742011545 742267031 742036065 888484960
739006277 742146010 739601563 474749663
736873462 741630016 737115305 760738331
735089415 737729603 736138809 398050861
729576810 736657841 730649887 698359967
727639943 732499588 728202511 962896044
498021340 500097853 498360277 517062816
726788956 729124502 727023145 951859003
726006003 727408905 726009234 790693700
725424450 726013428 725442022 944022780
724289024 725445062 725311933 340559937
723660472 725312843 723663921 671263084
723422054 724260986 723426241 385347580
723249397 723514639 723277257 579655724
722826718 723315980 722939328 495481198
669526088 670322497 669673815 699451062
722193572 723181857 722209596 538965588
722129280 722367743 722162548 986091276
722090673 722184108 722096218 902510637
721430713 722107916 721593567 500367916
719681844 722004253 719686312 592033355
718227748 719949676 718252479 975794570
717093592 718395830 717140717 711780875
716954650 717205293 716960257 494066070
716423745 716969461 716561009 739690277
807810546 809784846 809692390 947641264
715288227 716563118 715372427 542911742
713465183 716360852 713969407 410392191
711855952 714142321 711905136 635055418
711697711 712022328 711702899 789898643
710583114 711710511 711291524 739312427
707916735 711592663 707920371 863461459
707219829 708115930 707236633 386953067
704709370 707340418 706235318 593573395
857874331 859097179 858353337 671851409
703528489 706942146 703772042 383060963
702804542 703780792 703247644 765279560
702706584 703385191 702743864 479217530
702053100 702796955 702435873 673613586
700717306 702628911 700721790 992823575
700022668 700746953 700026504 577424278
697541324 700058581 699839889 873725125
696488272 700016809 696492151 977771615
695184084 696498099 696009430 858095888
695101057 696414621 695102135 427782603
141578905 142706662 141817437 894644489
694587170 695105103 694806992 970386660
694302634 694856649 694338427 939208009
693659449 694418974 693814839 687555341
691564201 694272865 693129249 867848486
686460063 693632462 690001749 575647378
686190850 690704764 686191728 316079057
395233279 395485096 395373428 957408346
686075252 686197849 686075436 353722999
685682278 686134663 685732879 973834379
684139082 685883522 685032661 575789555
682416959 685196164 682602926 341298805
682254443 682653079 682383046 888466577
681533427 682395723 681972422 641876806
680330799 682133060 680347005 661001451
678867949 680444739 678901523 741396104
678402011 679012281 678576257 492964666
362404573 363336416 363298154 922843747
677832399 678855117 677840380 508435363
677053682 677884713 677233623 881916712
676589296 677593650 677000632 616620901
675618527 677014379 675851059 591400419
675259557 676121223 675473686 749071996
674085457 675477873 674643665 538053750
462104681 463498902 462982178 314288239
672266763 674815198 672361553 410108320
671898286 672376504 671965358 795901129
671693785 672111354 671735384 874652150
669796470 671757345 669838821 774175477
669501909 670398839 669598497 597468489
669167044 669628127 669176923 620354261
666119472 669199072 668974132 914359201
665500709 669063126 665873215 812914003
664099553 665914128 664696392 478618302
663399887 664810358 663863003 335819766
56652538 57561509 57324881 801894745
663024933 664075602 663118697 699421476
659995466 663316680 660069082 415489421
659586014 660369356 659627422 401892525
659364217 659702254 659373886 767535205
658014082 659459945 658426964 536395943
657633816 658742287 657939620 914997387
472731337 474122053 474029636 386222618
656640935 657944464 656648792 448551037
655862150 656871718 655863451 638806789
654702079 655944882 654963146 702953067
654236570 655090768 654256549 566910694
654135414 654271140 654142221 568542657
653763742 654152258 653871233 625986260
648352588 653911238 648786329 784504703
203099217 205104901 204948960 484259964
647634325 650406257 647747158 800009046
647489537 647782819 647515654 774070855
645983022 647517066 646430437 405208201
644841050 647488121 645266164 352449091
643922526 645329687 644171049 731302698
642844391 644172362 643663775 383634124
641515918 643907891 641706627 985483600
83338942 83800876 83699481 880566751
641294040 641933976 641294279 894100216
640380287 641294554 640465859 784048287
640361839 640474412 640361896 436200040
639435538 640361961 639688288 550687041
638671248 640332236 638698419 353704672
636048591 638704317 636214082 556184340
635383838 636341021 635601896 586238589
390472431 390732469 390543946 472928020
635067214 635630310 635171970 481895462
634381173 635273081 634393598 408110242
631339381 634519180 631494300 572176180
631204773 631754291 631279873 430783970
631006863 631281121 631094446 980612425
627427831 631127095 630391832 353135512
626596234 630571374 626619997 760397329
625936446 626916606 626047928 492071011
3485379 4152925 3549625 684314677
625789380 626062320 625810522 479404336
625728111 625811514 625736503 641215376
624959388 625758665 625172782 883793098
624287795 625519446 624548445 349996074
622546844 624576989 623561115 419376458
621701078 624202012 621765939 943410317
621563169 621897711 621596094 483425205
618845382 621693061 618881085 720031380
618260031 618904030 618420251 823433827
617293738 618738265 617553094 739506179
616560088 617690963 616850874 758945136
616199339 617144781 616205098 544246923
615611360 616218715 615653024 797333012
375386834 377044217 376693489 560573046
615033723 615654987 615443400 887369018
614087768 615493339 614896639 792714956
611704680 614990428 612153129 584408015
611110110 612507488 611110700 394894814
611064977 611112515 611082970 495564471
610595828 611107676 610600206 613574091
610215712 610611578 610272832 785420689
610041295 610291772 610146108 533044782
608930346 610163889 609065996 727150051
607979960 609200677 608887151 921075956
604529883 608920916 604763642 888412035
604318860 604776653 604322059 618552579
601187093 604330066 602575458 351185806
600944266 603940699 600947362 846733789
600221544 600953262 600522714 895332178
352079619 352185445 352108019 627798009
599621673 600832363 599818803 968987480
599451980 599832019 599459471 885815258
597721993 599466616 598226451 780197348
597154648 599434914 597254085 584097873
595196750 597320357 595206804 628354532
593573668 596522433 593584048 963746284
593497790 593587662 593499290 601784125
592571398 593501891 592702287 686588486
589611978 593109451 589817302 317694119
588188555 589832692 588253903 546058115
586385854 588306801 587005655 682294189
584865576 587292031 585714069 372110918
413375722 413706057 413616669 348431906
584315053 585822979 584624225 833369426
583333133 584626359 583770190 417976261
580721878 583828048 580729271 569755893
580391912 580754252 580415630 945308845
580382005 580513783 580384581 981135112
579286114 580384950 580143054 473968480
840418878 841459987 840563252 775901842
576912037 580209460 577107245 941665517
576195735 578698106 576402788 801965567
575601161 576484174 575769894 740419315
575067998 575942234 575275696 961522866
574496280 575534247 574497493 553082643
572746273 574574340 572976882 943222060
571198790 574246841 571286841 451748782
570398988 571314565 570652832 445801597
569471855 570933271 569577336 859247756
569257362 569775276 569261754 761407827
386665065 388179298 387828253 737364935
567746237 569267936 568775805 787066661
565875939 569247964 567100251 849823273
563787584 567227397 563792777 812394944
563333155 563826643 563341664 845768875
560342567 563389243 560574453 355600769
557545346 561191087 557562554 352716879
557322717 558021766 557334121 382595709
557310552 557478535 557312621 798919324
556118034 557314003 557223698 596355978
554448904 557307002 554675172 957913727
125255643 125647482 125295843 497088056
550236625 554887482 552914291 693158239
548815674 553267255 548831848 793182688
548653187 548834245 548784908 406730414
548258256 548788134 548263009 904445712
547350189 548266022 547354742 552182454
547177924 548187780 547216661 474182940
546959555 547222384 547014085 439254163
546683988 547134784 546795804 835169219
545870219 546836296 546116819 649386776
544752453 546154807 544772690 595950381
543643721 544924632 543989241 769126009
543120991 544319468 543162422 309804532
542110548 543180263 542350282 914654967
83927867 84030004 84005289 369714821
541832620 542738749 542052877 556811386
541654563 542083434 541676170 537750077
541081639 541679313 541132280 445977646
535684027 541356622 538989496 682501973
535469196 539201826 535475339 870181196
534355826 535496886 534356797 742731169
532556976 534372127 532707350 519240840
530913064 533777727 531615754 819838859
841639968 844253668 841927939 831414109
530316362 531952985 530444368 611459639
520682234 530735376 529538750 992484004
518894750 529822643 518942618 347861265
517794642 519082062 518094744 398485400
517676887 518569644 517707102 527697376
517287907 517783633 517399928 663836458
517261729 517411239 517263390 461106017
517022558 517265203 517095787 743594248
514871571 517253702 515870743 721509126
514605571 516845231 514657706 861185300
242215569 242742449 242565550 341725010
512833574 514747705 513319593 846808862
507591177 513555443 509233493 352717254
507382356 510765300 507544697 580966840
504880983 507546648 504939000 320697027
502271102 504994683 502649423 856802626
799638834 803532855 802607299 440539515
501015012 504321688 501269983 543994724
497842608 501335399 497851445 863677668
496415910 498105589 496872161 737763137
495162197 497249174 495776100 965770040
493859871 496281763 493963233 879445593
492473638 494092124 493357832 390842358
490834838 493826681 491397674 355536982
349316917 350057823 349635871 498304702
488514368 491397738 489151669 450155459
483209113 490664239 483666300 390365444
482421266 484063061 482830091 723294506
482128409 482841220 482272308 993137704
481732402 482291348 482008153 860192996
481311166 482078682 481371028 876734724
284937610 285715596 285481129 835277349
480615291 481500860 480701307 677191911
479402870 481195994 479420175 744217921
479353368 479424000 479374109 505211997
479313974 479399428 479314278 917177023
477898909 479319968 478339787 661182327
476250072 478833137 476366032 707721405
10453379 11123165 10592345 358162637
476178285 477299260 476195261 664682924
474055391 476209743 474107573 452349487
472752246 475855481 473052260 314797049
471584072 473365219 472489919 865475125
470275263 472714681 470349688 634659409
468227145 471348524 468266615 819435596
467778100 468293736 467931549 407935973
467553887 468148109 467560772 412176848
467378297 467564385 467546606 843736285
466917127 467552613 466947559 605607082
466591848 467274622 467247644 931146969
465996922 467086467 466306326 709523543
465524415 466588010 465525631 659327074
465484956 465526694 465489120 410575948
464431561 465494804 464845457 954559642
463117397 465066616 463566099 821222471
461684404 463650551 462139588 941216246
461224145 462310761 461224893 790021734
826692010 827423850 826991666 799350016
459529631 461227412 460107812 915076757
456944256 460765028 457262912 989280922
454008092 457380917 454543736 806695716
453521709 455529640 453546654 662810745
451947785 453864931 452085740 559531283
450336352 453340038 450644741 761903101
450248717 451369529 450280208 521617733
446850525 450291296 447450973 313865875
374329524 375290507 375168555 387342629
445600334 449761304 445859827 905674755
445393540 445875809 445417682 832502418
444952747 445429296 445129421 689327454
444166729 445285019 444612156 702145145
443947755 444613843 443948371 430042727
442734041 443950591 442995860 483798108
441867262 443568514 441896729 465526921
439853265 442374052 440330649 422479683
438878486 440445651 438916401 540694641
437492194 439802906 437698713 513933007
93030114 95048706 95020629 454243177
433692672 437829727 436301304 796444572
433058916 436907057 433069355 365062334
432753887 433140256 432800347 533092229
432267230 432961711 432290173 647050174
431814129 432322893 432222716 585645006
431601208 432238985 431636675 796138566
431289859 431643145 431309664 809323882
429524612 431329202 429661473 400331820
363386685 363702261 363697852 413878819
428632400 430136675 429210732 520791983
428345309 429356461 428379465 753446766
427810911 428382153 427815198 969884789
427379457 427825811 427716944 914362908
425236896 427724165 425605756 665715801
225808936 226670241 226057677 859499124
424090883 425617450 424198436 831509548
420690169 424782470 422740158 531962018
420172704 423614143 420223110 648942918
420119439 420293497 420148633 952776535
420021859 420148904 420022434 954467196
419517322 420027465 419813311 365413282
418092477 420014338 418153231 553923012
573546623 574424259 574385772 961521284
415967178 418403091 416045413 806551767
414199127 417954278 414727312 622086682
413579974 415110502 413631652 611509168
413367123 413739738 413449743 575973635
413304774 413556734 413310759 961482902
122773211 123700634 122863471 811842029
412922661 413318389 413030518 319291064
412592681 413301816 412602941 390977429
412108590 412701812 412198692 980331865
407240026 412231258 408078270 961722916
403646766 408491330 404666303 387775917
402773321 405989862 402872903 900468334
402318477 402887714 402550672 787071601
401109689 402609281 401146364 610652539
319876364 320479659 320461865 481390087
399502000 401358693 399911732 663082257
398690510 400728309 398690614 933752329
397954078 398706606 397961425 781715027
395682948 397981309 395921462 864638641
395008440 396942835 395103525 354113262
393964597 395241601 393979910 977846807
392550562 394982006 392969631 719052076
391669527 393164057 391844000 833839747
391389150 391955590 391400665 852081363
390713652 391412229 390831509 691626772
389497376 390852098 389981047 626885757
389358758 390559379 389358916 927618296
388337342 389359000 388509316 364931255
173495264 174036600 173566045 704037847
387541484 388922899 387857087 729369888
386806222 388216542 386825972 861953596
382364264 386850499 382404431 565097443
379959238 382587186 380597409 750556232
378586242 381048406 378660156 984903807
377449811 378678563 377648002 524318494
377287891 377861130 377291510 659153590
376800130 377291663 377070354 768540173
374942701 377280898 376465612 365394222
954204503 955561468 954927263 936890605
374253732 376737483 374354494 696969497
373672514 374383268 373771366 592451472
372788640 373843874 373357975 583027330
372194481 373510357 372232985 798476830
371157848 372247116 371224551 692000484
369805029 371477377 370473734 533596568
366548626 370554923 366559676 749887855
366262392 366661488 366328617 405188470
725394527 725540789 725495545 305803195
365368244 366395816 365461352 731852941
364992868 365763154 365055605 543915539
364956372 365091418 364956384 619711295
364686309 364956750 364758431 903123329
364341482 364914035 364471782 991519396
363544355 364546323 363560426 857714671
363387401 363789731 363399343 579024083
363351876 363401327 363355433 377821838
328003061 329009586 328463410 948375947
363341015 363373343 363348077 979555806
362302244 363348528 362732000 938305237
362031132 363322730 362079484 873515268
482565781 482992985 482815975 358340651
361756272 362186849 361810307 900425138
361451652 361990347 361694759 344981682
359235497 361753862 359846719 502366073
356894075 360168177 356921389 661545382
356161633 357010547 356282571 922560698
355790866 356643878 355809919 796142737
746512156 748034081 747291203 448796776
354920582 355857033 355334408 528659555
354407493 355782190 354520886 721087053
353936296 354551071 353979870 641413841
352559743 354331420 352939047 955339485
352256609 353009827 352278896 413010013
352213395 352294917 352231352 590727812
351963608 352233647 352007803 598235431
350854919 352178508 350859761 377794072
350580294 350870722 350788730 650841944
350429916 350815257 350434890 957272791
349683770 350548342 349818378 579539249
610191804 610496859 610217219 484096832
348579571 350097410 349202008 780137134
348389567 349641558 348400547 922578546
347322231 348447131 347473173 345414032
345970736 348352621 346227145 917137539
343289541 346399971 344164282 683082039
342076017 344256346 342363856 723920352
338652033 342818384 339928043 895905376
337083559 340438469 337144683 478694184
160859539 162644082 161501127 677610846
336615963 337205942 336674917 873451292
335722211 336924272 336089790 483568646
334681645 336327694 334944680 731593428
333700168 334957212 333739960 657132652
333412875 333832535 333493988 555709333
332743793 333516558 332744039 536854050
332539395 332744198 332592198 967554808
331964191 332699501 332117216 531259548
329350551 332350109 329503845 859552031
420025336 420139010 420088751 325381156
327897589 329872220 327954831 815019915
326491091 328469323 326872781 583525453
325435560 327437070 325762055 982517088
324338209 326200038 324987424 749230668
322486876 325413257 322517150 939008572
381207907 383056218 381270919 985133175
321795865 322753566 321838228 939344243
319184102 321979945 319397829 671591375
318517021 319958844 318619235 752243591
317769485 318731796 317939127 557796416
317176773 318034603 317385533 980762076
43359867 45332077 44230717 513872370
316743609 317740863 316898162 416713233
316578578 316952229 316588435 699018181
316333641 316588441 316346314 833650925
314264855 316349570 316054184 720426191
313444412 316321483 313444599 307090701
313367789 313587527 313386445 827413423
312558120 313409459 313334271 348247616
310672024 313336955 310733041 433556090
310424777 310889792 310468472 363701669
309642910 310473346 309665500 517697793
78162374 78579873 78257942 473430794
306918144 309834154 308745461 527103039
306034258 309087154 306618666 844774562
301469583 306834252 303150285 481911272
300819949 304256641 301006548 324701538
299889680 301214235 299947141 476487369
73595884 77612255 75376240 384504635
298458082 300481714 299045110 688024055
296628111 299390300 296685978 801898714
296526420 297126943 296528277 494259187
295493137 296530900 295651522 992752614
292262256 296070576 293612251 681245593
287219406 294101903 287223398 619147403
287018529 287309911 287085554 992720743
963866432 964608961 964538978 952158172
285808214 287193125 286032515 351763363
285743111 286112943 285743651 721789868
284785528 285743694 285540343 506454944
284159503 285708945 284213618 699511713
282435391 284433078 282449487 456387418
280990965 282451874 281395660 737608244
279985880 281819570 280031733 528340977
279309412 280265377 279375781 930181122
276403673 279469706 278468029 734090034
276176167 279148011 276178075 554271274
276098728 276249175 276129185 812373984
313392124 313500578 313416536 396347784
275858984 276168112 275902573 747364268
274252918 276079604 274523322 390955817
272613805 274616779 273665638 675723406
270492263 274203777 270546471 542797177
270268840 270588374 270293125 627156255
304698902 308425289 306119958 538754236
270182524 270490131 270205853 630827859
269414663 270221281 269516508 423467197
267312973 270151143 268052993 838169183
266697642 268831082 266811990 450322702
266324680 266812104 266502266 995726989
467567002 468194998 467887234 536800368
265949884 266619727 266079687 490064017
265648228 266095612 265735589 588309900
265270367 265881087 265282527 386027403
264173794 265398014 264276850 493081421
574657911 575630531 575054895 950877123
263790971 264288665 263906645 580862337
259038303 264056730 259264709 400289219
258097497 259297740 258219088 301401728
257206664 258544672 257343754 670828683
256507399 257435958 256992894 691645162
255918287 257053580 256124377 326540363
254384475 256340436 254563612 684746428
555059813 557307577 556521034 898184796
252226050 254568669 252454681 426511625
252060290 254164630 252075538 716787518
251062348 252083912 251069377 626823405
247900500 252059560 248018101 787286641
247552696 248034540 247572338 422752255
245143405 247847942 245541840 872430596
397585399 398316602 398009117 530624742
242999956 247534314 243198984 845703793
242489559 243866829 242601709 650319862
242316022 242809822 242369997 662483974
241276923 242388302 241370146 718183675
287222285 290409686 288786230 719905087
239635539 242211993 239676012 324620493
238299362 241127170 239282229 329822759
237787762 239566155 237853140 345075318
237191117 237857986 237411362 703574590
236320111 237454625 236393139 400175381
234939899 237120684 235341514 352625162
234757676 235416823 234766555 635870986
920020298 920086755 920078791 856353946
234676465 234770250 234737311 915637144
234499862 234747477 234501972 813771460
234381164 234542975 234451431 678445104
234179049 234462094 234296564 424206609
230737498 234360845 230738617 680381081
230599489 230742160 230655365 610243268
230057777 230663298 230095428 787120120
229625066 230403821 229626147 966037153
229292565 229631333 229307346 768595588
228181412 229316740 228510706 793875929
226678576 228695827 226680135 399697798
225807352 226685350 226607955 344052597
225357807 226662549 225547749 772936962
224728159 225571104 224782661 765832229
51199325 55785219 53470636 443505013
224606799 224991786 224663572 510457301
223840240 224705297 224229086 544882988
223454007 224431279 223623061 824283957
222632392 223803973 222984196 639954486
221527038 223298809 221939192 485523986
548409985 548797645 548625170 536137074
221414608 222127758 221419905 381261951
220540334 221460688 220635752 921613590
220354442 220662168 220358693 430367032
218486656 220524899 218744625 421778231
217282895 218896178 217292230 939846797
215319511 217425287 215332942 325361242
213190594 215565677 213657622 443726012
212968731 213787674 213033338 565772529
212568651 213042798 212612165 976386138
212173778 212966348 212252370 320796936
642191401 644134278 643592140 438316761
211337769 212368801 211919211 566656478
209107067 212031361 209947243 689865109
207634881 209983780 207648919 631757939
206243148 208201411 206968176 872812733
203835205 207462091 204002907 692466945
202562625 206058829 202650953 502794917
986378948 987137431 986664328 753545482
201686035 203571631 201810144 903092252
201361289 202235265 201361386 608720116
200591947 201363501 200769561 417742441
199497561 200808213 199625102 864129298
199327074 199961962 199331475 640160378
198629207 199342194 198999153 521612373
196305331 199168220 197188378 630099695
194871551 197408575 195820963 584638649
193891047 196072987 193893403 623132578
193760607 194025520 193771184 309556892
193592595 193776033 193707198 851301104
192947679 193716815 193321873 913465054
191732254 193540380 192197898 443878376
191291615 192306046 191294952 724173266
190529570 191349534 190727983 711425412
189502278 191263834 189502824 633843315
184377554 189523914 184632466 538814927
622424581 624522097 623800701 709396883
183548888 189120299 183663045 381721084
180933806 183710988 182320920 723152076
180524758 182344881 180556655 603336948
179979823 180741154 180495198 618287773
615737721 616783357 616331992 301255679
178592588 180503503 178810634 673829140
175695748 179058269 176303109 700867056
174583537 176499295 175331457 558487160
173514978 175388325 173597566 860328513
172797654 173817730 173386776 410624696
169091156 173481726 170693616 937617276
167889258 172636352 167899627 324870712
166780052 168486042 167008248 395271111
164968344 167382127 165022261 490182700
164525702 166538140 164534560 543940060
137534562 138384285 138314564 960427404
164276062 164967032 164329872 919250770
163634887 164407689 163839517 345960839
162561087 164133608 163062083 840293222
160885779 163242624 161799941 374271511
160000122 162322891 160473820 965517164
159444232 160782424 159480178 440740768
159004214 159821540 159058197 775817171
157642966 159222383 157969308 788340956
156506012 158988708 156799988 368695666
155891601 156807778 156334665 655313499
152112380 156480798 152671187 903573417
151192679 153567612 151432615 506085343
143356665 151934199 143533553 398413376
855028792 856384757 856119002 995895687
142783787 144114080 142850098 805722413
142524399 142861850 142528024 478873387
141135853 142549552 141199451 402123235
140266791 141358208 140527861 798653583
136114955 140679189 136196287 400118632
134586220 137959336 135286084 569983660
134198834 135295307 134281715 860274912
133938181 134408249 133965358 466619171
133198732 133966172 133320533 310941517
131223150 133871017 131225305 583787824
130014825 131227842 130421765 353852280
1 3814969 2149874 853499968
129209694 130533236 129286604 682237954
433058077 433783529 433205166 798710132
128116173 129422488 128387877 485413181
127527129 128495381 127922329 829487894
127139428 128114525 127179159 743610212
126458850 127475219 126723737 331174197
126281338 126813586 126282250 432327620
125813793 126377707 125837081 443798478
125653553 126135892 125748589 553936118
125327128 125811786 125418888 757039438
26577459 27284438 26945847 769001795
125128474 125484245 125169769 489482488
124806895 125185236 124862937 717901432
124612610 124881050 124664200 585866326
124566866 124668882 124590077 990009094
123951403 124605056 124188588 599618561
123192228 124363881 123193018 802609198
120992389 123195889 122350075 910453715
120551044 122614196 120569325 500924871
119081738 120571220 119666573 309617172
115244074 120351181 116988172 625044010
112246284 118520203 112947632 684520996
111939628 113486877 112004695 671434706
111190042 112031987 111220173 869091201
720245835 722072491 721015840 851684338
110400506 111264017 110401558 774715131
110145824 110439321 110280335 827352155
110125342 110298053 110126411 421370034
109873356 110129930 109935772 361306792
108934388 109937970 109471466 900702133
107451101 109482260 107606619 498696674
107230954 107611463 107278123 759941950
105778210 107409439 106157155 355212653
105414796 106890865 105508200 475267349
942828140 943837633 943799729 948044899
103992381 105551837 104655997 307018833
103136664 105265017 103211856 579481057
552032427 553848898 552961865 773919592
100302521 103336234 100487080 581171570
99497851 100509570 99536365 472169357
96880330 99540812 97521956 867553911
96624988 98136333 96631581 532743240
794513631 794727442 794531188 375214522
96489812 96631778 96501560 894081134
95402459 96571140 95427575 758468154
95070237 96118359 95075035 931499499
92527203 95091284 93082618 833773326
91477295 94885825 91563685 613171457
90684566 91754785 90693172 838505436
899721366 899860795 899811697 738510978
90324145 91182027 90381377 365362273
90178091 90418828 90215591 870950380
88873813 90222132 89790026 861678372
87284618 89791565 87675240 426886766
86452616 87746396 87007195 606258892
86390367 87108575 86392099 409123573
85356971 86412973 85412411 446534779
83995227 86380675 84019980 742755006
641077701 641340149 641189141 694114150
83875388 84117386 83877949 927917906
83575820 83940617 83655297 490921701
83234098 83873367 83325062 372903258
82870943 83371409 83083649 419381476
81637819 83160408 82366566 594432745
79294820 82728239 79368772 651213381
671038869 671842320 671242800 959580802
78820353 79754734 78932764 730505105
77847421 78951293 78222611 645801149
77617377 78534817 77620740 669398075
74480371 77620985 77274302 355927629
71836289 77600667 72404399 868570958
531417969 531974709 531466557 867730616
70003749 72496298 70484727 782279304
69624861 71103631 69702176 402131751
69423262 69756821 69537310 975150037
69336517 69553056 69411182 494836902
68496553 69418690 68766960 997445207
68241987 69177413 68269861 596052468
63904305 68304791 63949789 815576222
212764961 213015791 212885720 680482946
62534164 64091959 62646815 706093253
61034071 63824265 61453917 649079910
57998345 61642665 58002103 674961675
56001605 58066604 56587541 774550151
55840512 56724716 55878152 883843251
53743360 55941751 55068394 497937464
50988703 55747615 51024535 922972679
50828852 51042498 50893710 417677700
50562237 50946163 50564241 623310772
376414701 377073668 376849724 505638532
48479339 50565713 48505864 784748914
47027515 50546247 47032098 493018926
46234247 47188565 46307176 831770216
45727848 46371540 45779477 436579212
44244451 46184266 45335036 593640085
42911008 45533676 42976657 588396744
364599547 364942539 364687787 899340840
41728309 43363871 41836035 658771535
40965525 42858133 41131544 548532920
39078127 41298837 39459067 766873007
38620094 40419612 38714573 805006544
37082066 38727670 37819598 561035872
36767294 38524202 36881165 912832245
34950375 36917919 35857493 662133758
34791048 36023766 34802896 836656368
34291362 34804827 34565610 389668229
33179559 34595462 33591216 473037091
30294508 33793997 30503158 562380720
29488610 31222138 29873627 751197362
167484609 169620399 168901714 655652699
28898247 29987504 29054059 736693153
27947062 29487307 27958977 362745611
27298659 28254654 27359124 844300127
27019918 27385645 27233406 705630958
24606709 27277007 24729721 794373127
23882350 24737043 24366917 587233044
220965898 221992250 221826064 737259373
20994225 24493246 21074050 402407784
18749382 21262704 20009196 355544805
17109187 20535576 17659818 913413839
16734678 18622621 16978177 470140709
16056426 16980366 16109993 990191697
15929289 16486374 16015978 463226120
14202994 16029396 14238027 355349607
597568586 599466033 598770277 447014103
14124212 14239752 14154050 558699635
13910127 14180633 13983317 884866061
13838074 14026429 13899893 884050384
13798087 13904042 13804859 570772711
13498818 13815754 13585443 429109530
12342052 13595413 12944194 493162606
12125502 13012918 12303603 512412129
10874843 12331679 10987209 560545390
9955680 11656082 10342272 719162139
8975259 10804177 9521772 555653294
7496466 9694183 7839593 943920586
7322583 8153822 7322705 674851922
6120415 7337582 6363595 526196704
4456520 6462224 4559973 393036884
4133143 4608638 4137082 399442388
1370674 4216832 2891185 896100436
