1000 1000000000
994393698 1000000000 996414932 658748872
259565828 260290986 260221007 448778762
376288542 377499924 376707057 749901161
987452016 996917644 987777926 933517431
985094794 988140854 985095000 561134739
316326970 320855526 318665637 750277823
984411187 986157939 984421859 628525237
883837057 888697910 884531314 688760276
682979186 683243354 683235043 526595888
982482975 984462977 982661089 742498853
981479009 983035542 981688047 537317779
979343068 981930694 981047881 622339482
972714919 981429127 975944654 972494053
180273295 182490643 181524293 570796491
299159426 301896991 300679300 465880002
971297831 977149389 971674813 612093760
419760980 422045817 420024924 724840393
969143411 972223819 970524036 578364515
323455011 323733993 323477461 708350486
420014929 421819804 420507559 626042730
857651789 868291826 863295182 581732326
657218805 664779457 663812765 450708395
967257653 970924469 967474358 677722587
445485572 446003560 445766065 450148107
965597824 967547877 965961838 836772290
740495352 750787972 749505545 941402439
964674813 966512085 965015386 476659399
631558268 637922651 637068857 584524688
873385313 874230195 874050842 506853708
165577279 167177402 166157681 578565028
924579289 930240839 926443811 437336610
959263089 965088992 962467857 791788564
879060498 880956259 879566794 764337987
958541247 963903350 958759602 661929893
722706509 729062755 725547100 404933428
210807023 213088125 212173241 520539255
545459332 549937128 548751907 628943469
82689640 85460847 84412197 447090550
79845363 82688718 79885479 478016420
372498477 375867088 373425188 782483675
6441281 12938490 9843488 902838410
333995269 335909310 334623604 610800434
955757089 958788087 957937301 561622125
952730793 958432867 952745311 512326561
887109397 892688455 888573623 402778476
949307899 953530338 949497030 720608742
853311944 854605541 854503761 776446367
918012724 918942892 918150799 907891440
906987346 912739340 908650699 534131106
948993701 949807892 948998275 404511402
247229975 247472267 247329365 624501179
946178817 949011861 946227475 445016694
679989186 681187280 680979129 416805023
743035186 756291644 754968233 479876602
945953925 946545366 945977070 597573034
517317699 521943275 519697921 713106784
677584237 677925209 677849697 921997931
944616615 945981460 944661915 528550883
38783484 46007949 40870808 971006131
858681124 865153721 862152019 797521591
250230474 251076327 250626486 823330003
197480168 202572399 201973811 608139607
941336486 945616816 941365722 787044604
331955218 333369859 333298040 840952217
835293624 837359880 836654303 885038749
756637558 759477496 758698127 773469930
560824770 564401511 561629892 547991913
545380709 546410961 545685869 534150306
788406384 789026647 788931917 483234158
570679855 572528176 570818984 474290455
990767405 999009417 996500582 410012758
512311217 517465883 516631335 952244150
277406131 282845487 279442923 675227380
937753431 941370650 938657209 998271598
626267392 628884717 628268932 861596271
78509712 80173781 79004983 525786814
933031934 941288412 933041960 841156688
538275533 544712373 541862875 867401362
932390585 933701339 932517795 740193058
714864736 716853013 715849789 822013846
932307571 932631066 932319483 424997324
926287286 932324045 928610352 683310338
312859418 315405915 314331669 956030023
325797047 326911353 326082966 698665504
121955967 128690218 125365606 761823372
268733666 275924419 269947581 575554636
923177941 929187479 923318517 804742189
627089076 629210304 628479449 556019464
357005132 363677237 359553124 627770973
922238173 923348669 922745061 410305854
250553561 251859573 250991559 748162231
647690981 648544035 647984348 975749309
918016445 922808099 918016571 603732292
718283243 720663083 719671981 761757520
911513026 918016592 916634452 492532628
445739899 448045893 446992683 870462204
445922648 448208243 446488734 812385675
651845530 652618194 652600764 907881844
908488189 917995050 908835060 672610797
652584173 653212420 653181258 599669753
82246080 82693694 82682571 607994527
905013980 908957262 905018920 999993194
903444289 906496876 903896204 857003294
268399554 277598054 272512465 932891661
202905485 204327879 203601951 661888058
941360777 941753069 941624855 951994074
899624873 903922712 900137873 850983101
268178117 276230527 270437831 687418210
889907830 901662808 889979842 988248465
881572298 890346511 883238197 532084084
61969003 65988416 62452140 531610480
879470616 886154582 880850858 850351277
664714068 668201876 665960047 463533948
716965578 717743598 717325045 580060056
811305736 818452900 816013159 878303356
74337599 78467098 75468261 867523652
878546809 881119851 879301207 823075784
116891028 120331750 120009261 835940975
447046752 454584716 451111251 639467577
878326092 879369399 878358266 808907565
906773959 915821110 909143721 600799011
725263190 730006412 726383323 429608441
389341163 389932833 389719796 678139191
151072878 162372833 151953756 505646366
327300725 329325060 327937884 402405995
877466340 878363272 877971767 837882248
402169494 403775731 402896790 474648980
874458764 878165969 875010591 673484969
47341946 48234298 47942266 838384218
896563053 903531038 897258009 554028549
873487034 875126985 873590284 631388001
645809160 646512846 646243920 945973690
872385850 873595897 872650672 830913067
867567247 873328287 868993614 416770467
665419438 670991223 666414094 598054643
869254801 873457368 872539485 507428383
251510538 254406816 253468479 916305363
624630831 627172117 625613295 761435983
438205625 441768408 440594832 878223918
873677480 876778608 874434909 997940063
300367259 302406180 301162549 787883850
855721965 869252986 857465671 817034408
268417938 279473579 269528532 608453004
117718266 118094424 117971932 970132273
854861419 859405674 854987863 662144839
353374247 356264332 354308562 650523206
625117841 628217951 628065419 434394767
487709696 494038881 488404706 749738573
851923399 855248693 852596767 594371264
845861015 854099249 845939882 903994448
845471422 846202043 845629300 731910173
777341088 780634401 779114231 405499177
46844383 48322506 47704443 590678057
844030044 845671568 844612852 918811070
229477746 230919213 230332707 729411917
377803393 385607136 381015578 469355697
841096332 844827907 841187530 900603925
783593165 787220842 784674203 665224481
838500710 841633045 838966485 480935724
835238857 841005652 835241049 967640493
386896401 391538226 390098259 522837086
888638657 896885882 891057848 437938085
830581084 835360491 831703810 587454760
721142308 721455779 721406366 802465524
735118430 742299627 741840887 613764249
917997516 921393234 918421072 626368289
963432997 964591398 963871408 886298429
33674922 42248175 41826836 403617560
330996414 331922364 331571950 757903076
494682312 504395241 495425935 848497923
193997957 195231491 194180271 427319593
263273576 264890636 263503697 868814598
829360606 833834860 829910416 800909955
274500073 281366258 280788961 937049829
683268584 683671639 683639663 773675157
826036610 829979551 827086477 567238437
262605421 263391475 263234069 657631442
819127250 828318618 820784662 593112934
714295936 714697422 714409019 921942244
511758030 517416861 513299951 748492616
878681410 880031304 879073285 452051873
61684466 61962552 61925361 528164587
111701949 114723317 114498778 972218371
818863136 823430077 822156042 619483724
110950256 112197332 111462443 885897139
818839488 824416735 818899975 807260346
818825901 822822188 820927454 643570774
845682238 846599828 846207789 538511316
948809646 949072969 948860039 642958683
691423271 701929827 699314625 727031123
817995037 818900689 818040243 698329737
713689146 715978961 713959403 796916149
281255184 284714103 283052636 928000056
791898755 818687327 812941264 830172004
175315180 184137004 175875916 576651108
287458838 300130656 294225980 674069585
156934397 165472942 164589615 571925473
941322904 941644800 941364272 982735922
790316645 814497339 790439728 424563008
413702667 419196165 418332468 744954947
781472733 786374096 784149421 692128521
7898880 11958335 9860734 692481594
920185239 923287153 921307328 868930537
570624902 572618685 572286351 712412103
202887115 204474795 203580181 832950658
788045487 790689104 788424161 840024874
685536288 687425856 687194022 953755269
787454535 788496997 787459522 415370636
650709465 651987903 651762276 874976008
887443490 898367724 888872044 903924013
785611813 787477466 786602589 457009342
760807806 763980326 763343979 902208670
719434184 721122435 720765086 693110242
546387041 550749104 549834038 552304156
296220187 299731000 296261163 499062709
781492178 787164576 782054153 811638849
774898670 782151998 776500288 481808202
932755311 934207119 933352336 713877368
243983135 247002498 244415615 616617519
766515413 780565537 766611396 898456358
844060776 845165958 844586641 438865401
763971854 766630354 765366316 547144853
713492418 714627251 713968674 641425721
752781432 756399193 756225599 721030651
647698796 651181520 650197888 501857089
204127325 209048206 205305423 837355494
56573008 61622959 57400191 995475393
259848148 260985891 260502299 562679567
945627411 946163730 945876963 621917292
761165062 766124927 762351082 793059142
268953941 271041735 269565923 721780189
758747277 763285719 759124556 949602444
647331974 647378302 647372981 622200807
230730646 232602979 231454569 577335506
757836969 760338510 757903525 633796804
494711765 504921978 502872630 744552742
541559495 544192511 541887703 405139536
756095689 758684158 756182231 687259904
970489824 971641704 970927708 479917835
750900326 756402649 755465709 623131355
665769984 670325058 666606967 547124472
742931777 755975633 742942524 754981027
219983153 226633563 226523948 986916224
544877532 545504172 545110549 827712091
737430385 742954815 738798617 994966068
945875534 946357384 945996551 463758699
984225185 984744489 984445993 593750487
268413197 272275888 269322999 791467775
734072062 740347905 734141787 864001082
684812461 685662364 685379547 536370219
964485195 966371019 966321622 855247756
256558500 257562336 257033298 658404918
344491075 352606932 346248763 981445820
730566852 735103843 732936649 719276491
263614189 266114416 264858996 898419942
728762810 733169295 729368367 450052277
623425397 627422236 627264356 460632649
723647317 730436460 724081863 408942417
427665506 434517021 429848840 876054883
85089960 102733436 100053120 854625776
845886059 851652224 846973276 988764146
721960117 727141749 721968793 991622168
262299639 262932733 262379560 823187928
219694273 226285301 223788399 966722415
865475189 870089844 866824940 951874770
721144973 721980349 721175212 781911377
946306069 948587517 947364076 483570815
965476022 967434222 967042257 885960277
610467418 613525393 612987307 768096673
183009 3307333 1105452 518070403
337165106 349573539 346624524 767054119
721124631 721196048 721124655 425570856
827657202 828331133 828086112 692226448
762160825 763522936 762469572 765566291
126445754 140389642 135346404 537605254
606146755 608855086 606273790 605569137
328403874 332131815 329042755 594552728
758927066 762577192 760733083 881528013
406446196 411342178 410627833 870558498
141771551 141849636 141772772 949410138
919375135 922976908 921117357 851833448
649508414 651847809 650042476 931180611
720688801 721124882 720714814 959621738
717664184 721120846 717848265 471535714
258207882 259844531 258501141 714290990
841355335 843239199 842080691 584179929
204166466 207492279 206388050 864913258
987019147 992655007 988810316 724907480
716981861 718508779 717056708 775427047
218407472 224437067 220310112 671137563
25521756 28371996 26116681 457683767
844060125 845652536 845409349 578108537
715987835 717234278 715997769 969213710
117559608 120396963 117856220 985130800
533743979 535158184 534070481 575596921
781038730 782187781 782161322 989867836
713568649 716561707 713701483 742740580
202593308 204385842 204125963 607204147
142013998 145065853 144213113 903009681
148202132 149058015 148332565 599022342
958721568 962229212 959969273 653984201
712155866 714397183 712649724 782208844
563692786 566538275 565963299 926200649
766503305 769695530 769246805 683377479
893808021 901765472 897887242 854960831
229814293 230719628 229901164 828709689
900606525 902126005 901838048 942201172
965959186 966667437 966506443 738985500
602004049 607055446 604066044 799456865
485357303 489223157 486716975 546230618
182562500 185969566 184458752 508189913
694322204 713202078 694375465 430699436
629217029 632146588 631117120 938886577
115384279 117307314 115877109 552056525
690607974 695047002 690622668 768483349
352544679 356392566 352954468 939249954
285037047 296225957 291865122 721595267
429532870 434221391 432856162 427948636
915329185 918004955 916044887 673271068
788834828 794566109 794005652 673890400
140028453 141583286 141026722 883145115
719772691 721122748 720693088 469026633
606183809 608135899 607841958 543021008
687585392 690713311 687796664 735466023
259384339 261394292 259626488 893237224
685501539 687911410 685735981 957440239
684972752 685991748 685059042 994482776
683201466 685094994 683294805 590525321
401576999 402791968 402023940 796148213
787470293 788144020 787576882 413426867
683143000 683302667 683154430 690310471
112088437 115795724 114337265 441983949
47368738 50286795 48519073 719945588
227927784 230131188 228353220 472871830
261665320 262555963 262405773 886291653
682476420 683192649 682491203 561429888
864383985 872441364 866209021 920652871
679092166 682570277 680563744 474966843
355129404 356392967 355134994 615451399
166890334 168565978 168010180 549631044
426388911 429478340 429277070 432658356
841335716 844639551 841754890 632857564
677981597 680824990 678027920 563480901
736185263 742709048 739548396 593186302
506840016 512158772 511407463 940605309
260016756 261441560 260233490 760769182
677375825 678063453 677700676 721532684
674985948 677818107 676460654 425038445
758830222 762994918 761534386 935768435
670548091 677117650 671006430 559668434
668965810 672054626 669783980 519640018
785372235 787270818 786858971 500693549
663746496 669851074 664527873 872832290
663336171 664919595 663508192 400398661
645123973 645446751 645293275 731043980
94825420 106704118 102672321 680860173
655045886 663511021 655412652 707799476
356189543 357417684 356260562 937503243
356026267 358019668 357003442 926189939
490273513 493690539 491722075 943470447
556325447 557243791 556365398 505292771
444648145 445831439 445645949 621795992
654905815 656127613 654906303 847742098
898690226 901912281 899780407 784106693
652755011 655043283 652846002 419739505
652081753 652879952 652109233 685338365
506650396 516418881 510074596 669737181
818695176 820314213 820160173 956022758
138179451 141719846 141346367 410101532
648505229 652245214 649302095 535612667
647382484 651624053 648113991 966624471
646595924 648174756 646758674 718189931
965616186 966779376 965756309 791830958
862497283 871838818 864920199 541970960
646013360 647357744 646192789 575827044
872894315 873394628 873127021 577008831
315335619 318601116 315670619 516578905
620198405 622978837 622801150 954174538
346871032 351705268 347930121 456700646
276204688 281911680 279745771 659290998
187056788 193204586 190365578 789784904
565800951 570613219 568283263 732610674
981856930 982167752 981895685 758645679
644102662 646395173 644783855 918057066
262270774 262914688 262676792 759821414
217128063 219635741 219133320 799061780
390342938 394346806 392860832 603068902
301532369 308878301 303900216 684697986
880174882 885431603 883017906 898941978
215516594 218404742 217695239 511214542
304230947 310699546 305627449 671934153
643416113 645329120 643651608 841853837
324318463 327514465 326644214 736978350
323681090 324616378 324563658 774820311
334043953 335689821 335624007 954428896
517332587 522453065 517555234 878578506
794484957 817071573 813480749 412086439
612114657 615950296 613515944 495925966
638932865 644021054 642373955 459409946
52442435 54646512 52933493 714536648
717703748 720986686 720204130 822314664
756307303 756962331 756934188 937272416
918797399 923245478 921637787 618013333
633375237 643290785 634890749 813128365
629505783 635853539 629699357 591798034
934334257 941292343 935906663 452908424
54288613 61339304 60733641 554570759
627799543 629916186 628632059 401629894
623791304 628722930 624155535 495913193
617637642 625759576 618766086 937108456
815913938 818751662 818143818 951921649
615042792 622935495 615996117 797947091
252548753 255166939 255149735 733449021
612584762 616619090 613676581 461233257
500533506 504122678 503784866 476119011
234054709 236599313 235517214 868512203
834227172 840304485 837004741 673174320
69694614 73954643 73573280 649488776
645695430 646499576 646435662 491988494
761932371 764092049 762267184 748267645
611039165 613695213 613238707 585332279
503782681 507114413 504990067 813830442
78575655 79141244 78778458 690864716
647624486 648928420 648001057 877377729
163446731 165193605 163715480 814654235
611207839 614529649 611658962 457380180
607817118 611692527 608548756 644854171
167685166 171264612 169817592 781439627
606731959 609553342 607127594 428926453
778781344 780744035 778789038 933483045
761650715 763524910 763366407 766748111
236334593 237599909 236806166 900462753
825343951 829808016 826391477 933077464
396399524 397268965 397014327 784520650
600447878 607147989 603608230 603011611
63243349 68055815 67923447 829710528
932572921 932641144 932590161 560955691
669983401 673501289 670965552 585960523
62156047 71287162 67477477 868348883
246990736 247121825 247026697 737958804
594925259 605790287 599514197 939598393
583848861 600164851 587115486 875465008
818899688 819571618 819082604 574989875
766438201 770827410 766441458 685191214
698591553 713626864 711174223 610934815
671671649 676829889 675580314 718025013
421084643 421639571 421325670 960927026
545370385 548602508 546216778 541378878
259559315 260154847 259756618 560613345
577154137 588055345 577155725 672943868
50740042 54438447 52665584 650397790
573340938 577195751 573971240 405068377
61691497 62096487 61942967 980216680
857888883 864269779 863375574 820644884
570984100 575613238 571432265 981762708
967162667 969195244 968737633 458178924
716333843 717023651 716734713 464426315
714533122 716916434 715317062 585424890
61695381 61995336 61756667 988220764
47729709 50735397 48870727 561763745
264966268 268713427 268103122 770124692
837830583 841039853 838385050 852325716
403120415 404387277 403778900 929557484
570628158 572961618 570857485 473506733
818749282 820682969 819675010 479858664
975696615 980800646 980202752 520819955
361960706 372929748 368024394 947567602
281586118 284314506 283186503 668439310
446165713 447185215 446506622 434005663
565622357 570888475 566670833 735628193
607263617 611533656 610649913 736206941
729627699 731374936 730752472 642869818
206091817 211471400 208728506 758512335
570571268 570927714 570608048 543426385
651910928 652288703 652105173 923414699
562929213 570362496 564249708 527418243
729575362 731419039 731200902 671412016
721121775 721191522 721184723 769352491
195301181 202590711 196329793 763644042
557014230 564456726 560218024 587117286
555551505 561590529 555849376 524522329
268788330 272304928 270776215 860209190
551044648 556627159 551111937 730498097
235730902 238756496 237219299 974388352
546905874 551179724 548621644 479463852
627619977 629290001 627936005 693396853
573144515 576039336 574161324 685472762
617171301 623923427 620494118 977339646
252295572 253896809 252462910 658400231
543369796 549591595 545119318 771965070
234177973 236437473 236029095 598861608
463057453 464141494 464119777 575238035
540235879 545384940 542847972 863881723
721575060 726875203 721829025 601352907
246966117 247354093 247317057 749039601
203037187 204338660 203956446 492572941
535930537 543145422 536416191 952038894
131942552 140342396 133751370 526145417
594311349 604772426 604317228 800668707
403179304 407404089 407235358 852204764
13118372 21591325 17369391 608331020
719905925 721123876 719938518 864619781
788292416 789509579 788916206 699502547
615751384 618889707 618159550 824478503
337972468 350880139 348772198 557198210
391280754 395717084 395560966 726861551
535229989 536961803 535237333 640661296
949195026 950691663 949588130 702557348
144824344 148440349 146944893 518925936
315154484 321012584 318019663 551172412
643898770 644869787 644035143 659382041
733026012 734722449 733905267 991012727
256536986 257571937 257537637 983959016
534782428 535436260 534871808 745834264
684656654 685629866 685226168 571221158
206370603 211791222 207205421 646100038
686803007 689936650 687596445 718625649
247165596 249133981 248510579 459046194
982572179 983463410 983306540 820549793
301426597 305092894 301562476 939268355
834518004 839853500 838608155 471409189
285371131 295268612 293778046 913240372
730392680 732263156 730806516 695318469
358924778 362043156 359050714 851853527
530340410 535095809 530855479 997779040
525348553 533623226 525576226 907129664
186705471 194358296 187623975 521690586
766318781 769806597 769162705 537271062
517366012 526374745 517629091 705582765
206949510 212168890 211697891 596421413
507908635 517636568 508563876 582789081
506550264 517286646 507771485 828821658
84178440 100961321 98170724 635352820
503081552 507820165 503389802 685613667
658750848 663962846 659462338 595059319
949068572 951110673 949291835 708379420
234419779 236958088 235044218 772465203
495931701 505202660 500014049 651114823
372620639 374401990 373954862 616251555
616263082 618816518 616318285 614555598
61643312 61972606 61818706 998997191
493348834 502722672 493958085 600959664
932474965 933344740 932611564 736510542
234135655 235780050 234292277 880443672
30802165 36850262 30940664 924237781
787812602 790083948 788335511 585396425
488253959 494070378 492038416 699098316
261891490 262864328 262714685 831852918
477702725 493118057 478193580 448235728
941309617 944079491 941366083 776052149
465301585 487305784 466161022 583121525
873363437 874441535 874117731 431451652
21223174 26291877 24026688 400241366
772073051 781117878 776691037 455274744
331926828 333444315 332376398 542630167
313599069 315885234 314269214 790677283
565723598 570541275 568835994 963709891
486427418 490201097 487185216 422824064
332216530 332647916 332297800 601294710
647060614 648127352 647950231 617669883
463008933 466469264 463208145 939011841
298710138 303534312 300354046 539332682
951562861 957244806 951859170 683459438
462453838 463396232 462516395 705426616
449119470 462608126 459937441 818813047
186543405 189731132 189020040 898455692
628213469 629354001 628921544 560429808
931015803 932601424 931541722 732123473
326948269 329166243 327953772 600579087
609508790 611042559 610078297 787654473
873986940 876749682 874724728 578472673
319925498 323500013 323453093 630800997
126222979 140340724 133555945 883101780
534474850 535374593 535077979 590932029
323733110 325131029 325045739 739677542
948973350 949471372 949412813 857249038
310317829 312966724 311510317 537208708
447055186 462165432 447633998 438377673
446353580 448817821 446399069 770462342
462977801 465269392 464505301 999495737
444395066 446411013 445463529 652856249
890894661 901918536 900357015 583121864
603576405 606645163 605128408 414818682
105909760 108746147 106821582 998564497
818787732 819483598 818844302 594991652
46818052 47676939 46897524 489702450
723436425 728463031 724083714 569800195
434988096 445645649 435781049 839985590
390497892 395281802 394153367 724293676
427916438 441019218 429445179 535878727
424571422 433576777 424852710 439666402
8086709 20291837 19908337 941758168
604184693 607143712 604327949 811169963
608607157 611023507 610271575 947183776
572571374 573709870 573382138 919116166
421524672 427129564 421900130 601397085
420082297 422320793 420295739 624521111
313200941 315943603 315037248 919843160
412644649 421312361 413194430 561949391
686869894 688819604 688300789 806135833
579448710 598003695 588578462 806698979
405720831 418981046 406249094 423897781
322203764 323178758 322796209 760408226
671994850 672428923 672211332 423096998
982135371 983812515 982611874 480360863
46857063 50168793 48296450 926408775
403639240 408118462 403697324 792173325
636512082 643438984 641802875 547711268
402036746 403923384 402159949 466643485
674581733 677732042 677465799 749292950
270297952 281841947 274281743 420954223
967008177 969883284 968435830 773312513
110787422 112147948 112071380 476831282
397207925 402536654 399394826 657135621
186641355 189644191 187101125 613738930
394518369 400070387 394553050 852104558
203916213 204263091 204031542 966815030
390400567 396482606 390527794 766154306
447929321 455517580 449291961 442528858
308533888 309965517 309904035 523442957
872886363 873449310 873296447 531554031
51821762 54325066 51973299 646926922
858771160 865400925 861781615 850889738
381557591 391663891 386408646 745225743
186843996 188699023 188352407 741287661
377327793 389724991 378294802 844780180
44489700 47260859 44838782 504438729
374077046 381269002 374744871 416714081
543186100 546541867 544220305 823906367
323783288 325572444 324279141 972989694
402307966 403291008 402970515 735369428
259551741 261659809 259585245 472198005
390582824 396327465 395678935 763166701
930272735 932397911 931493434 954948249
30630844 32231774 32170068 511231536
372685842 376407627 372964998 942535464
362690976 372967344 364789303 935578853
798750941 814959735 811321884 933622141
677936060 678475082 678051629 710952761
356562829 372449593 358533484 514674524
310948609 313464324 312593802 528883337
247191921 248280352 247935653 601465766
356186160 359864940 356204433 558185144
397682454 401795780 398182336 708447079
351855581 356462290 355005132 532006328
350502083 355485652 350525929 820649868
116969286 122254934 118755321 479973269
340346378 351434787 342222674 735606490
204601247 206512695 204992179 637707386
335979728 342368162 336364397 767977187
629029030 632344580 629385853 872511970
333670559 336519676 335179102 438035484
873686711 877791791 876219007 829055715
615432088 616730126 616016106 924134279
331914210 335560107 332164240 462418090
893590167 902765498 900448720 531197165
54444572 57563329 54980788 802687888
966486799 966881291 966808947 890507784
328028737 332217269 331646073 424598741
951718122 957290224 955926428 647423744
326989478 331897669 327467588 990436235
762743689 766040679 763680256 593188160
564980899 570742513 570539823 842561899
325450840 327584531 325620268 456058948
920841811 923304352 921124070 663792510
323702753 326728876 323732872 634815207
262881036 264671801 263749015 583538300
230596620 231942326 231579420 721010564
47145804 49497045 47301770 921536840
117340704 123733825 118774747 989903294
193412347 195343142 194574520 620924477
496966699 502907695 502353663 789079729
787322555 788341507 788069973 520761423
323303450 323788780 323361778 846894928
735377687 742061238 735507102 663107632
81695262 82704241 82122985 857945449
841071454 843963326 843251374 563096414
646993220 647535287 647145827 787793598
759288774 761660457 760810423 526333965
320178436 323670650 321280622 562020588
845855130 852196699 851897780 866505501
645334653 646603453 646181298 983727052
185972841 186540628 186035418 606130107
51692904 54665804 54252871 713854654
643882138 645159870 644324438 950436896
314884445 322982081 316100186 652165132
680963972 682805583 681622015 680217145
337755509 346490001 344233504 414945230
677020992 677213658 677144881 596789838
313666215 316527703 313899160 811298213
420106361 421977539 420407589 788638215
310804767 314598012 312388612 889671943
405442431 417338059 416240037 780872842
907271745 910366326 908343400 562794449
305435381 312627057 305900510 761544702
150537248 152898823 151072259 761524773
300738555 309190864 303724076 774390522
933351720 939431884 935718582 736751959
982590392 983543960 982824527 835259372
300456675 303806656 300554737 883122144
335086975 335753439 335242874 692069235
335826865 338290778 337495394 685776331
288059422 300554954 295550730 592275765
76642987 78346162 77903679 734313776
713753303 716505278 716061917 569500120
285198007 297774183 285319195 623807032
981679302 982017661 981995983 519901849
679287297 681588218 681210283 631456523
528816167 534956608 530388033 612777460
284124757 285508148 284309263 835657691
254656015 258780760 256494610 808273390
422565847 430211281 427248164 497871098
573170693 575918047 573720941 493639489
989377023 997486060 992389806 623217720
718663324 721122443 719719762 575251361
78981654 82700701 82355978 481725588
267916079 268851417 268166112 894827002
945796338 946221007 946046282 972106030
282399424 284890300 282969823 526968302
271668410 283005861 277334870 811745049
268308625 281195186 268865356 920326512
677526706 677820747 677774108 510351143
121080551 129148296 122651066 850874256
264145357 269093022 266123154 455985807
756247612 758320713 757560688 602731629
874501025 877354153 875283447 421973068
544486307 549559199 547346539 542156733
263718762 268039051 263955867 777950644
52463428 53934002 52560027 415645124
262254423 264035420 262281160 743241692
252277382 255180050 253428279 947827177
606044456 607996274 606519786 427552030
260682434 262647385 260993919 956645849
790168391 806404120 802118031 459884384
259416041 261716244 259788176 473088931
502247132 503383169 502496781 647891697
878480688 880051193 878880494 751961845
44877912 47387442 45124284 414489334
890055033 894356604 893503448 740773782
672681396 677535820 676105853 498233900
717738942 718665455 717841727 721853817
683244231 684947473 684370320 913944233
257636068 260143210 257900800 418958629
446620904 457971400 457653476 544577190
874014770 875217107 874513393 430977807
252902725 259367313 255378220 740796807
756140020 756703973 756553971 765524783
251471406 256940709 252622230 712728256
966014432 967156145 966765017 557810598
250086520 252735952 250383777 806379547
575961831 579472353 577416106 697965081
248319062 250733780 248973185 460263712
247319780 250024830 247354136 799417900
541011439 545068883 541293400 974097438
444961086 445723452 445341411 751633873
874014926 877402444 875192311 723205857
573949348 576581966 574789655 783155010
838851231 841489143 839011159 973670786
510998286 517463569 515732304 665020406
246983914 247355133 247003116 775090023
684891708 685759123 685004147 772789468
241324498 247012870 245936493 675903575
491027770 493729728 491154637 493432126
235343958 246952671 236319524 406298525
206299670 210767451 210579684 790599839
346347131 355084963 351098939 990330006
134491687 141492195 135497976 955870200
232887282 237040597 233750475 894484709
874588442 876109264 875282280 871616744
787425492 787631443 787487373 978727304
117829902 123405134 117956568 908405848
299306585 303305162 303042928 857364188
232676233 234466637 232830399 890831604
573788855 576166842 575014836 950744939
230795386 232869267 230850449 504202990
281986802 284728159 284419123 597575569
429141243 434848731 431469805 990082215
204186777 206655649 205253441 630681222
781855524 782858066 782274998 531917018
230874039 231461891 230907092 409948292
229440632 230949776 229539567 668343787
685423157 686816073 685586419 962450256
186342311 186755563 186456718 977651911
985604685 986174556 986082208 643533033
785982378 787204577 786782040 699793192
228778604 230315131 228950557 658294270
721130876 721472080 721183276 492312733
858910445 866783229 864545992 936357054
224152230 229144454 224245300 660742564
259070301 260028442 259979104 727144402
878452191 879986617 878801293 886157983
101851614 107427021 104385300 860638206
218989943 226943353 221685101 824551775
250510910 251603884 251582085 867838580
213721652 222269589 214562909 457517570
949780280 949808020 949796244 984137300
682908973 683233903 682931383 514378150
944193167 945970025 945806124 811502894
904147404 906580591 906228305 768526720
52463790 54784137 54189437 638523920
211553465 218351176 211803836 852639776
205813701 212603690 208064255 621464256
487211131 491092243 487494514 507050442
683240255 684278427 684164920 653114843
204362498 210085611 204408347 856709813
184712254 186524625 184825794 948338063
881083019 882894385 882476427 953527195
203891081 204725341 203982970 599931081
231438376 233126127 232439167 460493193
558433112 562538259 559915141 770008476
198354942 204117751 200287902 654032873
609312729 611166135 609821390 773903734
685159304 686558058 685357758 741070319
958607694 962852147 959056106 763369659
643367682 645027612 645015462 983286420
846200192 848775414 848006733 553602974
688314039 691321427 689535302 469640700
192032804 202160664 192974061 617497943
763621588 766231875 764476503 753122303
186877444 194843518 187072203 903705599
589724547 604186307 601574676 906544340
164910881 166689707 164953777 579435139
279973209 282944449 282829532 978463462
734012894 735260719 734984003 935863958
185847771 187178056 186303717 686615805
462208294 462799757 462608525 975172858
607048884 607553033 607135954 823559906
654229710 655386545 654830633 679903397
614483264 614976086 614500346 753054375
184520938 186451235 184523171 799893227
673452910 677595448 675206809 925107524
143779191 148401710 145831768 974871247
110071401 110732080 110524690 526605304
443722743 445970002 445104768 404676622
995642132 998381184 996093451 595420188
171706037 184589982 174246993 563645254
47975610 52062459 48633889 487024012
714098315 716469471 716005882 418287769
268027481 268489189 268051665 612868679
834907288 837152854 835564607 834837639
570604199 571518594 570950562 584765580
643475177 644995042 644250856 778866977
168264066 181674087 168295110 676500314
717258054 719904754 717823617 656072811
166745258 168650429 166986051 759839253
31071176 31412569 31384923 961300110
164958096 167374399 165658027 990561635
155955861 165737462 156006437 436415954
960301384 964110742 963628209 429176293
280692579 283003789 282464217 552929443
836081918 841544404 838378429 948856346
385469332 390722299 390588491 926389336
149194649 164898015 150363886 423752385
48609498 53787295 49546032 979385498
147222412 151268663 147522214 636196357
608037866 611402568 610958597 594351900
131233010 141025044 140932083 664999290
73007007 77532807 74603053 444107300
561614242 564734261 564187013 439987001
110000487 111707910 111704255 412373840
145967844 148489904 146099994 915976283
652225592 652291025 652290302 428543013
141941461 146522848 141955783 455329660
576883170 579827947 579101982 779719417
625595265 626139050 625717527 880539870
732912541 735014400 734872571 937425127
141758184 142046345 141762259 481413625
186572204 189300422 187710201 730365782
138028656 141822552 139518728 728713895
106186482 108406492 106853395 993036264
947433256 949159165 947599402 966321474
649797287 652196926 650825001 449293988
834335595 837103535 835607911 718956586
133035128 141456687 133552469 952575089
546534284 549613038 549373980 984185434
16546209 22009364 18711794 558854287
122660701 133852328 124471478 589953285
787902727 789427177 789021616 825139030
875434027 878182133 877822883 926664040
753715090 756034497 755629025 906721054
110052210 110987210 110810920 470788263
923327133 925657314 924324137 481052680
116958655 124958919 117538827 884036771
427255761 440854116 429351809 777285621
403488169 404922473 404503604 842836356
630229410 640682740 632628580 650706028
115647795 117850961 115845757 966390815
716649021 718388153 717151059 820494132
757709906 758779803 758432173 445166688
210874839 216769120 214972629 681803065
112171579 115864958 112978975 965432441
788178317 789683824 788874891 601234191
932163186 932339754 932326006 589194085
673257023 677414818 674682225 446497524
111343808 115128667 111646799 495285443
510548254 517464711 514422497 648984147
493893698 501575707 494123362 680741067
30826913 32639029 31595047 572838643
540225169 544907081 543928514 498897668
285106558 294536279 288900618 590612720
383843686 390506079 388630074 677990958
109069460 111828050 109785555 688045585
105695412 110494363 107338793 573621778
986074304 987502059 986968668 469941977
206270805 212010937 209970450 695288365
561742941 568720928 563998721 528596199
211295731 218229999 215799388 869230962
951100026 953705592 953207323 970873359
117361211 120541729 118655851 606187208
677871592 680463186 677931620 576681978
168020285 170841731 170474398 905985902
550038268 551668492 551664965 781137499
299708292 303038362 302811465 904215601
941326836 944128415 943207253 904038318
962446928 964725731 963845066 864567628
93795205 107970694 101658374 437349988
316188589 319218373 317461764 780320991
83739710 104994831 86393467 579935587
434987946 444685961 441009750 998088977
82697188 89093219 82698559 662253656
506430213 508921634 507855225 435842782
24520009 28518506 25383778 823523080
639935360 643486705 640134648 487787815
80207409 82701073 82028993 556396162
81721924 82704891 82047654 430616222
938557733 941367082 940567833 682777260
62066294 63489720 62224326 970412251
213342786 219486662 215583956 925803483
666575924 671928585 670064528 990324873
982887987 983582090 983026441 715039786
818790959 820319646 819494991 647333422
78717980 82685067 78773670 657919392
77682857 78800983 78331167 526937695
233946772 234849086 234168172 956662824
59212846 61628508 59359309 413369261
77390586 78486098 77421213 499895288
535776636 542736203 540971579 713597137
376450874 385601910 376664716 848727328
646993318 648105243 647006234 544692799
82692485 86963920 82872948 446456679
67615285 77438133 68952210 514630525
325692192 327422994 325759195 783861433
64679101 71445657 65782548 909616947
645664911 647315020 645679812 867250776
511851651 517492479 513501469 806905366
61887171 66534620 61917940 908558822
106566492 108932424 108633347 658770623
645713352 647022415 646971035 600278517
145919128 147183452 146369785 825475488
274624153 281941643 280051456 741868327
305009705 310425313 309873431 559921135
61682202 62114502 61695557 657980255
59495637 61695920 61452533 614120515
54024905 61588332 54285750 974927892
50948784 54871086 53800181 432205204
682597838 683222947 682898140 437419121
49162739 53907923 50221283 517703944
186574430 192996778 192397747 617348839
46903517 50678643 47169103 802172483
305220881 311092844 310522539 786919501
260600427 261817152 261045098 630422103
550403909 554614483 551576390 458483172
229817023 230845454 230090936 635353277
44277950 47510274 44803801 731832494
670195921 673190053 670531789 600398536
42282744 46769241 42344972 416936716
542496757 545241751 543595745 920478863
36549006 42431516 36632520 639256497
30609198 36869877 30696178 801616324
519188475 533147399 528991302 954175220
372613880 376366866 375866791 708275876
323208934 323687986 323412251 488874918
574790397 576421383 576192368 425541627
495463051 503349002 500719843 749541059
245877971 246996532 246391722 639273249
462562930 462687666 462594485 882137325
507265805 512086512 509992377 981291683
958548022 961048752 960471205 639679642
852051770 854686231 854046626 716980280
151503556 165449606 160993076 543393008
689857578 694810877 691106419 659585259
425661447 432433938 430906398 501771086
790056678 794360631 793710949 989045078
29198699 31279889 29500406 597922825
141870629 144638317 143366946 699216977
615509902 622541922 620859534 986764829
28226770 30492489 28618961 750792770
260428551 262373665 261161406 595912226
26850252 28669912 26860911 509228704
853511583 854462130 854446446 804939051
21747083 27293504 21758469 730108957
11596136 22767468 15663626 621528857
26390010 28614555 26485888 632503427
839115275 841565931 839353859 550153320
48883302 51948034 50803223 910795097
7545396 21087777 8386356 618986883
232912679 236413287 236057294 891086877
1 9404802 4148378 654349814
171652703 182919795 173474903 493819541
46894621 49657786 48924717 457361377
