200 1000000
1 3139 1 187034290
38655 217105 86974 791037491
1 285967 105036 613827891
177430 285967 177430 792681571
3140 1000000 500811 358386725
221507 803738 221507 939056940
1 688066 405996 446124094
1 500810 395860 137869906
33271 395859 177430 319263097
1 243653 86974 866970394
179636 1000000 405996 164457012
86974 397861 168836 901301136
221507 811852 411882 851715454
802634 863417 802634 315514128
177430 395859 320610 616347830
395860 641415 397862 558963894
168836 688066 438122 329852929
221507 918705 243654 159761801
105036 312926 221507 692441727
1 224754 168836 371904535
33271 405995 105036 219315898
639663 811852 639663 284613249
224755 438121 397862 528509530
168836 221506 179636 530601581
86974 312926 179636 169188995
33271 641415 33271 468495976
221507 1000000 864894 572414295
3140 997734 38655 459843218
3140 438121 3140 403908322
86974 863417 224755 130021716
1 312926 3140 553547422
285968 500810 285968 955440557
411882 1000000 803739 231360781
405996 409782 405996 261800460
1 621924 38655 435765054
298443 639662 395860 383834159
397862 411881 397862 285118022
877925 1000000 997735 858098627
3140 285967 168836 755671343
105036 784332 224755 626798859
749676 864893 802634 115211847
217106 409782 298443 123863998
179636 409782 285968 666312769
500811 1000000 621925 389338796
320610 688066 405996 568439511
38655 815744 105036 160529431
405996 802633 405996 613607056
168836 997734 221507 835659774
500811 802633 641416 870000759
285968 639662 397862 397632384
395860 405995 395860 837374442
500811 688066 641416 241698977
177430 285967 177430 695539994
405996 1000000 811853 914915556
221507 320609 224755 381394928
803739 997734 815745 513022874
639663 803738 746653 926389272
815745 1000000 863418 959645733
438122 997734 784333 397628434
38655 320609 243654 584493113
217106 1000000 863418 739439939
641416 784332 641416 936196709
105036 179635 105036 213052114
688067 803738 802634 570007088
3140 784332 130904 936266647
1 405995 224755 896500362
1 864893 438122 183906889
811853 1000000 811853 805417453
130904 997734 395860 853259055
621925 1000000 639663 362749918
224755 784332 320610 953122561
621925 864893 811853 793200547
395860 815744 688067 274733567
409783 864893 863418 445814557
179636 863417 397862 254742267
3140 130903 3140 861449520
1 802633 749676 671062621
130904 298442 168836 875508998
221507 621924 405996 883887421
168836 688066 395860 995665148
863418 1000000 863418 152194379
1 997734 864894 491282198
221507 803738 621925 870153289
395860 405995 397862 183733585
320610 438121 405996 970639033
1 224754 168836 735538113
1 811852 243654 302181210
312927 1000000 312927 589177591
405996 997734 863418 238652439
217106 438121 397862 434903538
217106 395859 217106 456882625
38655 130903 38655 440598405
639663 803738 802634 216091438
86974 409782 179636 343595053
3140 177429 38655 639982649
224755 411881 224755 348164814
221507 746652 688067 719671924
38655 815744 86974 766333212
405996 746652 411882 794623449
243654 312926 243654 390889129
1 320609 86974 213621362
221507 409782 397862 338643197
405996 688066 621925 609323012
1 38654 33271 878358625
86974 877924 105036 158194089
1 3139 1 273924671
749676 877924 815745 132011476
224755 621924 320610 609548531
130904 285967 130904 688239231
221507 409782 312927 381339817
168836 918705 243654 590410328
221507 438121 243654 473854331
395860 405995 395860 413838732
395860 621924 409783 899847348
621925 749675 639663 962030568
38655 784332 641416 583715620
1 312926 3140 514004301
3140 639662 86974 136340881
130904 411881 130904 524008163
38655 411881 86974 271027592
130904 438121 298443 864489015
438122 1000000 864894 148526633
243654 784332 397862 847069839
177430 997734 285968 697362432
1 168835 86974 262037286
397862 815744 811853 297214882
38655 221506 177430 151850112
397862 639662 397862 129672009
130904 864893 312927 536147451
1 320609 105036 148691513
130904 320609 168836 793992908
405996 639662 409783 389355688
224755 802633 639663 560774043
285968 405995 312927 942821769
1 221506 168836 586663712
405996 1000000 641416 774979095
38655 298442 217106 106871708
243654 621924 312927 436287837
86974 500810 217106 193740576
224755 641415 285968 649030714
397862 621924 438122 317297702
320610 621924 320610 717769274
217106 621924 298443 975894643
224755 802633 409783 348818006
179636 918705 397862 885440016
177430 802633 177430 718755964
1 177429 168836 245861744
1 86973 33271 852579842
784333 1000000 784333 886012428
405996 1000000 405996 504515085
746653 749675 746653 980324353
86974 749675 621925 141787710
224755 285967 224755 810280758
33271 784332 33271 985994166
86974 639662 217106 536496658
1 639662 38655 986952284
1 749675 320610 482994857
285968 918705 500811 993104860
3140 500810 86974 730211661
1 168835 38655 214931479
621925 863417 811853 400955841
179636 639662 243654 329344956
784333 863417 803739 387314003
3140 500810 38655 538607512
1 3139 1 868874096
130904 438121 177430 969973296
312927 641415 397862 725157295
243654 749675 411882 153926895
221507 1000000 688067 355963602
1 397861 1 626153097
86974 811852 621925 546275279
168836 320609 217106 901538148
168836 1000000 811853 390120970
1 802633 168836 457450806
500811 863417 815745 120067057
217106 221506 217106 405021202
639663 784332 749676 332346409
221507 1000000 438122 429264190
863418 1000000 864894 373269549
1 749675 1 283741209
1 179635 177430 258488330
33271 815744 639663 671058492
221507 864893 639663 276555934
749676 997734 864894 306104391
224755 811852 224755 992358927
38655 864893 641416 661915480
1 298442 86974 253060082
33271 688066 320610 964414627
298443 784332 641416 540879659
411882 621924 411882 467865072
86974 409782 298443 399160976
1 500810 397862 899731375
320610 411881 397862 275789311
1 500810 438122 358749274
168836 438121 397862 553212190
1 38654 3140 222679846
411882 746652 639663 129581521
86974 411881 312927 556000704
1 179635 38655 434804588
320610 784332 688067 825169230
