200 10000000
1413767 3890078 2872772 360853781
12286 3468596 1287338 344031069
5853222 7443402 6156230 286938789
764540 9489736 8661451 379179012
215930 2876094 2739416 244732246
480692 6222273 3468597 257729805
1 3134071 215930 270963085
3868837 5786270 4317594 332876806
2842522 3360283 3207045 387657572
8661451 9427067 9171565 326477368
5094811 5671018 5261090 281364583
4373852 4999239 4373852 377937120
8053810 9886353 8053810 210759847
1413767 6156229 5261090 345812030
2876095 8786186 3134072 301741235
1337621 8786186 5671019 392342832
1337621 5671018 3096321 310097765
354710 4593732 1590905 271656568
7443403 9049172 8754224 289943011
3546117 6522653 5061034 394065414
2655436 8979879 7072211 242081336
31464 2876094 2265444 316087814
4317594 9036157 6276598 379108212
3468597 4373851 4036121 377914289
1 1287337 771555 236901826
31464 2265443 481697 359154580
3970291 5853221 4251436 244201664
481697 5061033 3968810 333443879
31464 9900919 7825540 328771362
2842522 9622547 9104668 272931156
8293612 9886353 8754224 358708046
1 7072210 5016567 291256891
1894156 8488354 4245217 377502097
2872772 3890078 3868837 272536275
5125498 6276597 5493692 397217119
1 845876 771555 225990217
550257 9961982 8786187 317288117
2872772 8488354 8052333 344228290
1678357 2265443 1678357 260012064
770156 8979879 4036121 394984818
770156 5799877 1678357 221961443
5493692 9104667 5781150 321212660
764676 10000000 4593733 230134846
3788159 9501588 8979880 240615891
1027826 8661450 4915771 377922081
845877 7686096 5016567 337829275
2197252 5016566 2655436 266688994
1413767 5799877 3788159 334472203
3773529 5671018 4746236 300838918
764540 10000000 8705790 386563313
480692 9049172 764540 280710137
4915771 9584521 7443403 253920400
353470 1413766 1287338 398615341
2872772 6877365 6471280 255161085
4746236 6877365 4915771 211445793
6301289 9049172 8781905 349732738
1337621 8661450 8253681 253431243
764540 9427067 8578267 307365588
4746236 6222273 5125498 275911402
1590905 8488354 2872772 270792052
1 1894155 771555 309382695
1287338 10000000 9886354 237344893
2512426 10000000 4245217 294947077
6522654 9358942 7465434 309234589
826308 5671018 1413767 319255822
3546117 7465433 3788159 362785864
2317418 7954299 3096321 311716869
807349 8293611 1724300 288624375
481697 5799877 2655436 374721213
7533388 7825539 7820665 215862417
9698861 10000000 9698861 308367658
1 7590302 3468597 362571404
7686097 8253680 8053810 285189551
7954300 9489736 8182031 279043614
4251436 9886353 6705429 268448591
480692 8490450 764540 297761947
4245217 9886353 5061034 329246932
2317418 8786186 3207045 221011804
31464 8053809 5094811 237886605
8488355 8705789 8661451 324306080
353470 764539 480692 261251238
2060302 2739415 2512426 246026994
2265444 9358942 6877366 250116254
4999240 5493691 5261090 329887829
770156 807348 771555 369060053
3096321 9961982 8754224 266456169
6877366 10000000 8754224 372312061
2060302 7825539 7072211 288781361
8053810 9852149 9104668 233525800
3207045 9171564 4036121 340444876
2655436 9501588 4915771 337267970
2876095 5016566 3970291 316489366
1309012 10000000 3207045 221039205
1 1724299 946714 337979536
770156 1287337 807349 375478423
3134072 3788158 3773529 302132479
807349 7825539 2197252 230143647
771555 1894155 1309012 328109244
4317594 7465433 5016567 321070892
1330921 6705428 4373852 307261359
3096321 7954299 4245217 200343029
12286 8786186 2197252 252761303
5786271 8661450 8293612 350589274
8293612 9171564 8754224 254950761
6276598 8578266 7443403 223660192
2655436 3096320 2655436 280794258
5781150 9049172 8705790 299492054
2872772 8781904 4746236 280442281
4373852 9961982 8053810 376175869
4999240 9852149 8490451 280091326
4915771 9427067 7533388 239519096
3970291 10000000 4245217 373156237
1309012 10000000 1590905 398499367
5853222 9427067 8979880 322505287
5261090 8053809 6222274 395980305
1413767 9622547 2512426 263436470
9358943 9698860 9427068 360880735
6471280 7443402 6877366 314427115
9171565 10000000 9501589 206026448
4251436 4373851 4317594 245393598
6564696 7443402 6705429 363202950
5261090 8293611 7533388 246858750
2512426 8490450 8488355 368325519
215930 2060301 354710 331820173
2872772 5261089 4593733 239469861
7820665 9049172 8754224 311247918
8020516 8490450 8293612 360438992
2739416 5061033 4245217 221719992
1894156 9489736 7825540 382658901
2265444 8136450 6156230 206926737
550257 1287337 826308 338118564
7820665 8661450 8020516 200975672
1287338 10000000 5799878 302411288
807349 1894155 1590905 309371177
1 8020515 3360284 359411661
1027826 3468596 2872772 233083566
1287338 8136450 1330921 329738390
2739416 6156229 2876095 361213523
2265444 6276597 4373852 366567053
4746236 9489736 5061034 220670580
215930 8136450 480692 279956743
1081303 5781149 5016567 396451162
2872772 8488354 8020516 279691710
9036158 9427067 9171565 364076323
946714 1287337 1027826 303308408
31464 5493691 4036121 346598535
3970291 8661450 8253681 201650811
8020516 8182030 8136451 379640554
764540 5799877 826308 390668596
353470 8979879 6156230 394220934
2655436 3546116 3134072 270270629
1330921 8979879 7072211 374541571
6294064 8182030 6564696 285269253
6301289 8253680 6877366 235623631
1678357 6705428 2739416 353387773
9698861 9900919 9698861 204005098
5853222 8293611 7590303 214338178
9489737 9698860 9489737 338385481
807349 1724299 1590905 348324220
4245217 4251435 4245217 293893152
1 2876094 354710 277723802
4036121 5493691 4915771 216171415
3468597 9961982 6471280 216997652
1 3968809 2655436 314603677
7686097 8052332 7825540 241187018
946714 1590904 1413767 235354370
1 2197251 826308 344735175
8781905 9886353 9036158 279084406
6705429 9104667 7820665 311735111
771555 7465433 4593733 382732556
3773529 9698860 6471280 307323359
4373852 9584521 6564696 263888003
8786187 9104667 8786187 231261679
480692 9501588 1894156 347331536
1 4251435 845877 293132410
3788159 4999239 3868837 346743049
5786271 8293611 6294064 233972093
12286 9049172 2265444 270511128
771555 3970290 2512426 290875811
8136451 8781904 8488355 387860801
6301289 9358942 6301289 370472824
1081303 7686096 3096321 352839197
2739416 9036157 7465434 280731834
2842522 4036120 3546117 289897267
1337621 5493691 4999240 357006046
1 7443402 5125498 245484494
2739416 9698860 3360284 368194091
353470 1337620 845877 210316125
3096321 9584521 6156230 397553891
1 4373851 1 338278733
2197252 7072210 6156230 283812114
946714 6564695 6156230 281971201
4373852 9852149 7465434 372474219
9119355 9489736 9427068 249791301
1590905 7825539 6294064 315837345
3890079 8786186 5061034 238639569
480692 4746235 2317418 389053422
764676 2197251 807349 309176482
4915771 7072210 5094811 396383966
1 826307 12286 315274998
