200 500000000
488615762 500000000 490025136 838816205
113842282 122253947 117334373 402867928
565689 1527093 762981 2293340
226490616 240375350 230410852 312885240
479291565 491095376 479491538 405054626
469449641 481080823 469689786 47827577
281973611 291793400 286362117 120906507
28376503 34123136 30569495 775263527
466746691 470105168 466970711 722839008
406566805 411851751 408911351 44484213
274534963 275328812 274822505 701867911
466427706 467430793 466431646 202255926
461217413 466432959 465799195 442587703
432684573 466420717 433157663 669651869
124341163 139576577 130567036 93087674
428199887 434187734 432192510 943898576
219769741 228075917 222975854 358012522
48336949 49027984 48520640 637381431
421992376 432511391 422209660 79584725
204252781 213122215 208113213 267721928
264379493 268212931 265945957 870505679
264286139 265186490 264723493 158753365
417177252 422260620 418559350 885103056
56244829 57213143 56825681 838297606
113642683 118989552 118916571 594223454
41547516 48367963 44380706 569392119
373336972 375497673 374416012 304318804
306740241 334264989 327090759 313878516
151306578 156997347 155959083 612832314
408060146 418589869 410226534 185323334
407298169 413390185 407678700 54980428
412122983 417128124 413041932 783485629
398850381 407750279 400617469 392618423
393492373 406030418 393903414 909525195
24294028 25610975 24703766 117807757
484161863 498025480 486920400 202395725
278177287 290569475 282161890 148052530
141814551 145977506 144870683 449539610
170716766 181007650 172872311 420886823
388837011 394262716 392529791 742326672
404431492 406654711 406155104 92619884
383327090 393186697 383799686 475840094
275414219 290768930 280107614 308790908
376363206 385365578 376543495 582422000
394757297 406675110 396149487 325520384
373398617 376651717 373400434 86387341
367071075 373411216 372302267 72581486
2571668 12387511 5133941 206081984
345367570 373309646 345757253 696599385
340852040 348795332 345021025 737970605
339596837 345103040 339905539 941641709
268168610 273110077 272030473 30277241
408469677 417621224 408793437 593221357
339159240 339968178 339173545 823852773
338514051 339235234 338689811 62048571
113039062 122821315 115914545 400455229
306561355 338731159 316630335 293626691
291803470 325981099 293598381 391406755
191292732 198729740 194750095 343261788
57655676 59228094 57666582 570263936
179754583 182595759 180668112 986641432
213707138 216802855 216625227 635280767
282290804 295027690 286906292 933330374
52665578 54755045 52881160 74040697
165981931 170196100 166751086 555832508
275318357 288784981 275344977 135509960
414605957 421355491 419677275 78053706
274481155 275398035 274947738 841142388
405886221 406120855 406067093 946411403
145605306 148461306 148193455 749273928
21542965 26387153 25557507 527597500
146342358 148438236 146951488 663244729
51696695 56137921 53361547 326805301
269578548 271249915 271109614 154962883
194829969 204319255 199821358 525762570
210912375 217033547 212398844 421265129
271417080 275311435 273696869 105041589
58639047 70275141 63708928 860129664
268192941 273847229 269427320 858468371
267358637 270482593 267761270 940867254
57906733 64021448 58531953 490917703
406889968 412131692 410413817 825138696
43058848 48147764 43327471 174053253
140259126 141787532 140323350 242960843
264287377 267770184 264287484 882958405
184629919 191161738 191115233 338101144
253169380 264289155 259918777 163138114
202837917 203490307 203296030 3901826
245749196 264276332 250515320 114485294
259058831 264279657 260061652 306052643
240071463 251158314 240321401 636549300
237325248 240682419 239841951 264249959
221734929 239869767 223135202 210498179
394115719 405445817 394728178 517986599
385069915 391110433 386653020 794649419
291912011 319138520 309179551 300794097
217821946 223768276 218114023 556826536
190186161 198243306 192691866 836561943
40680198 44616961 41227728 540846417
308739 6488030 1339734 195501627
215278532 218891303 216810751 465407083
376617724 382686472 380439940 377785895
189243067 193835753 193378254 774079888
214257544 217708089 214287435 328436662
467205595 469764544 468120927 838671460
240190148 251087799 249658190 172478131
402718156 406586735 404640581 956819498
109637057 113653316 112105506 817629361
204763110 215192524 205934350 755750044
420968337 423443753 423058368 403743574
339197078 339797533 339777139 162376481
25968444 28766175 26022302 548663713
160626634 168092315 161026525 250601450
406518806 411515896 409471290 258171778
39609458 41056788 40758046 881237644
198856652 206638097 200909883 829622991
185815437 203077466 188531109 976593691
466900992 468245201 467052635 37332400
182182693 192251203 183992589 292265399
192094149 196558224 193618535 231727934
178578501 185070576 179002727 750051356
275388122 275661499 275599185 981298422
293115458 318921773 317512182 968498104
240163313 240758962 240640788 549307417
169833183 181815348 170419188 410164116
65902222 88817208 85445898 311867496
239934683 246517321 241398490 440025297
216056014 217885660 216620594 198210045
137045131 141952159 137308755 936470458
110278445 111986279 111502809 109654235
467339501 468286010 467879963 891194768
140713068 141949531 140940144 609081508
394108919 403061287 397638253 903414267
166864812 173123410 167232278 570670996
289208075 297405355 289354615 453048036
158638760 160938348 160791084 691747225
58208561 71147505 69270313 627499177
153318271 164022422 158762129 610705598
48523541 49954631 49482221 926707350
161506005 168635166 164230034 240992258
157169412 165886190 158454727 209814284
56389371 56865576 56792997 409071135
150679013 159170696 152422125 889014417
147863960 153193541 147877335 88852944
109372619 114387119 111016633 210523494
114361797 122824265 116934105 767188316
143378954 149322824 145522687 871627133
48452367 49912346 49013425 797900568
141795469 146731220 141878001 691812388
139996851 142006705 140762096 299064366
140167024 141824964 141060289 271286008
125996638 141669280 134525711 236727755
122362723 136402101 122374320 410021454
216056507 218234694 216414378 350512688
30239296 30618062 30373622 449783939
113471185 122890381 114226276 403518578
218205588 222453413 221277322 660986310
110200203 114640586 111199102 842602492
58671753 70566130 68714715 912269708
109269538 111564029 109281342 146867135
105226006 109309999 107328806 51813902
217868673 218979821 217924290 254467329
393644875 400844021 398143315 979650665
481292448 492519934 490013540 50363609
93757973 109064560 99695652 9116250
67160713 104170586 68653371 890740862
58254199 71474258 58734520 173062319
197462060 204797241 202831894 826848109
56616688 58882714 56973176 793927428
395481750 406137592 399035138 605490102
204884641 209022502 207668913 43614295
55081426 57522187 56474788 2441747
50778389 56581633 51568851 303817456
1994892 14459383 14434597 578804937
50177898 54556588 50194108 112400647
48645839 50279556 48954918 861243071
468536006 477402257 468691406 579929223
48103760 49122640 48182899 113363593
45343794 48440652 46225881 916652329
409306252 417657415 409442302 806428587
273981359 275364271 274076914 313994716
37692845 48032002 39485601 181568603
137398023 141965297 139472355 283721694
217938527 220171977 218943849 179352953
32853837 40909829 34795400 177033403
165415357 167630305 166227012 827293449
29119642 35553098 30024578 962306674
141865885 145636313 145536906 880661585
25526766 30278710 26219870 330320176
115438392 127475687 122462911 941576203
22675977 26534784 24651568 176779456
27154162 32760212 29293630 148096149
26347043 29912584 27806359 822202457
14845864 25374334 15721223 731452302
345941484 361612237 350053319 973835354
9661498 19770059 9941315 316385598
109220299 110547217 109504279 950897715
344621977 346662300 345879841 554863730
264281661 267752572 267628141 470488093
1 10077744 2464647 375912156
