200 1000000000
988640509 1000000000 990056834 115897654
980425193 992114507 981795568 580779357
971251979 986635505 973760122 659919818
960983751 974451612 961480760 641110258
959167275 961712100 959213667 509999627
957520931 959277614 958772971 68230265
419151660 421833380 419930479 77384376
949696474 959096593 952000120 724686575
942111831 953468323 942122626 330360710
942061627 942124539 942074589 659832155
931224154 942076683 932049809 411708268
920153021 933083702 920581607 134955419
913838156 921051839 915303173 144940567
721326125 739327797 731681023 619404724
910537631 915416206 910794326 266449152
906471413 911774070 906939341 565669782
898366729 907152812 898372914 183687975
897665824 898399347 897898299 163542646
896902772 898342495 897169954 792913716
895827007 897429650 895966849 861781833
895228929 895983539 895278402 490161612
885637723 895738881 887020874 808548926
882442120 894859188 882732707 349160804
872987020 883047059 874052771 785906431
867364740 876468544 867997459 820639468
9351375 21003645 17024886 131452892
864350867 868082681 864682339 834924790
862056765 865614156 862231627 160405838
858922302 862469003 860044846 525368879
852638256 861581597 853107750 35290398
851822845 854403532 852468815 487298519
851484379 852612113 851726651 138458979
851046117 851807437 851181838 320162823
845189798 851258559 847009432 295373235
661275935 673948217 668503032 164612686
836831551 849245137 836962525 382733387
834875859 837555318 835157203 344827456
820469085 836295262 820924082 474305998
805148224 829721215 806464978 397558851
795022274 806816269 795072587 698731274
793265200 795332275 793894660 58509328
790564268 794340769 790609247 206382507
856696376 862072136 859606393 868667169
782684237 792285483 783726203 515542092
779575326 786303550 779772059 530706044
775825391 779898870 776316159 161069853
763459358 776725162 766109467 654706278
535276117 540646884 539597653 526223779
759601901 775760809 760259675 106814476
751785128 760318743 753115893 608558873
741044517 757216859 741287155 697822813
723449347 741289607 724407083 464179362
707346000 735826504 713661037 313861747
704526101 720246509 705141400 366081572
702900068 705423832 702984022 786441370
626059667 633873378 628674274 806791536
693748065 703045986 701285969 513353613
687989497 701843464 688583647 508735373
681292335 688812290 683140382 299514877
678277015 683381349 679173006 696563843
672896821 679632722 676917330 854683448
664964931 677120647 665759907 315978000
653628232 666754211 656740960 125163075
651853073 660539044 652608772 439270176
283621926 288158663 283864518 635308546
649815066 653319622 649887169 228602562
640680070 650213928 640756496 834637641
628788776 640769713 632977079 807076750
623812549 639417438 623984545 106413551
622756967 626562793 623713494 194876547
617646256 623753876 618820745 500018531
533900953 540684276 536971551 35589186
614695239 619075053 615327232 669412151
612818410 615367606 613740190 286301293
609270264 614537242 611821366 745933082
604592213 612177166 606370951 208219231
600130356 608222829 600950293 670750646
593580070 601923371 593992481 420283521
589908183 594627667 590116655 461423651
593371543 598178314 596108437 553741977
587753505 590257182 589011193 811658059
584480629 589116986 587023749 864961725
581052341 587092436 582342487 798948376
577921850 584095674 578154179 825424346
576229472 578827208 576630574 277982691
844492507 851097877 849172575 178870382
565799040 576697479 572958877 780362373
561986198 573238680 562573460 554005043
554669522 565004930 555512198 457574660
550673325 555915428 553652343 419352074
536824718 554534103 542808211 501559019
444164546 445313874 444293771 629383407
527720924 543757547 530829810 412809499
526382057 536420075 526406886 574572056
522132200 527374114 522959559 461497852
520223177 526057504 520308960 506485497
517800327 520323643 519324717 729486249
516676264 519635886 516732060 710981803
515255070 517271369 516342426 693804982
512692682 516541349 512768459 789588210
864214370 867711923 866594740 480882078
510563323 512852282 511566419 570913428
509650849 512190699 510028329 400227898
506711480 510468474 507169578 785592322
495747409 508335489 496012644 722944129
492064301 499305627 493729823 76205628
488555765 495210914 488715817 734547890
485860536 491098690 486505234 238483141
484806842 486649931 485135721 448225357
482929766 485315747 483187585 817452404
469678454 483277506 479405828 805147368
460281950 482787989 460582617 790907795
512160082 512329508 512215080 700219942
450111654 468513400 450380781 111072530
447217472 452404110 448268153 175674583
444173443 448452338 444216181 756834930
443719172 445136488 443737258 439333490
442886213 443738977 443605094 589026197
441876570 443695544 442243714 71676977
423730709 442286711 427832684 568277477
421472604 431312041 422343418 552010152
417023963 422493755 419225731 573502576
640210149 644052643 641467859 202487071
410848169 419824273 414337584 647022216
409026747 416486867 409076689 669335883
408824737 410310690 408962334 766040384
404257461 409019058 404313136 128770116
402964769 404341980 403105324 858647024
400711271 403786733 400744765 749049932
398214156 401047789 399559769 602610939
396783026 400122706 397466466 866003332
482988686 484654141 483819615 330216511
394428460 397768999 395436584 498745177
386725550 396394625 387308216 475601379
382951428 389123101 383307633 341390204
381388750 383414498 382778972 532883491
374052662 382928321 375689933 680651739
370876686 377115016 371195823 690820573
366595021 371930511 366600484 545902069
361488172 366663415 361660726 271662168
357824566 363321040 359024615 516512286
348026933 361178515 348312721 677705671
778094814 781561988 779169500 455355549
338367389 348864351 339996884 121326162
337590570 342812521 337632327 769491175
335267399 337745637 336848808 320632320
332582864 336907015 333510026 868660810
274441962 288949638 285193347 345335918
327615567 334097376 327638349 240796600
310703750 327645689 327195688 196712458
303950354 327500302 304424704 49800714
303635113 304792834 303689916 360693787
298911286 303717732 299730350 58905549
289934802 303498378 292886529 451559902
589556500 592972888 591027269 435076659
287785726 297787542 288271663 449707287
271776120 289155478 278941990 405983719
265553571 287080474 265968260 159930206
262793065 270592556 262802092 195241361
234153301 263095800 257167216 125849046
218968257 262543766 219251097 496299724
215169094 221869412 215595481 132980054
207085664 217837984 211522948 258060409
76433824 78932921 76903282 213136084
204143248 211953557 204205537 419813276
199601086 204627146 201802025 313186968
193689665 203064895 196043352 185161710
186829527 196879813 190279103 639897021
184093761 191094197 186218764 809327634
180335395 186754699 181990854 802700738
173098875 183030689 174239827 209687485
170665222 174790443 171539522 415619380
161733695 172246884 164950772 391916154
737345080 754518836 753662307 671829867
158306357 168507249 159058129 54335696
154117738 161042383 157905826 542073439
145707477 157949690 148952849 528015468
142631478 149534229 143864694 600835285
138025062 145414075 138261706 38334378
132420938 138489262 137553704 699294797
125271724 137948427 125323234 867319813
121840136 125463597 124473784 616548606
112381857 124516994 116008503 456471661
101596987 118208826 102522869 225911375
100866356 102657293 101102125 453554196
99452160 101422936 99552610 190560551
92732631 100114178 92962788 653299725
60759636 66432139 61679419 214961101
85630070 93823898 90154860 242378336
78332749 91853194 78866468 89404704
68909055 79440583 70566955 504045581
58349480 77441835 59558701 263048938
57351598 61552899 58246960 253690562
52236299 58278490 54118975 61607586
363238081 364075008 363484000 447853927
40256226 54669928 46567609 177833131
36355183 47636323 37456812 574332739
36197005 37861251 36202590 308312057
25309698 36276870 35329889 250228088
1 36034181 2159135 82419485
