100 1000000
1 873267 1 1792661
79550 188679 83923 1789994
437711 901022 455970 1835272
433071 912680 437711 1315064
198518 469740 254744 1500614
615873 948991 745787 1693442
451809 753049 492611 1136970
1 1574 1 1391277
66550 83922 66550 1517674
492611 1000000 952458 1891034
547339 955232 876666 1554065
41320 939306 66550 1828235
24038 41319 24038 1998100
1 873267 615873 1897716
188680 974487 753050 1424418
1 79549 17738 1471353
1 609863 66550 1113272
654817 901022 745787 1289057
66550 609863 198518 1402134
469741 753049 492611 1360078
188680 948991 201811 1217347
492611 1000000 974488 1447947
1 745786 615873 1611831
1 912680 609864 1644325
41320 484945 384303 1677408
66550 198517 79550 1332192
38511 66549 38511 1469144
958579 1000000 974488 1816194
160356 901022 753050 1703412
86221 873267 469741 1444843
402689 455969 402689 1526900
188680 609863 435289 1864530
38511 437710 198518 1254353
547339 975080 753050 1980858
160356 609863 455970 1275244
1 873267 484946 1679142
254744 975080 952458 1224857
66550 254743 198518 1485164
38511 437710 424521 1105203
1 41319 10798 1790220
83923 975080 384303 1447770
753050 873267 826130 1944786
1 10797 1575 1092254
24038 492610 41320 1397886
79550 198517 79550 1110504
1 160355 83923 1333610
484946 1000000 955233 1321928
439096 745786 492611 1182328
424521 1000000 439096 1396770
469741 948991 912681 1728142
17738 958578 86221 1443755
38511 79549 66550 1181340
160356 914678 201811 1493043
1 540369 188680 1564976
492611 1000000 974488 1293220
38511 433070 160356 1360571
17738 38510 17738 1150030
538580 975080 914679 1987463
188680 540369 439096 1054903
435289 901022 435289 1803032
455970 538579 484946 1575337
753050 1000000 912681 1101539
540370 974487 939307 1944806
384303 547338 435289 1344573
86221 654816 160356 1666723
188680 609863 484946 1336180
66550 188679 79550 1752098
455970 538579 492611 1466408
492611 975080 873268 1201775
86221 451808 188680 1134801
1 609863 188680 1996539
654817 939306 914679 1137902
201811 873267 201811 1028614
198518 975080 540370 1874332
547339 974487 958579 1633578
492611 1000000 974488 1768414
198518 876665 424521 1689779
17738 958578 41320 1676980
1 24037 1 1773457
455970 547338 540370 1593362
455970 654816 540370 1237367
201811 439095 201811 1273086
1 901022 17738 1298139
66550 948991 484946 1406965
615873 952457 615873 1779292
424521 540369 424521 1721561
188680 538579 254744 1436803
254744 402688 254744 1539656
451809 1000000 873268 1270919
1 384302 188680 1906429
384303 958578 914679 1712974
402689 1000000 435289 1197609
83923 455969 433071 1171121
1 958578 455970 1744405
79550 455969 402689 1823118
24038 975080 540370 1552530
1 424520 38511 1094716
955233 974487 955233 1810766
484946 538579 492611 1153128
609864 745786 654817 1615068
