150 1000 72
249 899
352 697
203 760
810 877
12 80
682 715
175 439
726 740
21 681
414 593
526 804
138 680
618 942
293 542
164 237
617 749
49 303
190 738
665 822
124 271
337 547
412 962
232 721
710 756
484 581
514 800
77 889
356 529
374 553
148 549
577 776
332 564
131 634
48 395
623 868
264 985
415 669
136 482
509 863
430 984
610 827
122 893
731 897
16 297
373 432
659 988
230 241
184 859
767 905
60 595
952 987
401 846
494 878
41 836
820 894
6 636
785 786
355 447
231 857
881 982
600 646
146 362
130 468
170 364
781 901
351 944
565 886
633 851
120 798
402 866
31 93
74 605
100 588
545 904
274 508
54 687
313 821
826 974
579 678
235 516
287 973
87 556
25 291
477 589
369 621
39 97
149 946
488 788
66 174
65 229
431 568
411 658
145 748
365 852
62 417
587 755
603 661
283 422
310 393
281 784
40 990
23 196
444 650
83 841
559 922
123 675
114 495
586 644
497 763
376 770
308 794
108 937
782 890
294 443
86 684
457 664
309 324
245 809
622 883
387 606
24 204
56 525
91 575
567 831
70 171
674 813
728 796
15 884
384 818
584 772
99 399
116 187
61 590
651 970
147 911
240 382
193 233
695 708
306 451
363 981
611 909
216 258
55 198
463 789
3 156
82 888
485 716
625 972
201 375
227 887
