200 1000000000 42
556835153 568681211
607266444 618651518
310061968 316199582
126203920 130964480
908515843 921543489
599537060 603845927
4630085 9278301
617647380 626419189
944077549 949578488
128111289 135642159
159891506 166093401
274398665 279105696
546865312 554941905
253392365 260911565
120510061 123036163
821112215 828924401
426428130 435016776
539640572 552132690
239911204 242268062
871936991 879610094
830654510 841812682
512884225 519291919
857810750 864633216
777865384 793724950
589759767 596980546
294214100 308232806
979671266 989147149
463895703 472511815
760609721 773864317
196015403 205161709
51844254 56478674
738805161 751425472
579655576 589682834
755566962 768068218
9533434 15536011
36331027 41273680
663436011 672295620
603653071 606465592
163532550 174457896
455448856 464670955
516974919 525031797
995819214 999934563
97687044 102102746
138418479 143421690
86811321 97819840
670244038 674344073
768519400 787063517
627331020 635046741
837228623 843659616
318622054 327657379
935043378 941183813
71650637 76173023
143247935 147804193
795191715 801622244
626338426 629108192
889206726 898646064
789838648 795393386
177278052 193758814
932973298 935520710
110839297 116397815
328509661 337742003
638836568 647137246
136496582 142006004
75423114 81073803
478841749 490227961
38428965 47267729
723654169 726104533
706365303 709957767
435019600 439557260
866718852 873066837
926410987 931599892
876770941 885016888
796086774 804524759
484794321 496197553
903697188 918294958
975581731 977593089
563412088 570150389
122959146 127576347
335162745 350510732
414960002 420738788
899569531 901740189
928679538 933446638
41605828 49634101
658855187 666176723
746130677 756142172
440472744 460608729
151925364 160104151
107696384 110885715
366284879 375844318
2918280 4971364
920266254 928553363
221250093 229490146
827303638 829161211
689067518 699313731
523025255 534939059
113121993 122574351
589309029 592334817
233850907 238374699
98410249 103915810
886000507 892417215
400540027 406772324
362737600 366260785
198350201 208320087
275651257 298482370
365365586 367625690
648997833 657641690
592806119 601689505
1435280 3611405
260120427 263266462
700234853 707468945
26573294 30634964
207011689 218300978
434877589 437490003
500606969 506841889
569034079 579256057
951530254 954813435
247877967 255761007
102145695 109756850
989933341 998934484
351711581 361150178
471581460 475433149
266113446 270651827
307215093 311314311
806482841 820305430
56364780 59487829
76375087 92857924
376942874 395077813
952459867 970917837
392414746 402274673
654950300 660290078
555585030 558976335
149145342 159434066
236196006 240551811
195175860 197023896
245259373 250034108
898509118 900070488
70865863 72338093
844863696 857251095
261231820 268635561
59201554 67857973
977163743 980889291
708387788 719362382
736572248 744802886
11557899 19892012
439231086 444115614
726441348 735698318
214226564 219703651
801798273 808570735
191258523 195739067
525869531 540584675
856665500 858994880
66174124 71355888
34426600 37847769
829010347 835024516
699711407 705603679
219118523 227531208
344097320 354322377
30243051 34981679
240755476 247189462
937929201 945881970
230635040 234006978
143446162 151270779
315416358 325018552
717455103 724968997
901658367 905536203
270840578 275444523
174211089 187200357
504521575 510983369
367894961 390889143
8210637 10158037
48263845 55433351
229329031 231514443
604554826 611886043
726065153 727619326
510704987 513719360
552723928 556618976
843577094 852285055
16017463 27173366
133528600 136577246
815327537 822514399
956502399 976142975
642590632 649151532
472555330 476703589
406716750 415367130
360399260 363896942
326966279 328813428
269967926 273045286
673830054 688485022
728208391 737672236
571628696 581254568
494281373 503240966
862772353 866912170
475958352 480585878
883349592 889149365
632369594 638932976
417792872 432996031
983417891 991954061
949482712 951902210
696243778 700012198
678568771 695184819
