189 446 58
120 124
42 48
92 95
397 402
307 310
136 141
108 112
376 379
315 318
6 9
278 281
255 260
144 147
78 83
288 291
432 435
51 55
118 121
247 250
261 264
18 22
411 414
361 366
76 81
201 205
12 15
403 408
292 295
263 266
2 5
134 138
430 433
177 183
161 165
1 3
220 224
4 7
29 33
98 101
418 421
8 11
237 240
251 254
140 143
173 176
90 93
36 39
175 181
132 135
367 372
130 133
45 50
94 97
227 230
197 200
322 327
249 252
259 262
225 228
21 24
401 405
206 209
100 103
154 158
125 129
54 57
56 60
231 234
87 91
294 297
351 354
442 445
336 339
72 75
70 73
378 381
123 126
208 212
369 374
34 37
14 17
23 26
353 356
168 172
195 198
390 394
216 219
280 283
25 28
382 385
286 289
265 268
334 337
164 167
142 145
156 160
32 35
298 305
348 352
313 316
438 443
151 155
345 349
425 429
420 423
428 431
338 341
331 335
409 412
355 358
275 279
115 119
317 320
65 69
233 236
49 53
102 105
199 203
10 13
182 185
253 256
359 363
340 344
328 332
229 232
82 85
127 131
210 215
27 30
365 368
272 276
61 64
214 217
422 427
111 114
104 107
244 248
193 196
218 222
380 383
269 273
239 243
373 377
235 238
204 207
186 190
434 437
311 314
326 329
296 301
342 346
223 226
436 440
84 89
241 245
59 62
68 71
113 116
416 419
106 109
319 325
63 67
267 270
38 41
309 312
282 285
191 194
146 150
148 153
166 170
184 187
384 387
171 174
303 308
395 399
40 44
96 99
74 77
393 396
16 20
388 391
357 360
290 293
406 410
386 389
413 417
159 163
188 192
284 287
