200 1000000000 176
412431473 415804145
147541921 152836154
360257062 365155760
414622513 417858414
442364223 450350420
176387217 181717302
11824953 19031607
561985904 562524003
196136598 198728092
172132764 176569004
715299463 720943780
479000781 482996349
275795760 277949288
890212750 893838552
397028922 407616825
369399772 373606751
532122627 535659965
740175895 748256105
551357798 562265548
142457503 146145605
156212712 164224482
706303758 710294917
622773085 625947879
63304181 75166692
879114430 885739893
207327429 214164188
135374177 138576096
483145632 492543707
285073782 294871581
572065786 576996186
791101360 799875570
182413863 192537920
807990198 816158729
667201986 670530297
949348725 957287103
901037377 909532669
892135551 894473437
606730012 619477785
204345941 209613834
784980209 791885854
844207305 856734730
976721425 979369438
149309795 155055632
549701251 559495658
814798486 818046711
289586712 301122528
476067209 478392909
199733222 201354275
159412051 171366291
153930881 158352918
449618179 456050233
277308832 278336301
597630689 598522144
98662440 104541376
101523902 115243936
748509196 775060099
859917842 868264122
988441770 997149187
31463780 38785159
192433227 194448251
116555528 121939579
562390800 575161310
138138509 140874208
710034491 712324777
874860632 883406145
796087602 807868231
978978216 985053201
669813373 671112539
822798174 828683191
852741083 858814459
734665237 737607064
924074567 933772667
996651684 999768210
50518459 61206932
459035927 474491032
933360971 939029135
919923716 925724999
965025580 970142900
721087858 735233201
969807438 972619478
39641193 49606194
244492772 256790176
281202752 284513077
660648961 668924954
316117502 325221504
473321724 477173039
390418237 404336625
646323052 658297319
138899717 141638456
518239782 528457062
676522430 682026573
910039838 923315434
575393043 590755409
640002172 645508063
84147673 98847886
670971129 677732703
839131605 848022970
645156267 654413323
411939686 413611995
684005733 698654604
523422371 533677688
736228381 744545655
7645955 12054337
490198077 517951629
306257504 316404168
867487555 875619432
121341599 128265219
347831514 362213995
857379205 862562098
970301410 977786966
57794266 62162208
236687922 252825329
883825945 891240826
427249016 430947151
363212127 370421210
198081042 200397766
980453506 996399557
544441347 551280713
430213669 439167014
578658991 597397943
817689941 823363011
778703587 788440974
255252807 259932086
131880431 136035188
164281916 174840454
80859444 96938316
234190624 244348429
318183004 336402042
341519287 360050884
451045963 471431490
610792856 621707487
1481067 11626478
108883553 116275197
229927565 233606268
761665601 782811777
216900130 221420170
370966976 376761681
957905762 966643836
744834568 760787209
689168503 703723381
629660980 636679783
216172554 218981996
416352867 425222647
620819734 621780468
408159978 412295914
257020422 272207345
15128528 27667967
141204664 142707017
894943552 901411360
329539833 344656086
180587228 189146693
23025813 35038699
283470776 287075096
901937402 914938609
230705680 234594788
806484950 809875222
386720824 394439236
478374383 480902823
378773469 388245634
433518228 443371882
536638498 544384603
375147327 379680861
700217193 708442792
894300257 899489470
654945022 664766521
621723907 623017711
623474933 632811556
540091629 549210339
636064632 644959555
938694148 950976415
36220238 43734971
297607349 315131238
279187958 283252633
499003309 522949294
212369128 216542129
61559314 65584301
953315055 964097310
712139597 715846708
681823463 688506990
719957819 721403316
200714012 204938246
424832499 428139003
482195471 489121327
278319764 279956370
534285623 538788574
405194216 409534836
603661806 607501471
825867763 837357320
219915238 227021885
194063388 196827290
72722887 81156054
123413713 131975325
835662689 841761690
594578039 598255530
46139622 56859578
223447259 230555585
116105973 118351965
143399163 148548960
261409658 277088587
598310323 605666728
