200 1000000000 131
189521847 229757350
387288649 965677465
249956539 849782120
426939514 825699422
187697365 324642681
176684455 403552922
208737582 988405287
437125903 812410093
772939356 912881607
362309399 468177930
21323674 325251441
223480546 235042406
204224262 366698978
247039691 569602359
92647739 802548512
13171949 689027223
340831178 557905109
522321549 932250009
24778473 151022925
64787032 65780914
134043882 523601735
553507373 606389618
497588396 798440326
568198240 882280029
408898976 849168670
196630687 198749313
829677215 918670069
551276657 682360826
480769275 491914336
756014491 926985383
36603020 372841348
55235613 954667813
288257396 325276623
265382158 267321816
448945945 692618546
461046126 868363587
37312301 718134759
928183642 993076669
500983666 743021232
565048514 746206671
394108513 806020791
421272412 897130491
142249163 346458752
190459819 797065438
115449995 803766822
484116425 893027884
318668376 796229375
245412548 847862203
404939306 991793144
175727492 647000877
638986684 649638813
636139454 645659083
378961848 674411559
946089117 953470559
868152451 996630489
412222242 504565540
97224159 826972570
614368142 973580647
474970069 658749312
495121687 779295630
432243769 865544322
868036578 904758609
75856944 864261306
176955923 825071063
107848342 711576569
652918091 750170976
4454408 893071344
534626838 886665721
63186816 482203317
281325084 959788366
736218067 857863979
429046766 906561262
672388941 739964346
420610029 622147231
716609300 969646426
140209601 787654518
117992473 251688726
532803407 569264526
114902871 184798068
269743415 407574793
12374007 51782679
233752875 767337621
188916043 869552921
480631526 902872387
446431692 520258772
84301137 696602173
18697978 659531961
492352910 648260784
261676147 361703639
446216402 804825644
14323118 46454665
21295648 730087057
392833420 589509395
556651819 979341631
803906710 861381222
105268802 108610293
136072360 311361365
205907828 432166385
388943177 673005517
535332282 965427424
39801405 456971153
25332851 813172938
50910706 960267168
71828080 312951487
727924315 974865336
40863849 966515859
469746784 659565581
304420866 560845499
453886619 953997031
196705746 233019915
418580962 834349926
773914674 905553376
330617316 770941424
116735349 144371192
50579475 408670568
145184946 670781575
301685866 315486665
141014242 214679454
46786284 462958360
208384859 866882664
201601671 291543379
10268640 984711704
686639368 856100984
407716738 907816742
363467751 985352969
165402847 457141011
158006330 862390886
158380535 769722702
916970598 988682289
133672909 269879581
185532313 906162575
38527941 158409179
88359616 248079568
565016397 966456604
219310956 274333667
292826599 896847681
801669434 959253307
17187490 554691786
297590895 654297724
653409395 831514186
34138377 181410243
217864956 794126298
229240985 900153538
49287095 303573736
107932525 966112873
333350005 791901267
10885891 947493411
202669162 670458065
415912917 459459549
317160489 510305856
198189561 911579698
25805343 558054377
624630166 974737032
36530696 765177992
836129456 933147939
94389942 156284101
166116715 855768334
314249157 749971368
16176280 291885866
483720534 978190521
56346004 451839480
123467267 170865808
280659655 492710787
327657179 473035257
22143067 455908557
321430140 764011322
47500368 447548201
292240304 782352704
411930148 830310523
878268192 908582335
247304520 511747716
754342934 770960353
62028257 635038383
418186099 594567884
251967926 775030004
462639470 719981780
297380950 541713269
142936541 679861800
16582169 172505798
264739296 551477321
408572659 865664109
495227830 880559302
629144639 738265460
214312045 368617508
383714277 592062718
522026213 569417566
30354257 46954744
670735170 825434030
583675163 799125492
62141389 737255716
292707131 758583069
254074207 327898850
617477888 635408986
603852649 683576039
202691152 292793077
49688346 660331888
44326976 311551278
315176859 931007279
187431843 401015911
607122712 807528731
