200 1000000000 22
280166555 383798723
575170773 827017481
255721202 315768930
226890717 628846091
68987330 667934972
152897514 610232743
221051762 872802934
508226552 870906390
43328066 254130156
161260876 588642404
515462561 601358733
2730762 66630787
168819540 750110627
264891772 368804370
108254043 553483817
14087657 868580200
32128881 690741325
183480734 692843701
551681849 950410813
567983117 895549859
218498987 323822274
512317266 818875695
285504153 475382679
104143507 635608472
771388364 794782231
112045738 987023835
570238603 621453458
157585334 310745780
12867981 267540539
78962859 226296830
623051289 856880982
191684509 517054920
71172740 389986717
246343462 946915896
135838474 542868178
26979042 267753438
373605636 451821257
651621556 733671435
83820379 203023215
570213548 597876957
7827944 449828169
318156112 521545546
873427499 896279487
204800094 918044978
606546079 949990974
196761757 660657196
873663610 961704064
325013672 512041629
52705590 872880949
528929537 613032480
23018812 170449248
586093103 589539352
590539253 957692102
358128354 998145643
82839016 802093753
39720104 594229815
27354079 906109701
89107704 957837728
400814166 879743131
869398569 974797246
41135370 435394854
1931757 332879760
746242954 877425747
158088946 270473322
5454110 252899394
304350775 438738014
106616475 737876106
501539409 827288548
148280432 303523368
521807523 653605507
117692435 867511705
928638956 947989432
555797831 992249820
108630681 783509386
370767029 436373155
43992610 663323721
83475062 986655092
442007555 689280838
216673118 474436829
47577339 181724841
131903882 199765416
189356734 969160947
295198451 921467297
145954502 587433743
258335435 809942111
652201085 844830591
53266039 400308362
115399432 186978149
229494456 315871190
371783355 448726732
388492440 495015137
179253598 501389097
58946715 157920701
61531842 458416420
474491525 608290596
16530342 64594964
590068939 838205679
331402579 629087765
60461085 857595723
278294885 421623335
2630807 213979130
338234603 630850978
612935950 778214514
117860306 243008323
292457300 951778898
171300322 308868979
92767067 974045753
58813148 149338791
274043530 360063371
106213773 828636279
2114166 485479077
636669236 760871102
495290391 501429368
6770555 236823720
236534405 243348801
626254881 849212822
73322646 187737559
521397931 785393704
73186736 464517603
119198604 873597447
497484695 722799678
218736590 873765798
407574303 501757413
233143414 614915648
660019602 856746885
65387696 216223402
138326943 179807905
440717243 649134640
25203793 522603578
784962343 793912003
157196329 724421882
505878102 692692265
195888483 273034647
287329494 701962786
532912426 551235107
455420784 896441653
218916204 741997455
224225161 300684674
629372501 839237803
30569380 403264714
263731572 372277088
658285111 883323635
284067433 543850736
639562567 894008599
497802936 792234635
211601012 418055021
138308187 384325799
330798922 425119121
276618379 395702144
136534786 257493881
103529170 675017006
44884622 704449383
443984703 880783473
193586427 598370701
297357633 779924242
21027673 778218107
246451859 427664264
206209664 331895158
402827494 793507278
55579766 677979862
569272668 755096066
311772419 788782860
413285846 593865375
11154923 196605747
326750364 518519832
505884425 525289173
184812534 185972796
647568296 974087624
438324373 837602154
838820650 869539293
8989077 551346249
97101642 375028971
543020740 607590463
37494750 223690093
459428783 643940324
220627409 797435196
239541557 637237656
535725504 600016092
342297264 722645566
295580672 932084360
149039692 470766792
817011492 830634352
111588443 147821616
504977993 554956907
297327360 340891340
823178305 986914361
292650345 870476945
16770288 333786059
46298187 91176641
422084318 661844502
122408658 845390172
329299987 388359938
524429906 540310072
156508480 166182190
108086161 668857948
239861207 963658958
47600223 995367311
453099140 937190886
131180210 784024478
518369725 535784548
