200 445 69
350 357
201 262
254 337
113 163
15 369
45 169
53 433
141 341
87 191
232 245
272 409
3 339
323 343
148 296
124 211
14 263
306 442
74 92
178 271
100 435
166 425
42 142
176 392
5 403
21 76
212 315
180 286
277 394
188 330
171 189
240 416
7 431
24 192
32 111
125 327
349 381
279 354
101 399
325 430
307 332
94 257
231 239
193 261
154 320
8 195
63 358
223 275
299 321
13 410
119 170
95 96
123 387
317 402
209 438
297 351
130 225
336 412
18 59
50 107
25 140
6 342
89 155
237 295
204 322
355 444
150 236
4 44
138 384
126 134
97 109
80 291
17 313
153 314
2 203
235 434
64 300
135 366
36 228
37 199
35 418
41 293
216 273
242 395
159 372
75 226
139 227
10 34
19 437
11 319
49 110
28 371
151 162
86 175
276 439
179 422
158 427
283 285
406 413
128 393
268 294
249 292
251 338
131 278
312 316
81 213
137 419
264 441
62 219
48 252
329 423
190 363
362 390
29 187
182 265
1 318
207 340
202 333
229 344
78 331
69 383
120 208
375 380
52 72
55 310
65 421
287 429
12 309
234 288
118 177
115 143
328 386
51 218
215 298
56 311
266 424
206 280
200 217
146 267
194 335
104 305
9 353
71 373
82 370
186 415
22 196
233 247
129 160
116 368
136 222
360 405
377 426
31 102
93 398
79 221
168 302
152 408
66 260
270 404
156 161
27 290
84 244
108 308
77 443
47 133
58 352
67 420
172 411
54 99
105 391
282 345
30 230
197 356
90 112
121 181
33 183
269 326
23 385
26 259
214 376
144 346
145 361
243 440
46 241
184 396
258 303
16 147
149 436
174 347
61 400
238 367
70 157
88 220
57 359
250 414
224 382
248 374
246 407
348 379
365 417
198 428
