177 1428 23
177 718
849 1254
562 632
1143 1226
274 1410
164 235
641 1193
306 638
52 1290
1417 1422
234 830
656 872
381 985
895 978
390 1050
365 898
55 674
530 754
353 760
620 870
931 1308
696 1315
151 1043
658 1367
592 734
371 967
102 364
32 270
284 947
69 1419
1031 1320
961 1035
669 1372
478 545
232 559
140 1324
466 503
401 457
519 797
37 113
9 327
612 1375
278 1162
606 804
148 454
94 166
82 1228
499 877
33 1389
387 778
117 891
977 1311
992 1071
630 1166
619 1185
200 430
463 876
48 1302
81 621
1289 1309
1099 1128
1097 1208
532 1398
1175 1194
486 1427
835 937
860 924
721 1263
880 1260
46 867
213 240
749 772
30 1134
393 802
378 1165
946 993
286 680
344 622
801 1393
419 767
906 1104
691 1037
191 1233
857 1243
283 424
850 890
1094 1380
412 1424
10 435
143 945
211 657
1072 1339
970 1054
291 472
752 1420
873 1257
625 694
845 1280
768 1328
110 1252
299 729
834 1337
455 1364
846 1038
1068 1279
384 713
97 1377
351 523
348 1184
818 912
1186 1275
1055 1310
534 1146
1124 1132
91 136
180 731
320 1196
949 1179
682 1298
275 1346
95 953
181 771
229 1112
268 1053
218 921
382 1002
511 1230
1236 1349
615 807
572 841
490 1150
714 1245
1405 1416
584 1095
460 560
932 1354
735 751
108 755
132 267
98 1355
554 1409
761 856
598 777
142 1281
914 1195
995 1180
418 843
908 1046
1041 1177
820 1001
154 169
36 298
402 1117
15 675
144 1091
975 1152
62 594
580 1182
341 929
756 1296
92 817
315 1222
707 862
997 1084
432 537
50 913
125 1078
487 522
417 1270
506 1142
79 793
84 1088
634 919
1145 1426
809 1348
41 1157
507 712
