156 1941 88
1752 1766
1898 1909
1888 1902
410 431
1587 1638
874 885
839 856
1553 1576
1394 1402
1399 1411
1083 1087
720 736
975 1003
1804 1822
1786 1802
1537 1557
1443 1448
1693 1704
551 560
1783 1791
313 322
20 41
1375 1381
1230 1256
1047 1077
469 490
234 245
898 931
543 557
360 394
1578 1590
769 772
208 242
1135 1164
1383 1398
608 630
1476 1486
1485 1508
92 126
1248 1279
1656 1697
347 364
1922 1936
738 751
434 463
1527 1548
1445 1458
749 755
945 972
1419 1430
1463 1480
932 952
561 585
1330 1349
1917 1924
1379 1385
174 183
283 299
1169 1188
77 93
1618 1641
1700 1744
752 765
1877 1895
828 844
708 726
320 326
1027 1043
243 275
1217 1247
866 877
58 73
1721 1761
1903 1912
181 192
1121 1128
166 177
788 800
309 314
1085 1093
758 770
1509 1534
1039 1063
105 139
1286 1329
796 819
153 165
671 715
1266 1316
264 284
372 415
1346 1352
775 791
1124 1149
1355 1378
1175 1204
1844 1886
1433 1444
293 312
1451 1467
1767 1784
1762 1781
486 531
883 902
1645 1677
1020 1036
323 333
1322 1339
1208 1229
639 662
568 596
1806 1839
1404 1422
735 743
1160 1170
31 52
427 452
1351 1361
50 59
201 213
810 824
858 867
10 21
528 549
189 203
967 1000
1494 1520
621 637
821 832
1076 1080
651 687
559 566
149 156
456 481
1092 1122
849 861
1425 1436
1932 1940
329 346
635 640
589 617
1201 1213
1078 1084
70 81
130 152
334 357
904 944
5 17
1002 1022
159 167
771 780
1910 1921
1639 1646
1799 1805
1834 1854
1561 1586
