187 987654321 17
753418670 756321102
84556707 91139957
902999183 903267414
577843518 578988785
37356195 38529937
962923910 966556329
418299052 418793976
454764374 454781575
910822130 913795254
508998704 511922240
553138756 557264482
538760329 539609596
738680444 738940659
532390177 535004596
883800907 886031788
699611962 700824420
263767971 265851170
365009854 368644374
727950720 731224543
268925876 272504773
857233055 860682917
526082724 530827011
624251294 628185607
143959818 146787565
783688486 783865782
98691437 101087056
147019223 147140977
599193188 608288296
797417498 799624835
220914461 221838617
404214667 406903539
104685232 105136433
22277625 22674711
579557586 580154586
771446637 772308674
54803371 55248598
26147692 31033862
655037677 655092629
501356179 501416898
786618550 793371521
540061254 540215691
295226592 297429221
502117478 502432668
402909463 402948024
951533748 957055256
566038118 568156806
839336965 840342572
427903384 428999143
940617347 943661165
540719319 540883162
614053774 615020795
654016707 654566829
292792906 294111670
209649135 213555298
222163850 223191022
309876686 310732966
282442546 286225694
615375570 616719397
630089389 632145630
45347503 47422926
23809658 24253591
406964676 411153120
351960221 351998845
551379576 552865516
971837854 971884624
240982668 244329217
53633368 54657987
623348597 623673631
392657620 393679784
425428015 426981917
845003975 845107425
591590872 594308924
258556026 258832227
331336691 331345076
97476234 97893879
384575051 386920153
370833829 370898235
871074270 874697608
299564268 300615075
571239738 572460179
720455124 727254365
434377824 434494543
281063359 281833015
453839470 454279779
201676856 205709242
573136480 576889584
835241308 837856043
710118641 714224198
637248641 638968636
504186952 504488394
494868784 496833962
774118473 782752035
236975531 238345101
91180073 93461938
189085167 193765069
568667952 569385765
334269325 336680878
512283214 512850392
701713948 705699983
49728160 51810709
184583148 185874146
331498900 332375483
907456388 909551168
171092935 172156997
123719554 125688083
5656340 8623004
355944808 358277175
822513331 832918024
224570734 224859369
544941614 545192730
332804536 333926099
915323692 918787433
650060856 650265384
875031787 881770273
395117289 396215686
899906830 902007867
389431800 391134309
58277247 58462830
138681101 141836707
388283953 388866167
898272556 898729860
482581755 488377544
223602367 224053398
417639139 418183278
582648118 587030590
682265279 685930601
506800486 507844375
895686805 897492328
928779684 931575076
748467069 748686258
153406554 160773777
974199044 979270633
129630719 134189123
115622375 119545102
461055850 461407427
320227733 321984240
447592929 452876610
659863861 661995571
220222997 220805304
253884883 254483235
445597990 446311574
920867375 925970049
462752450 469314893
943822283 950575097
259863652 260488714
1328901 2735857
206731214 209304040
148221735 153050092
172870966 174308067
229000345 235336788
307356838 309021732
287635999 289893021
972925188 973336986
442103110 445274455
341841174 344612008
162271370 170387794
323218747 323322264
757597051 765959196
861643576 861698423
141883457 143254120
323396520 331329770
617660684 621984504
888106961 890808859
35369944 37141783
932737442 933437219
371328835 374517802
862408931 863593921
311134272 313036239
260866514 263258274
187581683 188824481
559068291 560723645
353414643 355799351
108479018 108879631
981057005 984530268
255420152 255518938
275273676 279870994
694756135 696898468
640021174 648519517
622054342 622244857
429494627 430469110
861146377 861579741
39377765 41974110
739407519 745760901
61501856 66832726
804320029 809257192
396894938 400723956
10766676 14596302
