200 1000000000 125
59801863 66305194
44451968 44525693
702894073 707639284
40981199 42264477
573895211 579557149
679737244 687027439
378965451 381090724
568896583 573732313
987175037 988027450
469659379 472770696
481362496 481656673
496588338 497334146
750731051 750969545
639966939 645525349
944114259 947481818
209811949 210488204
751653908 756863925
276553209 280756654
137409157 141718906
453343145 457783437
691501738 694287729
948838004 950291664
746461593 748002362
174724399 176317266
817276721 820174862
793397525 794117979
135922700 136099892
647178323 649035631
992157956 994823394
219835235 220431634
281250333 281689551
803693873 806945441
262721170 266079199
92558214 94288265
486163903 489640118
324989650 325697704
311486053 316578139
366393848 367483896
1146420 3146705
111852779 113615792
698616484 701666159
659058226 660774196
939897936 943978768
989387299 990772112
289925304 295078608
173404052 173720592
48236057 48236416
56862685 56979247
856046471 859778203
409032163 409433762
966497609 966665112
24123634 25493957
320995603 324403574
104836126 105538695
521637519 527429674
30731909 30808739
118448540 118807506
20842009 22670548
398068827 401643318
443922194 445634240
105544292 107786163
43568129 44347541
209483541 209662549
115497194 115742905
232526208 239626285
190936813 191003510
825454739 827082266
84065098 85306303
191416272 193458951
218366955 219128591
567663251 567670093
808807386 809764568
31005436 34315858
876322310 877762300
162493309 166563356
309811261 310994024
396410676 397062435
663578655 663787982
536329441 538158920
828607709 833339626
166762506 167494787
968461506 976269036
285113440 285241984
286177762 287008610
77588978 79052028
177750675 178537559
86072138 87684739
412677133 412707429
97435800 99645012
511655838 512953463
68184082 71830629
935865878 935962265
599956518 603437136
393121888 394368826
583477268 588851215
386581109 389001970
862789391 863697586
984397343 986111492
917128630 918414451
957958402 963523613
741457555 743590547
142715041 145434929
623014869 625423109
950467080 952219964
727903286 728055727
546996860 547287436
3910854 3953110
421764997 421804217
677117917 677833142
193764883 196060915
52009749 56229751
274541481 276031914
771244319 773104852
433108750 436061270
208589176 209433258
445780424 449579803
211097734 216344333
937462703 939592600
424162806 427113557
783317591 783905199
373605201 375040303
308211057 308741477
610442469 611373741
870916207 874251237
461547227 465430203
287086478 287764045
170924463 172950836
561291575 564227509
902497366 903810514
337776574 339246146
498995884 499391823
167633778 170093673
88037649 90675149
911542789 913480962
731631502 732670261
205159980 206020806
330313519 331976046
701907190 702597293
823478082 824453404
521381801 521433141
119500938 121022726
714877787 720901303
924715902 926360984
46097394 47275662
667253369 676887905
625457628 625904047
887925725 890041376
22954021 23276560
520190553 520664541
781328631 782313489
596581117 599378514
415059187 417661802
9486023 10668625
269902775 269949236
786558495 790730696
514890461 519486829
953917063 954993367
222937516 228163663
615288133 617653665
626997884 636018728
29845817 30139245
36601828 36624792
300512162 307384680
775768567 778871996
737298268 737402839
881383285 886153486
432518114 432931283
905526152 907848485
130579223 134670194
834711241 839660790
840764515 841969256
508803891 511376957
866977353 869324224
11528711 17757195
361658540 365239666
955418920 957809553
845367498 849731524
79262761 83968492
896242704 901228747
334319140 335242402
796617031 798055843
529289776 534807985
26340153 28918034
892046728 896108761
711828416 714593524
552001618 556360887
241335862 244649212
354446100 359792360
122020951 129016675
921045960 924706457
497400494 497967414
245892998 255510171
757946490 762000804
180484788 183004592
963728155 965635689
369339747 371361241
196861263 197154966
341355007 344851134
389905276 391222541
544498929 546115113
