200 487 111
316 317
343 344
134 135
161 162
181 182
419 424
86 87
283 285
321 322
192 193
157 158
297 299
53 54
213 215
397 398
106 107
113 114
261 264
431 432
339 340
439 440
208 209
259 260
357 358
30 31
247 248
345 346
451 453
295 296
445 446
25 26
201 203
363 364
251 252
84 85
459 460
469 470
219 220
27 29
467 468
45 48
90 91
189 191
386 387
304 305
227 228
308 309
382 383
456 458
279 280
485 486
242 243
399 400
371 372
65 67
124 125
437 438
14 17
103 104
98 99
129 130
5 7
223 224
120 121
59 60
447 448
147 148
34 35
361 362
300 302
74 75
122 123
425 428
465 466
331 332
461 462
326 327
407 408
272 274
412 413
403 404
369 370
96 97
18 19
394 396
166 168
126 127
240 241
141 142
12 13
409 410
435 436
353 354
155 156
57 58
365 366
39 40
49 50
349 352
476 477
334 335
55 56
265 266
171 172
355 356
253 254
337 338
20 21
37 38
10 11
359 360
414 416
169 170
194 195
229 230
314 315
417 418
138 139
69 70
472 473
159 160
32 33
78 80
101 102
267 268
405 406
136 137
72 73
153 154
245 246
380 381
151 152
292 293
328 329
311 313
63 64
143 144
257 258
286 289
324 325
441 442
116 117
474 475
237 238
149 150
145 146
290 291
454 455
429 430
76 77
233 234
384 385
375 376
463 464
51 52
281 282
389 390
108 110
205 207
43 44
173 174
275 277
401 402
433 434
235 236
373 374
347 348
185 187
1 2
270 271
198 199
367 368
225 226
8 9
22 24
210 211
306 307
217 218
196 197
392 393
481 482
478 479
249 250
255 256
61 62
377 379
111 112
449 450
81 83
318 320
483 484
118 119
341 342
175 180
92 94
164 165
443 444
183 184
3 4
221 222
