2000 1000000000 1782
210598857 211371319
22856529 23485211
8330545 8597988
169628588 170163407
216667781 217445383
984299301 985996940
119676055 120428823
52848647 53953609
675409282 675754885
268459293 268874921
851378463 851761392
22958906 24347973
559351085 560707100
813860813 815645368
812951402 813889955
49279194 49720969
676829204 677325052
757408 1733036
46154270 47051702
984075809 985040684
401948840 402736051
727381663 727721976
182569930 183352810
621326924 621785029
173190564 173502643
349285699 349628993
194902821 195510430
411178372 412108366
781421179 783074458
99226469 99481413
913341448 914328355
44657732 45153006
149794134 150783541
681816042 682793771
461174534 462465884
147726331 148218430
574150703 575355661
687943657 688309360
738082635 738933279
941717315 943160277
641713712 642176476
311142030 311711529
793450538 795335311
665208232 666137041
686806193 688004127
272599875 273542150
911361577 911487037
909445894 910809905
915567548 916480221
475676533 476565460
835141960 836724899
250136683 250468732
55344434 56050775
3238829 3655043
261620903 261980678
628899953 629931553
11720205 12413928
152514353 153927761
163250217 164095553
965116560 965608650
741858203 743037583
112387132 112993239
19422942 19752432
407450536 407937513
354079091 355148209
240480668 241885483
798016734 798298080
170639331 171717160
233398627 235179802
807368963 807842589
496025994 497631086
224112262 224676413
812635796 813827238
947499185 948345231
352817859 353320211
940382801 940599779
626874010 627613381
405671916 406897479
758936318 760157552
121325525 121668961
995664272 996712851
485746730 486048934
26628088 27938996
195259357 196005312
99999842 100261177
257288930 257832930
282391123 283141252
565557577 566228942
312898619 314274629
429025418 430741801
381726699 382109104
365890088 366737902
70275713 70711183
288140115 288520561
269081083 269470754
548014065 549228912
178753266 179531168
453802291 454274955
784068852 784226542
445469215 446844171
595825346 597653712
211780302 212247128
477923572 478310892
258604688 259847879
719407805 720255557
789191881 790209052
69656551 70378278
862659741 863172964
167453214 167835881
218974633 219719241
5483898 5933803
932493666 933729476
375828993 376466948
715751547 716361227
720003626 720733470
127912785 128208015
178603463 179001444
349667806 350138436
986726300 987115557
41669672 42542284
8649913 9327039
373425947 373928979
339219871 340472947
16684345 17485736
312544084 313520756
744518807 745090322
121094232 121452753
377249576 378915140
60877804 61248777
4136933 5337388
664642911 665165702
711553750 713650758
13552248 14778225
262015500 262366591
48721925 49318598
44870930 45408811
334378780 335110259
301485282 301596987
767067780 768389095
382046410 382558225
485828268 486528300
101225138 102043633
1980350 2327885
481562221 482798346
27337531 28567720
351031214 351624819
582106166 583796867
299283194 300392579
522628664 523308241
85822100 86765943
863274015 863745046
107354370 108057330
827367064 829299978
867715798 869727382
170377129 171399122
68383588 69045370
307722915 308188217
270209452 271111439
491231496 492170746
804889955 806337350
93291429 93508209
854208152 854588898
433539616 434019238
66511363 66971526
136660449 137273431
283102770 283211636
201157015 201759725
242849419 243584073
604736594 604893482
566124732 566869945
472098581 472712828
95495476 95882162
726507815 727330554
88745769 89504991
997664061 998930912
739419212 740022690
271010206 271151161
623485211 624154056
387257932 387716230
650067652 650955763
94866743 95014971
180237540 180789094
796451421 796916003
368847338 370813505
373613215 374592364
283262143 283809884
641221446 641662608
970859157 972609795
206795376 208124348
659729190 661103824
554328152 554760732
208439654 209017179
658541876 658690327
885372399 886888930
430799834 432335385
917513651 917985079
96191783 98026166
598422098 598862969
736789838 737716018
323136971 324478760
207977045 208453198
675955054 676914836
169844592 170438499
526122240 527001286
61849111 63312872
284839709 285723705
844541808 845136149
802343638 803409600
915113586 915688278
315121431 316308842
322126820 322727022
513844668 514909019
937264001 937933421
390499285 391372425
98013582 98172006
855648421 856449988
751011696 754338175
16333006 17015789
483484094 484452366
610867217 611436014
521295454 522975588
365589237 366341095
402247405 403066940
644117745 644458275
458043861 458679078
481270727 482161385
40016773 41201347
101431598 102807005
831553624 831744308
633510846 633689331
383856103 385303684
498088909 498784863
117554657 118752303
650394554 651633836
145207273 145390761
93803844 94904685
479087451 480312166
198947395 199406048
664268602 664474424
400871658 401558426
482878171 483512432
555041643 555336183
653859299 653921898
657718957 658335864
144448301 145223798
69172167 69647849
439821894 440803918
564220196 565197820
605507400 606283633
880666217 881557905
546917046 547659485
804096531 804768271
110613147 110956532
361132380 362383889
289001324 289325576
100270011 100679077
897080054 897750072
640716165 641095704
110906488 111053333
579416636 580083820
968347037 968959313
574668774 575586897
621745016 622557018
603510544 603852554
388799565 389742689
278630585 279357524
706267699 707309853
164054478 164608630
640062628 640925419
713828682 714563873
301711450 302028514
443366950 443976928
185999141 186619416
689968921 691111169
102287281 103232595
472410981 473537681
128381807 128621757
257478779 258282249
710372927 711485055
688089000 688614956
811048780 811272554
590760588 591103930
115480805 116048516
36400657 37078832
265928454 266579516
877419429 877958344
393941438 394902144
249905487 250205458
666119903 666464933
24699299 25440919
353009295 353925425
441590066 442484482
80574860 81708903
709256162 709918901
493351531 494444254
431559293 432885641
133296576 133754244
913940696 914957972
610139584 610804259
168734412 169207951
536801602 537100610
974935143 975639383
705716156 706883808
847764436 848794110
935507801 936251810
866973798 868443641
591636361 592533224
626540023 626913869
846024897 846543206
559084190 559228035
430480720 431181633
821888193 822478193
223845137 224172069
771259123 772183776
939685612 940270587
729804759 730554049
354054875 354439983
209527329 210329204
749381052 750161008
849811858 850689508
826136896 826523528
471187649 471527847
25772906 26752454
754397947 756128132
509893232 510566513
172280575 172886556
253970073 254836055
225251160 226001479
755820245 756751417
328105328 328483749
714942614 715679881
436877195 437065741
881685004 882535282
993847993 994365499
230453030 230714812
682578579 682819603
699385902 699580036
141081397 142229478
772220810 772982477
121653367 121882718
743906486 744210802
239265645 239505203
100314767 101076159
214397829 216079783
438693176 439319210
258441079 258659547
760479994 761448403
341412216 342348779
50004202 52138657
473556029 474317758
53112915 54702690
682818620 683659687
347102206 348820698
226177660 227419534
717262799 717899219
120995780 121263889
587258067 588477687
953545702 954345412
212839765 215754786
728098114 729624277
366983248 367859546
179401692 180140134
418398358 419469731
861175070 861464173
368189178 369405843
18918554 19442927
66187204 66401482
639097655 639608290
661362461 661575731
830751607 831341702
750903193 751531417
484736537 485749840
255568050 256335701
705028218 705512690
808743851 810316287
30824912 31041379
118884532 119473632
400622220 401222357
355102264 355207499
677000258 678689827
360338029 360687883
100247477 100278563
790554902 791648557
434239362 435034131
930577286 931293700
770503190 771435936
305862132 306590115
225604137 226244027
231541164 232067611
714722000 715388153
523372705 524371748
249600679 249724367
480082403 480780638
333711343 334048580
551581674 552729132
289740480 290659842
315933286 316348618
696719414 699016036
419619753 420814504
601658834 602562510
130226649 130656955
779109130 779620785
239340696 240878584
327172161 327518298
302918655 304349059
243246123 243806218
230090792 230574573
87084131 87902414
314885211 315315934
475437674 475796304
456840715 457553220
708585474 709388715
280335136 280858921
348248220 349190136
738825985 739218515
615373177 616507880
932682290 934716168
7799867 8411144
75468717 76041851
771925185 772517164
229212835 229738127
297148285 298493510
24968709 25654791
722928682 723713045
301328068 301578737
592577749 593314660
71019320 71300001
944172408 945577254
638364305 639040039
114402582 114729970
851292124 851549871
158200023 158479620
396771345 397138832
156204564 157414383
778587935 779496171
245520596 246840643
499995268 500233470
719185593 719463011
826038559 826156859
42826183 43091504
350696522 350957311
460871915 461916898
988407172 989017120
784431128 784902984
544865782 546531633
534046713 535034707
644458958 646238276
11410469 12040403
390647399 392281454
135780995 136613296
709560629 710444327
321633402 322124746
624190562 624957828
758670932 759289965
728441428 730182763
870115203 871239008
277725343 278412909
649625081 650130087
953088419 953592438
302837467 303136174
164141238 164887639
959416568 959669585
105058359 105781488
68970504 69499187
338908691 340099430
316348500 316789397
123205376 123747320
151181308 151812749
619734362 620854245
590394543 591023167
22569269 22883629
95932021 97922906
619388041 620344592
344739362 345667256
200295117 200919817
958725433 958923052
642342116 642607580
537067764 537358353
638626945 639295258
797672870 798121479
264513577 264969668
155012987 155589639
338000223 338629392
428555869 429779397
567541050 568482212
713549852 713975818
541905840 542095013
746869305 748389972
643523161 644203973
212501764 212763472
844585595 845573069
702451298 703783011
557692663 558473298
287846276 288149213
569340315 569937722
945281032 946504170
543829260 544632038
428032194 428297712
660619414 661397407
978257870 980187163
436246091 436585701
353859924 354062965
283459109 284231651
669391445 670183274
262341769 262768576
263019328 263349758
256762328 257357132
203742379 205445868
989853923 991639161
779923602 780795682
515775666 517130150
3858489 4202795
375137983 375780871
807850194 808720228
931555218 932219845
748667583 749873246
733686878 734761662
3594391 4050583
785014398 785921038
416100354 416674179
309133009 310144670
418032624 418267808
739191440 739461309
386263657 387519955
304585945 304956022
203547838 204425768
400352668 400661265
189015248 189498801
489320200 490609655
63673751 63944694
834477998 834769822
881128852 881689220
988674101 989611958
593361920 594864647
733411674 734314435
874847777 875219451
42463111 42576890
399727806 400402928
91156493 91440484
186775209 187546164
450215342 451587091
344144119 345387772
115809988 116271734
39922229 40108366
167610742 168690707
927735392 928641802
923163584 923629744
507477329 507885478
67982306 68963366
642788961 643830394
897756561 897983625
143343684 144255045
695811941 696092606
210435547 210674876
931850116 932564629
694948269 695812713
685055407 687180360
620586119 621706839
726019455 726494258
291117466 291853084
174770555 175033920
228338649 228851210
456121444 456737169
797422205 797801544
277918859 278762967
607143894 607617702
710830578 712395983
454444310 455253330
604861720 605511749
158827564 160012484
616526686 617299073
955121131 955643155
627976941 628810916
455758301 456250686
508855339 509863996
930013117 930845344
571311739 572337409
998486924 999661305
581295754 581594669
357177740 358591550
510943358 511396586
425484211 427714993
12745154 13792983
704306058 704752800
374585946 374858630
615054583 615358301
424313745 424563672
239153209 239329945
99385918 99604881
80556103 81121170
167301796 167541904
238681338 239196149
840467599 840730052
922522767 923342988
124835609 125234981
78555001 79444115
750027962 750631380
147284302 147811332
599136688 600898774
451583319 451753302
175922363 176535471
502367213 503543169
960301268 960987359
451752624 452180558
282229384 282490057
524012797 525081519
364463661 365293271
202838218 203734865
985888572 986389912
164786339 165276075
43308086 43461615
134833555 135461257
606529847 607308581
434581241 435761473
868931473 869949510
417813639 418205301
803421520 804235009
35704317 36290529
836582715 837429464
83966713 84660464
801528378 803163016
317271245 317692206
903468837 904473381
419233206 420067108
92273744 93071669
293007328 293900568
37019443 37279508
63368780 63693049
818705684 819718190
737675462 738380761
846581647 847735647
85440132 86007683
91370354 92679233
406274236 407262671
436567462 436974646
734693908 735251293
558204238 558844184
589230216 589803678
923454717 923861214
127401459 127956477
850750019 851364703
94962516 95323096
987163096 987972078
826490240 827339104
190226579 190683035
59648260 60037851
922025157 922585817
559203392 559742350
84988855 85389038
161838241 162587774
340461676 341208760
603959191 604490788
760790752 762573401
811371036 811467963
260177158 260858839
134211512 135063782
965735926 966467580
572094139 572523610
471649318 472367824
18821207 19018999
93520517 94269060
722356478 723287702
329349677 329728361
133224895 133516569
131534661 132348893
71034817 71684092
893747395 894154917
871192973 871355860
232211667 232646369
198278005 198371236
287462809 287626921
35076344 35670227
54769457 55588119
502064802 502832793
528853779 529747072
731868912 732821146
520070967 520892036
274042743 274727131
492387765 493434414
421361822 422161824
618751794 619635028
883875392 884980028
199646326 200332235
200495334 201253330
252239953 252642592
7230758 7796618
235633088 237163059
831337019 831680908
568651147 569134526
924138816 925127142
176560220 177510491
17054818 18229998
322604565 323130729
136623048 136683767
116375231 117277112
212239753 212621175
707494905 708558034
150770833 151097199
552816507 553911246
832061108 832756595
271380123 273115227
727186005 727549027
656911445 657704730
666801755 667561868
669001562 669448913
404530399 405034005
294862086 295900866
166132095 166393979
981869221 982247993
173847178 174952367
663575914 664357304
466317922 467691986
916357631 917252482
191784243 192589526
61094552 61743047
69645108 70180487
197857726 198287942
378694770 379598135
122272513 122534955
540040859 540346599
160814513 161796208
774164495 776234302
438831733 440086818
447292480 448488192
117350680 117544160
356075414 356291089
90712537 91234141
872596213 874393348
111730757 112791555
39062143 39928927
244213526 245000191
864490217 865987623
86282338 87060429
808431147 808965769
276541320 276777035
312394007 312733773
832887827 834017409
703781517 704080798
156956528 157674372
884386904 885841643
21153832 21932620
851942120 852239519
48243043 49249921
718825762 719326500
989480326 989865809
857538532 858527711
773116181 775274171
187451026 188116498
424099642 424323099
983526804 984226622
19846597 20448289
817079586 817953216
624946869 625113472
563517838 563837081
123325774 124145891
739528511 740191063
497321588 497946543
964369855 964894038
1424851 1915124
128632290 130223366
409365256 410306766
701628952 702396301
308216776 308864713
668130358 668658303
340489934 341828322
227604260 228321437
766226968 766860972
59851014 60503471
108597100 109578160
762903308 764551589
777646591 778014352
777868491 778344398
540474937 541664264
171784630 172381025
5704910 6769110
267407376 268680991
469632597 471230419
67194905 67779291
381271594 381944523
367027368 368023622
875200942 875393819
217727434 218549938
558543177 559112485
433784861 434482904
208551430 209394660
784225750 784611010
542028141 543082673
316449982 317300711
260988828 261392677
166685841 166939237
423904212 424193294
991853668 992174676
727644319 728038658
351519105 352115765
323790546 326290111
969835929 971481354
79925285 80565127
394512463 395231886
678712574 680130064
920770878 921165177
38512099 39423981
182045065 182626970
166880533 167318830
459934371 460498603
103532922 104790302
79776973 80223855
467791727 469106971
990626566 991892117
62901221 63560934
247132125 247841260
846537674 847615014
526492470 527578149
659726608 660019260
730361040 731250495
512172913 514289119
477213908 477841817
162666276 163289489
896272328 897554754
786022449 786583777
148938470 149717122
957681311 958730881
640010448 640196251
871994939 873502507
878455357 878983814
299044035 299324901
304915171 305490668
83040363 83966647
483696692 484684982
892703594 893188485
20489732 21292539
534904158 536931890
443699587 444628265
445345730 445643434
162503827 162996983
55868766 56758351
133048952 133280004
908516689 909439654
355206705 356011051
398902968 399767792
858617396 861204033
803298857 803554198
215906138 216549918
596434604 598324733
366778755 366993661
781115107 781699022
518471130 519199327
900539005 902202406
180078657 180637270
71496171 72346809
614861659 615129540
56646438 57535635
634096910 634973869
541481369 541854590
494759793 496563990
423021361 424002826
388332004 388943904
815585250 816648952
787535004 789084815
43077830 43248833
318416015 320301965
681359321 682320649
165923696 166133129
245750338 247002099
657698017 657947812
837458405 838566521
530170565 530487813
358221771 359530432
60474007 61062662
104685211 105251180
383733404 384274725
148017588 148919873
828427750 829509188
744831424 745908652
652266364 652582770
625040842 625685479
446528481 447269907
460647136 461119937
37086759 38174169
946237736 946604338
328267784 329387244
202542370 203202189
394945928 395815289
720355458 721466718
625243698 626675847
967415162 968271353
233308888 233508302
122515263 122824007
329906895 330423715
22013478 22268928
152321689 153041946
528232010 529096587
186497474 187201710
514812392 516052923
511529840 511829924
756802025 758054362
181826620 182529164
93453972 93559005
480482112 481030359
332229283 332517253
456678815 457020569
284104498 284405469
480917394 481294437
897657293 897767695
235512489 236509811
891445374 892077805
437504218 438560137
956997214 958360401
64413259 64977055
440708071 441408214
628303511 629594579
790292706 790564290
661570846 662585396
41015212 42223805
909032599 910148670
527668830 528537367
916822500 917739855
588341265 588893228
718429595 718888068
708210891 708934805
689050509 690702241
191606369 192060203
193206883 194262777
595215621 596251337
994076451 995311965
70558789 71029096
865943660 866689290
715677809 715849572
700450239 701528999
507386411 507800918
691002472 692073176
527447546 528174359
504504918 505906921
152237677 152348023
889154805 890798488
356191481 356444943
350558268 350703717
549939192 551948402
898523164 899472447
824459757 826102287
263431892 263635516
634736054 635677141
948424857 949265385
840897678 841474887
474655187 475577700
10051238 10861568
517510559 518496158
43385785 43697865
390100452 390505235
510733989 511000781
67156434 67424105
251377318 252050667
523231638 523551869
680749583 681732172
862479361 862844273
395908120 396755294
552719658 552947087
871263236 871620486
506664637 507150568
392147403 393480358
131078750 131586548
352168651 352692839
666435510 667197956
742699464 744030858
911464213 912239097
2236248 2945503
65220518 65830622
777458504 777659805
230929012 231579181
904534410 905424606
549567380 550843392
569917357 571008018
133828197 134186043
341932504 342907346
960767068 961478819
494064143 494964964
77891593 78263274
963970488 964329222
843765528 844566000
281645277 281961505
19502120 19943042
637907633 638594068
84682487 85155151
33937218 34705000
407801041 408983994
249270492 249444876
42659425 43051645
557208648 558110029
511052959 511537013
66351416 66815666
296013512 297068491
376068778 376546428
173366402 173829224
632322622 633475890
654949102 655413846
275916203 276572289
331154319 331738716
383328039 383749564
110094774 110631777
786743679 788061199
130500527 131391261
880524505 880678980
839622568 840015626
705279858 705746832
350795173 351190433
108281260 108772895
468640583 470215377
704652932 705153018
696009517 696433012
740148974 740448777
237465847 238556102
89220537 90172757
580225114 581128702
952857808 953138286
750289569 750962399
486887076 487791927
580897561 581328267
780614661 781006285
102923761 104635355
838402491 839005491
85160999 85544661
978087300 979412667
934976587 935587357
680250410 680738177
149536258 150409838
854904937 855752638
63788019 64538155
418263537 418501744
992988291 993419822
365171026 365819068
380386831 381625150
570788159 571660413
975323585 976104363
294563500 295297057
454018448 454898346
878842209 880285182
917860480 918206977
674396904 675102924
382466559 382784952
227859871 228392093
948657559 949644621
817766002 818227472
189573202 190573817
529785830 530225915
562275799 563371549
33519424 34073199
145357614 146102813
973632373 974478129
432886088 433324416
498452981 499599398
19950598 20560418
585456822 585702457
958839100 959557346
597981106 598589214
996503562 998255644
269423807 270737122
22311086 22571954
2531089 3239534
356554487 357578151
982287170 983198996
980065734 980556038
811525334 812823474
362021826 364478831
477504933 478043007
143565288 144406507
612585351 614315048
210085459 210505024
882423534 883748370
43722793 44279619
49608894 51355510
74876544 75940931
553411855 554449118
265610013 266125857
322945421 323636875
897824817 898484267
228547601 229104381
184878285 185703168
693682226 694353472
114223379 114406727
655772826 656601633
488567086 490203287
589835710 590743655
395291610 396395408
285981634 287477921
500227922 500824475
691414916 692784325
349595732 350012073
852101462 852644103
507815833 508192673
578566087 579732284
717876231 718824600
473430759 473771357
196731509 197123198
342655609 343146585
684847565 686761562
33427669 33782172
151693210 152294709
847703599 847775099
180638063 181012195
34717257 35002016
356393967 356752813
189438197 189603526
436987266 438430993
107715888 108439667
608335934 609562708
154585738 154678904
778259166 778852056
277120878 277572952
841307363 842775119
611137328 612596311
31004936 31683501
384905681 385529050
224726151 224997786
594798764 595598335
403072702 404164456
223259446 223609372
455706864 455994037
21504778 22124588
603910590 603986680
741055856 741695327
281146375 281493417
816000235 817510251
505794099 506798300
250563535 250752865
304172377 304868711
968795973 969721654
139029453 139645011
396952224 397702854
592695736 594707238
117534886 117640264
907041652 908606463
314433043 314983140
404468753 404790703
212651345 213278295
609615262 610236216
692998881 693626818
128599729 129133265
462878539 463335867
228977258 229539513
782245889 783806343
254546525 255475293
977384981 978012330
863661238 863800841
229869900 230319131
664400360 664680878
424529947 425107992
171608916 171793559
172532643 172924740
273656542 274164629
882893415 884096285
326683171 327333876
227426349 227625448
106986818 107519600
600991291 601861570
490998835 491898631
99522209 100178972
869817878 870116004
420901419 421662158
723878843 724448257
575482930 576112036
73325616 74320771
862169228 862656264
564898973 565797935
76014491 76755238
29531314 30735867
674852575 675492779
895981782 896175526
413061728 414472615
345638154 346487182
531420352 533045758
192694973 193138776
157638217 158209691
181052425 181568893
412174875 412955733
858341249 860101796
898075332 898828809
201931333 202802438
680487390 680823855
124497604 124696064
65984052 66333669
503595037 504614159
573437870 574573723
487929812 488500626
158225156 158672802
288305142 288595638
8537930 8794019
387662532 388779127
17959374 18855246
125881349 127421812
51384046 52320186
321113064 321691672
251201175 251978017
77004510 78213313
658809078 659711147
137908674 138588429
73076145 73749779
47911459 48643008
350048239 350452437
261651175 262093445
636316322 637298129
196024285 196816092
941874019 944155767
851632855 852044473
888390416 888542517
980758249 981757241
641003278 641303314
978004348 978172434
117265235 117388220
519092907 519814476
727955506 728391786
769812231 770951828
271147744 272101456
398772593 399550039
334061966 334822469
263201304 263518719
416847726 418020066
253720802 254096147
725260923 726164776
301596421 301783847
10409635 11591764
121846511 122230014
242283284 242890176
490445975 490990030
531301583 532770922
966262129 967775939
217567937 217872475
631859320 633059134
918672704 920848276
912689952 913463964
35669040 35708848
533498929 534767491
447734714 448998370
275185606 275903830
700064193 700357253
499302494 499824956
732968194 733563103
58515536 59074986
444082951 445393804
492063964 492510420
961591617 962383052
234818575 235361440
222074030 223067464
23407 1065229
497796296 498121767
281271040 281888070
98477931 98735944
473774547 475282435
630350340 632077138
639331266 640054722
371431926 373017394
891893138 892505585
986253803 986957241
379445560 380630154
925364577 927971228
929512156 930364995
777162695 777557139
543085670 544539198
332407018 332593765
606347123 606602245
90294168 91093745
658164921 658550633
279536374 280849416
914785455 915430517
918502555 918872985
114726618 115230733
556118312 557260603
321922759 322154203
647959421 649528649
716404795 717742078
290982584 291258959
30511952 30849384
764372175 765046187
837392555 838201291
193896710 194658197
313557943 314707270
458607477 459617366
969350181 970230764
936813849 937366165
510543068 510784084
800815767 801422787
148829632 149125918
840154085 840626626
280852837 281159000
635181024 636321891
79342939 79889359
864015584 865901039
612717638 614552943
585693075 585903186
615238089 615698452
529576018 530145032
905628076 906159652
890359280 891830038
928248055 929404572
674005029 674443087
538240054 539737312
38119389 38526319
698910918 699471488
265022067 265339077
751866916 754472149
965423287 965793419
652578177 653118678
273289696 273971174
820092479 821221147
617365709 617832593
298608414 299266345
726238793 727121577
438549175 438824148
355351401 356161716
285639749 286542147
76301034 77144630
235275067 235628359
289918505 291103590
581946332 582602912
122006911 122375987
656667938 657553599
144356792 144889513
307128754 307770557
305213976 305862774
603850828 603917624
537912298 538948195
871542401 871985014
205157377 206276942
124110396 124213074
199252939 200066050
100991235 101316548
301919854 302827506
402789791 403379303
57775734 58439636
537142199 537835784
336089906 336974315
829648475 830833131
291986031 292980517
299718885 300431931
277314902 277828912
358716560 359753867
432400297 432947365
757625983 758718339
821512508 822157049
12659689 13095205
617185285 617537270
604426100 604767551
780903731 781373291
433112210 433588422
924558462 926681210
992153295 992490473
555331524 555519114
831720933 832002052
972985625 973687004
693428527 694005572
806262619 806482611
462256421 462547613
572457642 573297104
165283301 165718840
487122434 487991921
764708342 765342438
841807279 843238093
329436805 330193367
961300999 961660636
982048027 982506714
586325373 587864243
478436370 479065238
886423051 887499987
598608976 599315414
585738599 587127829
58787408 59787094
138449595 139010735
35967479 36990703
284312520 284827017
563082270 563718745
879733154 880359526
863788503 864411260
651829782 652568718
43519796 44035087
761598745 763001574
190680684 190862337
633671655 633728494
525443652 526473730
993141208 993928288
52419966 52859830
811157872 811384961
730570893 731607214
520471933 520968496
555866287 556394061
118444002 118979562
338268627 338901795
74230083 74538876
442391412 443661359
326269776 326876212
664814232 665592370
366501803 366905650
28150566 29477904
241949921 242727381
478649604 479466698
7743708 8047492
588625529 589294642
723469365 724082146
453215942 453768158
506993021 507281008
699471528 700120034
191223767 191689696
905213851 905848190
174956194 175880256
853975429 854247301
537453024 538214983
22233431 22335490
776476994 777170923
694585380 695092162
600319497 601170302
649509204 649724614
348830761 349557545
822418234 822870252
425843679 428135347
308866057 309300797
670051424 670580670
333797997 334071168
955784387 956043695
146479705 147340488
905908393 907003638
124695818 124766877
261149633 261517073
255110673 255872993
637045039 638129103
972730138 973489016
412091903 412392171
820903645 821778004
263586065 264189002
177882001 178649232
52202689 52547188
561107447 562825901
206697977 207856820
465389319 466727414
788395087 789269214
370949382 371177943
74370462 74944574
459509316 459792928
845560928 846372912
857215335 857769868
500349262 501910626
971621145 972953621
806433077 807481254
575636066 576836731
745320209 748140096
160079529 161087034
198434998 198823121
266642466 268225047
853051490 853726214
951608487 952413372
360489452 361852035
760179186 760619836
807741774 808163922
476176771 477355393
949780849 951034019
937612240 939076664
775898203 777109797
92737671 93312267
902851294 903233015
688362772 688909079
410151618 411137128
127995396 128557207
252055040 252510352
84516584 84904916
265289615 265867740
424590263 425754684
903137239 904121002
856065134 857148175
250622512 251252118
508368819 508855169
785469956 786118257
760061459 760341877
968093865 968656615
331028841 331504297
499702611 500157373
232304150 233321149
346676124 348198425
250419905 250621403
320061537 320878281
145486591 146317501
44146956 44756312
525136478 525589716
195823059 196186107
668574073 669015721
654067586 655063168
404942280 406168868
539734700 540186868
72282150 73024728
549122064 549650636
849342412 849819350
568865230 569421515
959606598 960677100
794381999 796448131
165180091 165368695
848929278 849588930
589331421 590223794
416538935 417311071
853457449 854149049
921009504 922193109
581362890 582098495
517226263 517433897
744139096 744527230
861372476 861868375
161197110 162352674
274572907 275006797
172911177 173358432
856845620 857466206
694091073 694618974
414709262 416091206
732804738 733277229
520956145 522186467
875453221 876745055
784844613 785424705
414290824 414953789
892949679 893725675
8915269 10009399
206017752 206321896
116209226 117204386
629910253 631520834
809439455 811110000
372718794 373393901
183826863 184117652
716288929 717250195
376536977 378524632
992475976 993034032
659091553 659727397
211145667 212144027
249678172 249993559
146348298 147056145
175169161 176007266
241352597 241983543
555472706 555690240
839850600 840161223
827118520 827584483
482397196 483096467
973880021 974957541
478172554 478518082
82208402 83291846
193132354 193309625
804356875 804893665
923669343 924327865
105414693 106890948
88048339 88987875
284475366 284875061
547823286 548514303
336598772 337963623
135460133 135977083
134090894 134214789
707004204 708039918
421690689 423321626
155494815 155782382
928790200 929745487
256207005 256993819
185401369 186289494
141645438 143242978
184638756 185019292
247470941 248796738
279065993 280148872
237650487 238750786
98045605 98543877
158502925 159416034
633722260 634638480
261447958 261632786
935934389 937045325
309885062 310894333
192131667 193077843
878319737 878632163
125582950 126349526
113713960 114311413
866108010 867244755
731587566 731754425
95222750 95518080
863163482 863357550
509532245 510406400
786273533 786941886
373144638 373560732
300430148 301396015
119058743 119578753
244912325 245687754
592327401 592615032
671179211 672583651
792465377 792913718
892371117 892827865
952060388 953067201
811397069 811799679
591070630 591825220
374844282 375451658
29090651 30114776
618715366 619325671
32161402 32745299
57282199 57843388
834029536 834740803
765200534 765605255
165583709 166131980
259881221 260431679
129465648 130360808
389516754 390449155
839146979 839793953
861477032 862294379
831770340 832254936
24442557 24788975
949387955 950107761
367951816 368308320
614578291 614989509
197154023 198098649
852315487 853325692
283193291 283339431
4227582 5632963
66956578 67167653
962104782 963581211
904204363 904979922
964884322 965337984
119514365 119906137
327415000 328251218
789650213 790528105
976137822 976833855
184115918 184727404
370034905 371012296
610764014 610880808
655108130 655748332
335020584 336167064
976399086 977589144
721290870 722497322
220441810 221293767
45539345 46654677
547551069 547921513
822503325 825674245
607732674 608621847
420525944 420928413
901071751 903005557
360238818 360348341
490733994 491065637
848003743 849254372
508165635 508422851
819510263 820234871
345817331 346741627
252694860 253294446
266399554 266971249
311516918 312505912
940558492 941201076
393422184 394329259
375500959 376024687
330958921 331148657
122648958 123315018
140528909 141596293
956131605 956956913
61740556 62452836
888438365 888931027
408416226 409925392
455008410 455739107
332605393 333793573
554567834 555175184
896171411 896623673
120015740 121074089
652738068 653895048
317382514 317884308
252017766 252079804
452080150 452534681
111029707 111666215
644731912 647419520
14952670 15542668
124196983 124586258
231686185 232229238
287492249 287928732
938890177 939105175
976030858 976177079
642605866 643156144
180903107 181187039
308808287 308993299
627229412 628274871
139925519 140396420
956776589 957432303
194342356 194994969
667444936 667666930
253657097 253951884
769050974 769824413
662124539 663740806
893834817 894365884
435909627 436493384
655671369 656264973
471322789 471832762
183050646 183515512
113529604 114000113
403729697 404518507
842938669 843424023
385361018 386621724
647201442 647648008
854566984 855046294
488179505 489106013
34609460 34738924
33002617 33504368
12055578 12655137
397233607 398693510
700349995 701098172
679653815 680461821
457109609 458045229
656624224 656781135
714262726 714908810
501034497 502240170
15515989 16262511
876682422 877263524
258010460 258602967
696093065 696552292
880354901 880589884
218005608 219239551
264001403 264786921
544590848 545445956
153452367 154587848
452527986 453562240
834756501 834979558
641917263 642435869
658588773 658899568
887240330 887857647
177368170 178039555
108913117 110388268
343059315 343781179
673031237 674046584
352340060 352960252
31673469 32312740
201727749 202101312
614339322 614639597
651337943 652064632
124767354 125010346
818095249 818607361
98910816 99239970
173742191 174251630
517341349 517547888
576768030 578663328
67451174 68011821
871981522 872523139
981297378 981884920
317728660 319246120
448581991 450581541
672457568 673500384
447191802 447336242
330230336 330849270
460415821 460826314
46786204 47994496
617731103 618285311
65767797 66141599
941099511 941753734
601864782 603805261
555621687 556041087
667850226 667942774
605911035 606449267
198344036 198666100
832432888 833066462
724607779 725121391
310344896 311385017
791273441 791811566
692439138 693414983
166315274 166777497
798145687 799338993
407212035 407545706
260466077 261038736
252541170 252915251
95759153 96171899
168993133 169337723
159622509 160138619
237427439 237627600
154625090 155170887
57873536 58709746
462519895 462900170
756274664 757438052
943644084 944975008
288579071 289013135
197006912 197707276
532874168 533350022
955219456 955716811
113070344 113654427
899926870 900588804
9892224 10270691
435168753 436163129
894295204 894827543
337080815 338194825
139564884 139983286
246894498 247218812
217107944 217659304
295653329 296114538
338641712 339165843
308011139 308307731
12564297 12698690
829321697 830403360
894565882 896090314
653901713 654448964
566245255 568338260
910719541 911215446
292968168 293231750
647584191 649197933
25638799 26618322
560263575 561561296
954025293 955135047
840654236 841289626
428199161 428897526
32750943 33158686
262483639 263057802
516398905 517310528
735042774 736648857
572586066 574103340
621910490 623745400
947255080 947551832
530376924 530771092
607374641 608055011
724279629 724718665
289162443 289697831
644265784 644574457
330482290 330962639
264866035 265096711
701283584 701955890
779531405 779974477
253134144 253698628
955649366 955890819
183395489 183867863
54392057 54724782
507205795 507475367
111082577 112183875
332585820 333493977
397854679 398845110
465250951 466209577
464962313 465262186
198701645 199032910
247842944 249298811
874036597 874957401
799720162 800900343
281903787 282283206
930863932 931655176
294279080 294610323
633413298 633631991
995102206 995863971
146124178 146447327
887809139 888391622
87547936 88454049
568385944 568663684
176385298 177248839
222250813 223358870
955966565 956448848
243795050 244189493
32645680 32914802
274868468 275476591
791719934 792675694
415337666 416293074
684246541 684895196
678688109 678803929
441070755 442087257
244099556 244747375
735268823 737352009
988199528 988435169
683847341 684315168
81517220 82437021
502988531 503618530
540221247 541199941
980424784 980990571
541719685 542000595
543006651 543535216
796800862 797529598
125226936 125761732
584640609 585623557
209030365 209955036
940099672 940424598
140023670 140878624
181560208 181949906
918014015 918555261
467297762 468102165
609431941 609892263
89658739 90630381
683256566 683934339
939089312 939820847
343671033 344420623
947607161 948612190
124730803 124779898
54710508 54951240
291450912 292455968
741544314 742134743
767547617 769508123
486437856 486923809
933959488 935235804
843353039 844083760
98683019 99058795
331831653 332275630
893492726 893811279
484625187 484925991
221744523 222088331
618120771 618722273
220690317 221809974
142905756 143542398
331662505 331867023
64575467 65722849
359643507 360243509
795684439 796700643
987042920 987310095
833500601 834092676
320854913 321595304
219796889 220540088
259315578 259967758
229615718 230042158
725095985 726014178
748219444 748853127
511801381 513556655
14654773 15497456
670199993 671842364
656599900 656661739
799222411 800030846
150791135 151504235
519314733 520388218
1886976 2130830
206305014 206699409
236686198 237445467
43247047 43365598
227182811 227574514
696506944 697619053
114859176 115584503
190706895 191315747
72462989 73116938
766380323 767383631
223366491 223949683
740424067 741418863
982614932 983567714
306455928 307154074
249333756 249639032
533266891 534039284
16219405 16621416
216097010 216864450
964032859 964860370
911609214 913196615
951007651 951766553
834949984 836111377
131885132 133140544
276659713 277244023
579796339 580556374
772739371 774039118
530549101 531345506
875260740 876220452
42544461 42700710
412816603 413070716
878027049 878328950
641600184 641715729
615988889 616722145
6479007 7598655
112983935 113174371
546304378 547205773
136778272 137973125
765505440 766361420
946523394 947429490
688754990 689932680
667937669 668132103
293233974 294556454
838956875 839368209
45396713 45683800
289567506 289831458
155712875 156336920
133581696 133913157
850054123 851180285
667622487 667931145
675607305 676119428
462915433 465115827
703996090 704479636
818451162 818930873
187850580 189104803
371036875 371988342
888768172 890101950
382733677 383728917
906570516 907236326
459707027 460209051
877850254 878182139
987333289 988396595
623927063 624497504
169243242 169839437
352113097 352325267
783413356 784117928
911128332 911375852
83673326 84107718
731728098 732140262
410939909 411632671
78254505 79300427
583698922 585428200
401283921 402029582
302267797 302841258
224731464 225494083
524576038 525323070
219661285 220270471
136515597 136660411
453670770 453864623
275708489 276334766
268718290 269134826
350140192 350582212
105998586 107180838
963139979 963986933
224476993 224730236
396518841 396816791
296303019 297184803
297304763 298700362
24188302 24581002
230633977 231036337
138895784 139474298
877164500 877799203
792716755 794094771
898992758 900166845
508583802 509332163
563830309 564433193
168454483 168912197
702187678 702735058
801288439 801528644
34837104 35447374
86908768 87481992
