2000 1000000000 27
726502161 727288287
480881899 482360112
26693388 27160634
852366277 852853778
777790658 778806905
856749689 857760719
477447606 478623644
552222284 553114017
746118805 746477088
532631588 533157310
348821250 349215523
35007445 36164242
66839304 67704320
85345644 85635811
973789685 974780397
979085255 979246398
747162551 747874712
57551438 58157107
28596156 29445939
188435134 189010746
189547836 190811464
126276145 126906061
663655248 664903964
181126648 181243877
6245518 6853303
582153293 582457507
485749360 486569571
53339132 53810434
450149001 450753581
408224256 409108241
147026994 148545432
196566120 197068950
589771106 590134733
782719762 782809658
488270207 488834680
105766527 106757095
261723764 262139582
384241911 384803262
507284618 508213162
997039363 998352343
448030113 448803461
271432697 271989996
886321756 886717038
633963109 634301711
73639043 74016889
528653150 529011229
994349065 995135265
736354404 737185255
991682805 992907379
977156073 977893359
446942215 448582500
285897216 286955887
933688650 934335606
862422994 863385071
756567514 757723853
642020219 642711214
351240982 352440948
704071496 704417532
471654163 472498377
573191596 574674383
565469757 566239789
14308371 14431197
493904396 494303666
802804783 803411525
1199382 2032306
458689852 460474965
335185962 336725086
644331703 644484761
116565740 116735481
736288773 736677017
22375584 22832809
850981544 851091775
64844780 65054512
15281078 16486412
450591531 451168778
563454854 564167828
529125708 529270967
206093703 206887507
413201642 414827390
683615906 684367038
467335494 468333003
684074316 684773681
493721616 494227562
415189382 415563007
748529870 749804341
175835776 176345618
976834206 976974325
898171891 900453078
916400420 917060772
732694351 733690051
759524915 760400198
338913440 339359778
231775720 232185014
953338135 953974529
780869644 781300840
485220360 485534062
499444981 499970942
213445851 214781660
197757583 201228196
436133984 436878041
722033999 722297434
117569387 117914329
493141156 493564528
696611323 697075848
868200419 869323122
574320188 575104586
60217087 61098821
514858933 516627803
498835700 499443400
61110427 61288829
156376110 156949194
67330091 68307146
748099926 748647229
790218462 791766100
854540967 855082935
52593757 53138169
288502987 289203170
502587909 503457689
260993315 261440101
124456323 125204468
2932262 3427764
641322515 642202417
278562442 278832710
204430267 204803067
782619520 782772701
967034680 967844945
126856161 127599260
340384691 341242823
937832249 938708575
397555743 398793011
232159722 232786538
690582254 691452606
56436175 57017992
367176960 367473237
212775348 212992403
857974202 858544835
971395527 971823185
480236617 480858710
146459949 146893132
448773091 449040467
362077040 364432763
509850724 510545636
962415308 963012875
456049184 456758314
882183343 882471367
487157064 488216010
930976818 931448160
924400995 925053136
232876261 233496163
953205896 953315588
169503588 170233284
357180572 358419512
355600802 356531148
971241533 971569985
275181190 275560846
718911544 719205998
29410795 29821051
51694144 52386646
863761197 864436464
658522210 659201679
648029832 649425707
140713056 141221547
682108989 683168720
411236341 411812856
377525981 378625698
909046122 909392949
339112846 340262677
70495471 71122422
959045475 960124209
881684606 882268404
195185680 196268676
468695631 469169545
486567699 486981940
205873290 206104940
851778341 852370565
439069298 439500843
553286011 553869149
733347460 734718054
440029379 440798862
896096626 896989349
399119339 399919775
710343986 710968912
22299043 22581599
377906494 378758887
379073499 379462193
789417740 790172298
63157089 63460182
58054298 58945874
687312161 688411834
750396200 751155223
4958785 5837039
446876275 447149292
89690915 90736801
236757830 237277674
166904001 167251429
87104028 87558084
79156575 80201186
890063272 891421825
171967289 173848794
252533247 252891210
968456936 969422141
321371180 322708259
895523659 896095073
601245027 602256686
403411412 403677016
885273630 886162297
152031261 152635899
220772930 221304711
449577460 450270099
566398641 567664396
960454338 962034665
100521351 101606321
71313582 71708122
197322671 197711281
90944899 91353042
822508119 824238781
103885013 104477873
884190655 884726986
155041822 155188530
990821664 991387615
535438815 535659905
411825728 412987945
697136598 698057696
445525298 446036416
170861679 171194052
274917968 275339528
987456962 988372138
977881748 979047530
517397547 518810785
677067337 677650342
445751519 446631030
431902120 434103166
945659625 946729298
472703034 473075753
627724985 628651190
787930383 788586875
3525200 4021458
182979778 184178792
451335468 452578343
993723827 994153472
369909020 370353673
247607883 248608366
454277120 454998503
378725554 379255825
145128103 146317589
955117222 955693166
38119719 39110769
895819821 896550066
541787283 542654915
200850006 201414422
68693051 69187475
312202826 313818640
350639933 351127171
6964398 8118157
114150256 114807012
767310299 768668534
227786614 228638717
847271108 847632970
722257834 722823298
374788988 375600249
908604592 909114364
829030163 830218176
468075546 468999398
561258128 562037305
806052495 806903350
643198477 643569169
167061004 167393914
533950301 534558333
714102644 715206710
497387546 498463588
373977603 374615532
855055675 855455036
266872130 267352273
750048514 750778199
33254398 34027418
661375333 662170929
360027570 360948115
395380943 395982250
494293397 494362086
921115170 922027693
157246724 157802840
982459541 982655030
196182974 196392365
587310047 587708356
39811042 41627436
464325191 465291110
844467934 845243492
824917669 825109237
792471685 793047675
724677847 725531835
828577517 829809062
272422811 273035462
103827241 103909896
158942076 159507803
303520384 304297333
177827347 178262465
312944153 313907007
570865274 571578014
284102135 285470117
543860655 544452078
349463485 350824595
386807871 388143958
590112627 590740638
681882732 683011274
799145853 800412670
480022764 480285429
541029038 542080104
803453461 804005117
820666130 822030539
211110246 211540140
370278820 370722738
925535162 926229841
419619145 420766927
146847639 147317479
13485978 14142196
585092654 586996666
20848720 21221637
358465488 358899277
740728745 741782940
182518131 182995415
380642636 381551468
839508922 844187413
887037631 887647389
94633576 95600209
883472467 883952307
21000315 21641513
250730765 250842933
960020159 960383114
656467022 657432829
387260746 388796840
154809554 155053508
634212882 635127076
693756528 695309148
125211214 125817184
576197394 577022295
287304758 288264109
800895955 801690973
885622521 886537030
388919632 389821808
982654605 983118069
47071033 48700466
191660279 192458316
296009461 296658500
234237332 234874023
298184091 298618092
820231259 821338396
55175816 56742617
364467893 365343898
349113197 350162691
734825296 735612106
322825662 323876770
808389668 808743513
6042792 6774410
224556759 226692848
754228941 754719379
527653335 528845435
823982105 824748741
542393488 542988418
19584150 19806795
617092285 617698983
465400340 466062175
250948468 251342253
925101602 925550266
883865617 884297244
562903448 563994164
814642844 814933616
110775039 110957662
893337659 895686908
873220845 874806328
525204210 525391094
108379610 108985318
979256082 981924750
415819568 416131925
923938558 924937112
935271040 935789223
984555104 984995001
814936021 815295734
804110081 804642514
72692397 73334984
766683408 767559471
117963247 118379278
197688362 199224734
907105260 907684906
135788570 136855109
652340566 653442222
921550309 922400863
395737226 396460095
550707633 551037936
308283628 308789429
137557776 138589136
150933192 151313514
806965417 807533554
547993782 548147739
385318151 386367990
686971947 687174230
556267922 557013657
127892857 128449782
874731181 875121886
537340906 538395546
251904870 252707306
603749043 604785204
6805511 7428507
978356504 979151470
147553681 149169599
638335254 639101418
887911728 889170459
289420793 290217007
406452892 407332459
294739565 295871814
990377210 990679766
542909829 543268495
996104186 996726109
10454284 11027659
568684160 568950513
290571383 291187074
989812263 990451606
150549914 150809675
597828895 599215577
954182238 955409150
237842461 238669239
613155560 614045294
71252671 71459977
685697084 686730077
294547718 294742283
865991186 866944578
703789157 704188131
886793139 887273817
665250882 666173708
776705266 777833403
333505415 334334866
313895011 314468327
449143707 449995287
83461006 84024827
14459095 15730255
288615681 289688124
773965512 774311663
38905605 39438718
11738858 12601895
144992378 145381802
795754746 797367756
584734634 585244707
950477003 951696057
536048612 537207740
315042916 316178895
526661270 528399295
132106311 133442341
575200287 576855761
674370030 674705886
488536418 489422483
270474657 270942457
45118399 45690141
942041381 942573381
395067396 395553643
787552770 788230473
555469609 556369601
757690365 758114961
114871142 115784050
801979277 802656992
912401537 913447744
71639107 72460416
579555033 581439252
812327804 812927108
771784447 773202002
273098893 273778140
134882396 135250614
932484826 934042338
303990662 304503726
936784106 937545131
948262551 950388185
37758846 37982608
453190326 453780627
152954367 153690364
742357664 743340673
93995236 94558187
494351198 494601016
92330779 93657072
183068672 184436581
743012944 744377118
765197150 767170218
943646783 945543595
800208298 800860291
758089349 758247939
508929955 510221037
512440475 513126389
391485567 391984695
155710029 156540293
592306791 593119839
419054463 420045133
95559933 96267917
415502015 415887073
914151893 915417039
181748725 182353379
118335898 118554392
89475204 89785880
700004141 700694946
150132087 150683467
846366186 846764265
713533752 714768037
544256566 544539132
538696733 539343102
858586178 859030724
221544910 224219309
934913098 935356381
404984497 406114904
125765056 126254002
268185384 268829948
636028038 637315682
611763888 612896702
698029926 699537637
418938886 419409852
258595262 259554757
522413368 522847980
662239053 663023497
995600102 996103850
485411480 485739927
428473207 430083391
365072375 365766695
261998624 262563087
323673632 324853531
180219552 180624603
296925893 298012024
121604233 122025383
548122003 548464542
688651030 690067294
855166909 856141930
343969187 344424576
567793496 568498682
773005609 773415262
307296264 308004989
632734332 633003120
348119691 348861160
913488172 914336775
769334682 769776717
186344519 187060574
41817640 42180670
993078912 993741973
535247008 535524540
129105194 129959040
878907100 880715629
217684935 218043361
334763184 335630545
396498594 397829561
988544060 989034996
935748163 936097831
277801387 278293200
783210919 784129068
970745367 971297056
379938494 381210042
816890314 817323630
668461117 669103296
246675949 247952874
642354150 642908574
295159948 296228118
244739909 245225978
9859197 10641529
574985714 575958381
785384323 786275167
279382291 280072277
120725422 121885018
500283455 501313902
210306956 210847643
130935050 131851420
806826553 807194063
269705593 270703540
732119104 732776414
812147134 812329930
139785600 140781524
61323383 61751255
37943071 38081039
788741219 789758242
181162744 181412682
592953703 593434114
181377554 181478106
370471412 371707333
19954854 20333498
309903188 311903597
670419442 671116886
138248480 138953416
741922199 742690005
556784269 557238151
379388402 380291282
276587054 277093117
722845119 723864107
404766755 404991677
871800981 873062992
465239154 465383395
566122654 566824530
202259813 203968001
675795657 677134569
867199043 868043524
184871126 185706374
819933223 820237043
735630100 736143132
256987560 257676741
399535448 400507484
989699363 990232442
812729466 813944145
672682394 674235225
251415320 252081545
487838409 488444537
744022685 744533193
825646337 826178565
811897225 812195067
660240443 660988327
425377399 426216403
602636225 603892555
763306197 763637216
291114645 291485353
50208311 51238733
926795647 928012300
86769408 87321285
383354475 383601113
863470869 864259753
708297148 708569979
589341307 589771751
658305757 658656596
666255238 667335432
103598550 103852996
927681073 928539199
967434408 968686047
475486864 476340255
655237463 657152575
102454721 103577064
150687461 151010393
664225592 665176867
646638842 646868275
801421625 802271758
805867914 806315646
773433946 773927400
638057081 638347248
769986469 771310569
849166766 851016295
20344299 20913784
744570142 745586864
750829845 751367846
179063561 180035741
858411608 858800165
228474807 228842718
708887321 710091412
268826599 269465479
42136471 42331237
979215851 980600388
384508061 385707818
227151354 228230209
391738888 392540611
254029603 254707610
264629849 265135427
884475925 885135692
597434532 597726502
353627069 354865664
836296345 836655113
623525707 624242292
24967948 25319248
73969829 74931995
506629908 507234280
665034558 665439931
514025090 514454642
878540360 879867734
587620924 588054506
106512973 108275055
657436256 657906847
516502290 516958720
788390620 789297221
18844514 19507132
597173138 597539425
61272727 61373966
329996508 330658550
597599256 597853848
1067191 1275707
519123346 519808260
318633246 319011566
825512118 825719153
305987258 306225014
650613780 651055689
91029941 92026819
166000164 166654388
779237369 780481286
931974307 932365000
857591616 858192552
692629852 694036785
155224645 156061988
578598185 579492799
494787029 495600415
814849326 815172855
832673204 833907952
508716435 509664091
621977276 623084709
218181353 218560856
644472727 644650927
984867989 985966734
280595754 281581916
634549473 635834953
486636383 487527485
972033543 973841787
808601158 809718642
519721207 519995906
259116616 260062405
263453508 264356029
725486831 726740244
176212688 176773903
754928839 755409742
26262560 26672191
639814468 640379000
52782508 53179388
81930968 83248313
976117446 976628105
906127454 907092892
109411459 109542692
71048527 71284745
171165792 171445159
755272874 756044925
69649993 70145131
232329327 233011060
215289234 216160524
939994709 940101213
593765251 594626332
2234930 2684069
869501734 870658123
698703170 699627023
414827609 414877597
285579370 286284907
423577807 424782874
230497366 232106543
130016028 130229031
96972072 97798022
520802692 521392052
110981257 111707208
786333017 787062938
201991695 202517449
302490980 303345028
436694846 437448652
941245904 942283214
201242534 201698681
125200836 125442585
833567584 834147763
184321380 184972621
153994531 154351627
210707339 211225320
962553370 963055441
507225507 507717752
474257371 475467425
548974963 549875914
691352842 691924650
444944255 445728162
803999281 804112152
630181080 631135816
809776719 811012669
133201866 133904449
424891103 425891511
143823683 144614255
557570469 557929356
936614076 936798409
892162862 893288784
217413130 217844690
554454404 554777714
902221147 903337971
99827855 100550162
532379975 532858037
754892922 755124076
383578989 383712759
25254788 25724270
702786629 703814270
292695480 293469843
73571659 73819680
123388938 124450857
794940575 795653659
434362711 434992163
135282122 135816439
532195680 532620308
782087061 782269414
193330061 193527022
429782694 430522354
811146510 812022959
326153612 326831575
426182755 427145271
727184496 727377704
367585920 369758882
744388184 744677531
877460694 878401770
151127526 151431804
543447628 543865650
619886828 620729719
550010903 550611562
65278206 65465222
773921935 773976669
138910915 139421674
730279747 731538593
367396502 368154448
196752069 197426038
762977994 763347938
63699037 64818680
826183680 827786186
601457250 603011923
188941810 189474896
333824232 334812514
490992171 492454864
367121287 367192399
784304814 785147652
720308217 721418211
914670857 916027452
951484904 952736368
501430331 503265991
57143085 57485894
173585136 174501095
965837378 966691077
997899237 998755440
965586585 966061676
122969059 123698561
712362546 713775186
923495996 924016501
472097886 472739918
499330598 499765398
934317053 935085005
460037668 460979510
37641536 37899994
928809346 929684941
324567931 325310308
120299182 120715518
606926491 607778864
107073890 108410662
261220986 261718140
922296439 922889255
519995358 520496407
56883217 57095632
582014968 582214155
582555977 584580524
446067080 446822619
398593593 399488094
946329880 948204732
133488465 134743919
262875367 263207153
81207773 81579998
872748188 873460522
506383896 507163193
101823004 102389111
912929707 913725727
61924389 62593642
610571781 611211137
241486462 242290992
704724389 705184449
33999088 34293403
802520965 802817739
53838459 54898063
537882503 538815361
328246696 329048368
919365923 920445809
815863212 816173037
119165898 120251228
268109252 268253241
588391931 589260748
844237917 844552624
269370588 270031727
762868057 763190885
727978403 729953279
101186750 101750385
443264342 444006432
920756569 921170884
12693625 13460719
493505990 493767009
208995405 209570890
91942636 92336707
552914271 553783730
786854339 787388515
948005818 948755609
680588321 681919946
116670397 117795700
58950711 59775904
600622224 601265394
45506824 45824953
144476052 144984202
77085274 78561065
685979732 686999582
446694160 446893944
16107353 16961564
907327926 908351951
317341681 318713709
531843412 532305135
825753590 826603303
569922849 571155680
301610452 302067564
586196705 587264733
617716022 618131501
180355615 181056659
513610994 514142809
122625161 123387199
557726726 558349149
723186210 724292250
631112065 631957303
185029340 186424577
14393127 15059038
782259963 782670331
828171349 828511615
128824590 129598812
45799831 46589104
943217203 943960806
101629084 101990731
104234166 104703473
650300610 650613835
81702491 82901817
545023077 545357765
62244399 62862893
629420484 630136965
471276483 472084630
615836722 616306236
835348855 836047899
19756796 20071007
476335791 476862524
406111022 406239240
469490775 470234174
30265528 30698897
860310810 861260188
81403480 81844850
543277124 543661940
330603798 331481121
940010427 940420828
356516933 356795801
607746956 608017409
152359650 152842289
189372117 190033347
466917671 467244912
851072963 851587416
10677307 11222789
671087513 672542393
20080410 20788700
535568806 536027176
275601369 276517977
744766217 745931118
751352285 751859432
161922790 162479055
878058450 878763009
903934775 904988273
470922506 471573363
68330831 68780047
860570309 862298198
76288882 77274030
381574981 382263599
987818025 988624938
300564178 301422379
592199704 592476327
773337803 773834204
441637995 442558655
660762778 661169827
998599431 999133962
242381041 242944033
443423372 444439216
130192842 130764907
663186075 663604584
533460018 534085447
392061083 393788352
807349434 808219571
371309175 371882574
282444438 283969766
39761854 40753141
632149509 632515801
180782084 181142134
889809175 890864333
478544353 479367899
233546914 234627919
281643034 283188099
212225565 212825549
824709240 824835178
18423775 18999882
297264966 298277970
880019492 881285250
50756318 51610215
298631569 299559176
131257956 132088990
249232208 249713876
30714284 31820330
16817713 17617807
536731727 537345563
597862761 599388477
352377177 353413324
621145168 621886598
382024210 382435702
553832187 554375423
559664286 560364983
78649394 79724864
594885554 595851755
727326756 728521709
31520204 32054599
176489197 177598641
892535577 893592291
613018663 613404395
250786101 250985448
741785336 742347589
755832234 756496711
372622982 373908180
940469439 941308791
529239132 529487228
561790065 562443147
60874445 61239013
695803989 696916498
42241563 42727688
737583574 738825258
316007394 316320453
244508914 244910354
924972921 925312110
938541295 939306444
308131326 308331889
193536123 194496020
319961730 321067865
208075369 208379774
52240689 52739318
439004518 439341024
300487450 300669588
436986782 438724636
43187646 43378813
298575122 298833848
532980842 533567435
21264589 21899499
311673444 312528498
595859000 597265849
424745074 425185935
34032559 35436093
760479442 761758860
769839080 770577321
490650099 491251331
835219902 835946996
798739418 799571179
624979841 626218465
158468049 159115417
250356669 250754352
353941486 355118457
539141556 540234429
529418157 529865163
904222078 906022780
817311757 818634705
964323754 965727576
291924290 292685940
427818368 429470467
530463487 530701241
84473127 85388465
715686721 716746685
866197610 867774110
567572009 567999596
730815027 731841931
97815654 98673421
903716867 904042719
25946158 26154063
245161305 245356001
819433126 820169997
990601878 990975793
751788669 752091060
483802648 485023571
121952859 122494724
475001033 475524623
481804798 482711306
482479297 483453407
562686222 563327792
418430059 419009192
546096427 547229790
995264802 995539557
524189308 524453266
4265116 4669257
358346623 358540806
896711088 897752454
287105838 287598842
985272674 987209272
276480732 276882077
551023127 551873464
219705795 220249259
568202391 568543989
93717433 94042876
963050566 963993232
674647345 675120204
553935875 554698857
470093943 470839967
593231048 593851490
470326032 471269975
604332504 605177325
17307281 17940481
293285865 293740211
511058796 511912148
738508807 739477197
724115230 724663156
624913267 626000461
719398191 720269949
505853596 506585960
403655472 404337556
960251710 961114076
153190608 154197404
864681230 866153694
521176760 522595584
535663887 536473585
758420442 759409967
211469417 211763776
196368269 196535612
897396260 897935017
48763090 49230813
555001046 555508287
988952117 989564066
167912573 169690131
562274871 562801327
637185499 637800629
85722295 87103700
347412281 347874920
335898150 337729484
684790948 685788550
717892918 718067798
400595561 401701782
774015314 776264989
938958334 939935482
987209514 987560835
466120757 466369166
530847057 532046251
824972254 825568951
846121664 846681242
226718230 227554960
381316581 381610160
945507035 945702838
807880011 808460198
816189476 817282394
786107570 786820183
296803221 297255639
130507705 130883688
53161859 53342278
718027183 718258167
694153755 695472501
402142921 403084347
852883113 854355817
112527826 113442858
338197479 338503015
111404220 112131443
226595538 227078073
70200748 70837340
264166523 264794041
616180730 616895391
837267631 838621127
109535795 110227677
141191318 142200478
631305530 632095922
270953136 271456870
688320395 689767971
711104132 712157738
795585702 795791339
869153041 869707145
411727722 412240627
83912747 84982128
238773920 239003529
42417868 42913422
74856312 75487910
539761656 540734740
831511254 833173995
780672541 780915557
4714132 4992097
953291800 953722908
71999224 72902579
547077107 548002750
862997420 863559217
42821163 43189810
940329618 940632436
503707029 506377549
105414526 106367679
858865123 859864546
278195473 278611626
178830077 179408086
229146099 230195453
673711293 674353693
27762797 28385125
157461911 158123157
252868547 253530592
389192712 391098001
800417303 801130005
435681297 436184486
976462080 976881157
767049 1132811
544537092 545090624
877005937 877752512
545555350 545847517
400521844 400631001
870355033 871445811
844902297 845419081
165321340 165633364
826669191 828393375
238870814 239347598
30554549 31011957
195109954 196065480
699624795 700361100
714850807 715992442
356608621 357075079
142114789 142757122
115469663 116025109
155093402 155388017
508582727 508792245
57050611 57276548
734583891 734841076
802838271 803941117
871529661 872424898
137305665 137513932
473350175 474097658
120229848 120408907
956441324 957306397
966883112 967360489
127162069 127916295
695395176 695964682
763490701 763969791
476956452 477594728
579090814 579855736
175739715 175977763
619595162 620181999
868023557 868278888
308682227 311389413
2178721 2294813
221289352 222759622
252984256 254035734
390495497 391420620
265179172 265928900
909147563 909968013
26067236 26511024
110579870 110787788
875902405 877386486
577001592 577521529
590284966 590817258
620197045 620937688
89163419 89562809
554701270 555037204
452296559 453462644
669979459 670734069
572404303 572843754
522985382 524272164
821679955 823612416
905536179 906375713
373940438 374532468
706170948 707221857
333208005 333555847
581476692 582113298
1935785 2200200
556483 809492
433963849 434344939
618979212 619855486
571841244 572762816
550478468 550719136
704817658 705956186
104489597 104920662
165599792 166115878
435151139 436111152
861977850 862542745
157855047 158908863
781728967 782214151
551131285 552710347
117795990 118073034
889294618 889686839
677971129 678812777
178011862 178840736
344493441 346986513
708514394 709637892
353535057 353656537
320584278 321694421
439368608 440446629
422042366 423334802
473945417 474552470
11059506 11447014
632953467 633738082
649815159 650456959
465313624 465786402
587101361 587489267
214496875 215179548
75978415 76351042
645099297 645851859
852567322 853357670
617945723 619217869
961898932 962434148
900737985 902197807
211679568 212722783
842677232 844419513
643302491 643855660
543208410 543343381
953964534 954567031
707745749 708285773
684656900 685519084
613492708 615590618
3264409 3804445
192385100 193316955
485644214 485770574
24614023 24878640
305335872 305920268
416130819 416623125
14087933 14350374
203819147 204316059
518703951 519703838
23459734 24059786
196437783 196675266
736682909 737440253
144830615 145107578
721182498 722224319
194814772 195183216
880914122 881851700
623174450 623965940
212945463 213176649
559161303 559705589
44597262 45277287
671397034 673215468
628490367 629405891
498447519 498897164
964030251 964386000
285292440 285529078
847605306 848143642
774613786 776602273
936864167 938374525
871310579 871777935
66017745 67174715
606726242 607409691
735301982 735662378
11260361 11934746
856048464 856486269
2476032 2931306
154322036 154658283
344350690 345853710
90458923 90948275
386008762 387190581
932261549 933082267
587754290 588678480
179539445 180262540
530627679 531102172
813075113 814602546
848444508 849162959
612598123 613052231
331402892 332444139
900452769 901207277
595251025 596653116
897886918 900105385
88807912 89377333
983121476 984707920
740458029 741159041
836198610 836310851
499843369 500296004
824834446 824966263
479174023 479582251
882408832 883288743
201586392 201936126
463467289 464699479
62776212 63161763
834122526 834775709
161855769 162295597
975258330 976460829
209422190 210273047
115885887 116651047
887316578 888683518
444458531 445061856
484553473 485238143
164364036 164989799
210001871 210682130
5717900 6224159
235866116 236441471
137353343 138095069
829812265 831293361
215064432 215561223
376050651 377074589
916889227 917289243
256103566 256439441
764354106 764893391
139308617 139489346
276993982 277721055
610906161 612451011
265499092 266435072
240223773 240754620
342229443 343405242
135246553 135409138
29859991 30126450
163626847 164583285
572776522 573311027
675205206 676577615
740159898 740669272
434301120 434893815
420685394 421680694
303308314 303644607
991423121 991588912
902902773 903799124
808806794 809978157
127944215 129090427
102138977 102487537
448934286 449266355
242540745 243241778
957647049 958819730
159743715 161313362
889679547 889895242
409051757 409897638
928693394 929169611
971663807 972067699
262319171 262593421
280206335 280748116
242186969 242467443
952927300 953232406
87556803 88717983
658733526 659958745
761671626 762814191
59662167 60522841
355046427 355478785
234785401 235244017
444166019 444576927
274512260 275093601
187093696 187353678
479559917 479884878
239052487 240592029
246027579 246462121
974694314 975158122
810796218 811146782
409567821 410040132
237359284 238101616
456679440 458512064
853669004 854981965
994876009 995360366
663370813 663867149
257266452 258011665
251162351 251533565
174969851 175762734
12957323 13487492
393201198 394252046
278794301 279484099
704295503 704764724
114759735 115170125
346690805 347663715
213110181 214003127
406135162 407159401
277631363 278052078
680080116 681783875
525251755 526243425
607946697 609209820
204737462 205646330
152808395 153000738
434938928 435631451
43215406 44214058
22703507 23287221
763782650 764668695
176883249 177859078
496080645 498154568
49559909 50361321
366770965 367129128
301901546 303082585
503427293 503626729
325352961 326109828
129806193 130156497
522718641 523890006
216384216 217557614
306406994 307466748
375254965 376018318
65625900 66774762
273903066 274588446
355421552 356026735
220095513 220526306
639096043 639816670
789988350 790765492
98976370 100088424
493050127 493469120
49327191 49593564
674289790 674622420
530215030 530544334
110885594 111344010
233504200 233595493
360271730 361388587
286439902 287202474
407305437 407927850
174783672 175344112
371780900 372353054
104895162 105064630
632031503 632261361
545661418 546895115
365982357 366713557
901784196 902561487
451165618 451736102
454704197 455737836
584026998 584948050
917998718 918880742
600529955 601148855
748673464 750149535
400373396 400522129
161552857 161865376
657702091 658000644
283199565 284241270
27315869 27813821
400900168 402185640
690052902 690434321
220421874 220879790
792844805 795415651
724544272 724856612
950149426 951406337
994038909 994520743
557998917 559263281
69924069 70277247
361528536 362986896
476720621 477233613
991134048 991460608
875406874 876323444
931184858 931859083
662727525 663254339
709749713 710474427
917553372 918515592
524516936 525115465
305917690 306030798
154573505 154836347
952334564 953126102
632345216 632912960
690424622 690684942
516741614 517917341
294149614 294556858
568694362 569367202
560691735 561433440
929443373 930240085
258258505 258707403
910124361 911957505
528968192 529167631
25517848 25997042
920686870 921037370
915768719 916727767
453487653 454657971
845899147 846324748
707187708 707481793
18079212 18574656
710596976 711372653
911724846 912727124
582397664 583191959
75270091 76087612
661932951 662540974
882557999 883485503
85607280 86751475
472961405 473533844
27869580 29045938
735715184 736312426
609878031 610434650
236391287 236799984
525881595 527556067
564671461 565348029
781159520 781922310
325882453 326166805
966372283 967032732
181422523 182240289
638049926 638266780
489629488 490449360
285505445 285766695
394111063 394673367
21986654 22333532
687040752 687530649
36936829 37300211
669395829 670161389
57328058 57941056
815208658 815970293
237261938 237533031
620799250 621463358
404598978 404810622
817932391 819417443
764835621 766490298
834925213 835314527
262983993 263996319
54828541 55720707
834238619 834949616
372137194 372830976
711849805 712694182
240662941 241320863
73218747 73509098
494423910 495356917
403875713 404712632
998853313 999602722
4575696 4731198
169725432 170683290
614306942 616005953
845271020 845557596
590900118 591070669
131915370 132528734
373889213 373948680
307811763 308191503
891038690 892410783
719156364 719422527
716152417 717760813
148694826 150024277
974953070 975454800
918743775 919868667
568537555 568689411
635568082 636354496
931546761 932049027
836041859 836223651
983114550 983763727
501120789 501614909
963432984 964085455
267172550 267631647
925874507 927090376
646789675 647535288
359870582 360030601
864337454 865388448
139535978 140458653
996042610 996290735
819020300 819798938
118523321 120121416
120492420 121287192
580577301 581928272
304379816 305135205
37196392 37473597
24833689 25056831
249457106 250428559
270732856 271411264
768565165 769258961
339515857 340421799
782778950 783265676
836330402 836797736
58283189 59605228
109314811 109432221
679119153 679883994
204345196 204597049
203994193 204387125
490111760 490472890
314715144 315752635
39551665 39774925
859129046 860469891
565051242 565548719
273719516 274188501
306036056 306747681
83235274 83848677
293591272 294109477
466364429 466971884
752958146 754147234
848190076 848538346
291352220 291552011
718087812 718969682
382382276 383314324
430278788 432028214
187335012 188144492
513275023 513817428
510547782 511381486
458056788 459743239
190827439 192016781
261469174 261848277
244208654 244613980
756255534 757365253
288078732 288530823
776482234 777419882
341507587 343053694
683166441 683671028
113099295 114119958
956302320 956754651
29452394 29970898
745923269 746330830
754694928 754898045
955618648 956372815
591055236 591413679
653672044 654717616
845485225 845951043
194503373 194807735
19185799 19731017
338581327 338785894
32012430 32965428
604901740 605599941
41216589 41939479
328952028 330274588
326606019 328719142
805245637 805984443
102729859 103812923
39427234 39751566
193359569 193833822
935954974 936647313
414643232 414858067
218019632 218236591
534517484 535396431
738933707 740392581
970146472 970823356
161404313 161781526
366536055 366957487
394660798 395331723
38033708 38306288
182348603 182721267
483263442 484082433
569293049 569929892
414859763 415395825
461447129 462305428
640090825 641322552
109900778 110426405
564183641 564792107
391312684 391715521
245426798 246252091
112354212 112528065
340860647 341964177
142680753 143829242
678794080 679021752
657371288 657472543
108603774 109375322
382785107 383481283
376272454 377695876
46729473 47663331
637746988 638052033
909959772 910390736
23224402 23641667
469131964 469924098
996465953 997354133
928515567 928700898
98239854 99532428
325265089 325554997
814326189 814730470
648728222 650128409
412255384 413393688
290155953 291094015
291487322 292461197
61623130 62156192
479665441 480062048
73426523 73610433
958502822 959659021
646086913 646507234
361060465 361882198
771262590 771746266
754055814 754275371
151397884 152085398
136645074 137318414
162347030 163905922
190625618 191177678
338330194 338680446
777933433 779655387
63240561 64135055
422594526 423710585
851474775 852023469
186682099 187101827
846789610 847389168
503471331 504204290
741774780 741915539
495510729 497157821
524451890 524649689
609123519 609965381
248905200 249277639
622949094 623228189
746441931 747075744
23922389 24621798
337562693 338208330
654295189 656246123
275480707 275831770
462178867 462721944
358715683 359745836
599257030 600172498
674992734 675352772
383654189 384280818
218987783 219993939
124279055 124804629
173979672 174961679
110252862 110603117
992863996 993302700
647367365 648512417
701294989 702586885
728830491 730433792
53792621 53958687
192744363 193358841
646266777 646699409
995516533 996024301
67790909 68383215
679483225 680112953
48826530 49534847
12195806 12900878
524990829 525221651
166391528 166889099
760063373 761001034
657995476 658490621
206172341 207065178
557381612 557646242
650668652 653295013
462705043 463693303
166704160 167054046
332315660 333499219
243030927 243959025
989258871 989782588
660049070 660284464
240804179 241829980
908356601 908980782
262701748 262931610
731711058 732440232
97773329 98042334
594211842 594966685
262580238 262744379
149372650 150493130
363338957 364520441
409957554 410599635
234984048 236001405
7886230 8668965
194380607 194727758
645753605 646142980
668863698 669938062
46212959 46915466
37403479 37676374
201935056 202015830
167886366 167923018
624114052 624955916
489282090 490084762
159524370 159806473
490472290 490907641
396005277 397519241
130843498 131168907
279884911 280337324
659539687 660205259
783663712 784524676
80591024 81278664
421242102 421900046
114014302 114255666
605569835 606859194
599534868 600567139
930684884 930991923
633370522 634076219
26534644 26809684
837889762 841987835
922624697 923525331
759244864 759866400
64960154 65364874
747845550 748242103
292579353 293127649
828449183 828751018
375981298 376188046
667028697 668250249
559996807 561207576
78551574 78866077
986032542 987399911
407420015 408988879
35603502 36194167
906786364 907156872
848588807 850237460
160750396 161545852
243869884 244406016
187671508 188581478
69173795 69722885
43651768 44785652
293939276 294278171
455455137 456095341
830541389 832017081
223443342 224368546
549403500 550117303
939650567 940002874
571416319 572344706
707240510 707831440
125824962 126380617
164703444 165599261
248601584 248941969
665449369 666469544
514323481 515533963
87621104 88910850
548268666 549164583
416265709 418911450
112018341 112380870
466009171 466196314
668205653 668610053
976964969 977624694
590781347 590936470
299186696 300514424
591481480 592287057
577071003 578673197
171427585 172253757
440488473 442051714
369677274 370122888
491917654 493079412
707852113 708413473
467118070 467780448
51393421 52140198
653411035 654081721
628811323 629877274
677355399 678619042
511767390 512787136
256365340 257052130
296573352 296886072
365584005 366331382
874934866 875562441
769531370 769884678
591075634 591935197
919961667 920728375
80139325 80393208
885035749 885553944
791830222 792635627
705584768 706985970
888893839 889549584
134297950 135081581
610087494 610643426
678843044 679385671
836767162 837809742
508273241 508699492
36180179 37055907
540883658 541637866
438774877 439009837
265129759 265369652
771741384 772611704
545233427 545583499
930158036 930711757
245317360 245765785
359332126 360024368
255381630 256342161
8757993 9561255
347809546 348552497
300866352 301792676
848088020 848424121
224262371 224726989
529782516 530303128
238171845 238805333
617573972 617918619
318776599 319853287
461147577 461454070
758192855 758877829
779669865 780707701
644618316 645750803
47946254 48814011
785039736 785575533
520034043 520938542
719723638 721181829
374573524 374758245
691576052 693752696
3924277 4526836
216114378 217096435
661037471 661635005
351109463 352285638
846753461 847035495
319511593 320477360
856383330 857190511
957044773 958289342
259691681 260228744
588873568 589392451
207013538 207620777
343156714 344085697
442075865 443274892
626595184 628251629
540362285 541025883
697050836 697876450
233208172 233524726
9016921 10144752
122420657 122911145
722667387 722968523
254192792 254997610
557150735 557537661
746960342 747450922
991529847 991688367
642859935 643244467
271589929 272860170
917256249 917574446
17671871 18145495
513042436 513319697
208282760 209013709
8502596 8767803
374617818 375211503
621673887 622464346
205173650 206002851
257875753 258527321
410267137 411547657
353095738 353626655
266096661 266872872
104982465 105458245
769109231 769496798
145548909 146602018
273023541 273428955
230170314 230983664
80317727 81159492
30126021 30288720
156825989 157448794
480580785 481008617
388783834 388950478
629896674 630961831
700680515 701618527
139481751 139709285
421856560 422323228
218239377 219418032
170303342 171059561
752050957 752705062
701922066 703515590
790832036 792043071
908163898 908490870
737413213 738266430
255035340 256058008
626171925 626853854
356967276 357244421
816046747 816750505
716944344 717991321
338775931 338933367
981735684 982507221
797714847 798901948
65370628 65911029
507956102 508338001
616587185 617182379
228670438 229757459
2873578 3036162
280748135 281942928
159184861 159661819
322209366 323146581
643664695 644351078
762761645 762933708
437792353 438799001
787246444 787558362
32292494 33562461
969097759 970312369
94410684 94967661
304753480 305690265
21689677 22276218
942468762 943488743
752392494 753479513
886633031 886834988
194803674 194846913
797279119 798363251
27157480 27414092
402265648 403446635
207522904 208082858
64570973 64891673
167338443 167890518
260177500 260997421
804496973 805402650
510250791 510640005
93326448 93830723
96092491 97026507
267586967 268116966
246422125 246893336
254914635 255077564
316214632 317581412
564156233 564605884
426792709 428290300
460683819 461303415
314230199 314872718
