1999 4627 718
3488 4292
3053 3570
1263 1954
553 4478
1283 2035
2128 2173
1745 3840
2473 3738
1082 4389
1047 3983
426 1161
3311 3987
2617 2933
1773 3542
2406 2865
3184 4322
1056 1125
1638 1976
74 2487
908 3485
2068 4426
87 3116
1376 2988
3735 4099
1503 2459
3469 3711
1899 3059
453 4316
412 2718
3456 3737
3919 4452
4199 4344
1201 3349
1280 3304
3527 3543
541 4489
533 1050
232 2220
2682 4542
1141 2307
409 3165
2350 2928
2714 3562
3315 4124
1375 1414
2062 3292
2838 3756
3323 4470
2216 2847
1542 2689
912 3430
1424 4037
2317 3115
1550 4562
3704 3920
4038 4355
174 2156
413 2228
2374 2772
1095 2708
125 346
2730 3868
1211 3653
129 3113
1790 3286
2099 3803
1123 2893
17 3319
3515 4221
2429 3966
225 1775
1936 3995
2842 3802
2027 2757
2338 2563
2051 4338
678 2085
3443 3947
3231 3455
1140 1940
1809 2388
2394 2927
273 4617
4187 4274
999 1551
2203 3620
2144 2436
1153 2065
1093 3122
1294 2266
1881 2519
1546 2783
847 2223
1049 2368
2032 3262
1637 3055
781 814
1065 2247
1602 2000
13 870
3452 3946
1675 3640
3 1914
476 1274
233 4255
188 497
1938 2546
2500 3644
1238 4152
863 3301
122 2123
874 3825
145 1229
2919 4085
2243 3431
1371 3477
2328 3026
1103 2812
2395 3426
468 2028
953 1592
3404 3505
199 1658
2514 4200
2595 3838
1108 1946
959 2089
2908 4280
2124 2316
1332 1833
601 3352
3351 4439
957 1394
302 1435
2670 4557
3768 4231
1889 2859
198 499
1626 3240
1320 3033
1802 2795
1300 1676
461 1269
241 4006
3397 4431
451 511
3879 3928
2116 2217
441 1077
236 3546
429 1249
1530 1808
1060 4547
1721 2717
2384 4314
452 2383
1150 4456
2271 4516
3234 3254
2248 2606
3766 3998
2580 3498
1379 2136
747 3939
257 3772
406 1903
3071 3893
197 3460
2960 4319
1787 2057
2939 3878
1029 3526
471 1758
267 4048
1804 2135
1142 1418
843 1886
3147 3898
2846 3362
703 4027
4434 4600
1995 4387
1351 3841
470 3521
1037 1991
488 4044
570 1385
2218 4133
1572 2667
3256 3491
290 2342
742 3556
2653 2900
456 3651
1314 4348
1629 1898
1492 4202
1381 4614
2784 3858
422 2378
2290 2710
3723 4217
365 1291
2481 4501
967 1612
1459 3660
732 4385
988 1930
2363 3227
2620 3740
1365 1614
372 733
3552 3881
1019 4097
1718 2155
613 2069
207 1989
2252 3856
2897 4073
213 2507
1149 2351
1792 1944
635 1159
794 2611
88 4443
3089 4260
2652 4293
284 4623
3417 3685
803 3692
230 3372
3835 3860
1708 3466
1281 2513
24 650
2494 3655
2631 3867
2683 4050
1700 3705
4162 4286
3779 4094
3664 4125
2913 3778
86 3870
812 2258
1433 2227
851 2269
997 3843
1266 1704
1313 2745
594 3509
475 2323
2010 2899
697 2238
1270 2753
2304 2451
1751 2315
327 3482
516 4495
2723 4418
842 1277
1020 2715
3662 3894
1017 1168
2532 3597
1805 3027
2055 2649
2861 4013
825 2678
2264 4296
82 1741
1814 3819
48 2409
930 4358
1824 3943
2889 3239
1315 3827
3622 4151
1667 2850
3380 4035
151 2105
1965 4441
2150 4238
1722 4417
1104 2875
2696 4053
2309 3696
2002 4447
551 3950
2192 3341
2785 2849
2512 3021
513 1533
561 2198
595 1701
410 1207
1819 4304
4112 4602
393 2843
1969 2022
3181 3811
3594 4586
1880 3217
1288 2809
755 3917
265 2179
3376 3709
784 3425
1860 1982
2249 3697
1066 1883
942 3124
2605 3057
3365 3583
305 735
1579 4095
1768 2281
1022 4216
1798 4110
1743 3534
1116 3078
995 4002
2760 4421
299 3518
855 4119
3706 3972
1121 1396
402 1297
358 1034
1660 2636
3080 4170
2122 4619
1202 3399
1341 4156
2798 2905
2199 2758
55 3746
228 2166
206 1487
347 750
1254 2915
141 3309
1245 1491
1765 4061
114 1212
1508 3289
615 2946
3141 4525
2109 2954
2976 4350
630 1554
235 4132
1367 2955
2737 2896
3198 4179
2804 3120
2623 4380
2158 4128
178 919
1696 2651
444 2127
4101 4218
1218 2079
712 3025
2380 4535
1260 4604
2257 3223
152 2885
342 4560
3131 4245
1075 3757
690 3253
1601 3096
1118 3646
647 2661
3009 3367
3470 3549
1774 3263
1182 1919
1338 2729
289 3241
1071 3572
1525 4548
2188 3684
354 945
119 224
1096 1374
891 1364
1893 3496
797 807
776 3648
99 3726
2800 3727
2268 3668
989 1360
329 2917
3569 4339
651 3503
2239 4553
3230 4066
2333 4034
527 1343
1413 2980
1698 3550
584 4174
148 2681
2674 3350
3548 3551
648 3820
2029 2596
421 1616
2769 3358
2012 2073
1010 1370
1973 3415
1078 1154
710 1307
2112 2396
2635 4428
1482 4078
76 4407
44 3282
2326 2810
1257 1426
216 2998
2480 4105
132 1794
845 1754
1927 3990
1091 1728
4381 4529
2324 3331
1053 2215
398 1726
314 3220
2349 3123
425 4610
259 1830
6 1179
449 1000
1349 3423
124 1645
454 2669
2644 3138
240 673
964 1133
1146 1693
382 2570
3859 4327
3595 4455
45 3522
1155 3069
1437 2082
111 4045
2387 4482
1248 4352
3285 4484
573 1941
2444 4126
1971 4166
1251 2086
766 1712
3822 4141
1137 4194
2557 3608
1639 1963
1395 2880
785 4436
834 1852
504 2142
1032 2204
1293 1945
3258 4460
2254 3347
3243 3338
1001 1859
418 3852
1438 3775
467 2222
546 1539
3892 3904
754 4149
952 1561
344 3938
3007 4336
1567 3695
1769 3211
1578 3965
2461 3558
826 860
432 1225
1926 2744
1710 4148
1178 3393
2830 3172
2575 3104
537 880
1273 4402
2925 2994
252 3681
53 2599
459 3447
2478 3305
2814 4624
956 1382
1028 3792
2633 3371
321 1463
1527 1655
1446 3204
1677 3182
2006 3574
1239 1325
1669 1917
614 2106
760 1984
203 2442
2270 3495
1084 3650
1964 2588
866 4240
1198 2148
819 1214
3745 4279
2431 3855
2499 2665
1789 4169
610 757
1651 2341
3918 4514
1064 3996
1120 3170
675 1861
442 2379
205 1027
687 4579
1152 1786
762 2265
1851 4588
2414 2848
2419 2489
4177 4492
353 3767
535 2121
1891 4583
1264 1821
557 4607
899 3582
440 2497
183 978
1520 3563
1308 3961
465 3333
756 3153
983 4377
1222 4372
309 4520
2873 3019
954 4075
3689 4536
1890 4332
2090 2560
3448 3507
1431 1694
367 1387
94 3044
460 1806
2362 3445
2114 3645
1378 4513
2437 3099
512 2267
969 4485
1528 3067
1813 4563
1483 2313
35 317
3018 3060
1227 4114
2375 3197
330 1924
3271 3322
159 596
339 2134
2080 3997
177 3797
1188 3783
1 4425
890 1165
407 4093
1975 2781
395 524
3151 3355
1015 2673
234 2477
2400 4098
3202 4512
157 2180
1092 4410
245 3171
3533 3607
2011 2591
349 4597
587 2733
2230 2422
2151 2485
101 2034
1012 3544
253 565
574 3216
1427 4241
3630 4295
751 2663
3049 4519
38 2457
1950 3238
2589 3411
655 4036
69 3787
607 3255
27 437
231 3722
2568 4341
1604 4220
1856 4253
3276 3479
2195 2472
2970 3537
2197 4401
2463 3688
3636 4159
547 2484
1333 2193
1342 1767
1007 3993
2541 3871
3278 4263
173 562
120 731
397 3297
2789 3555
2462 4233
78 821
156 933
1354 2619
652 4025
739 2314
2081 3068
2187 3981
60 2871
2346 4029
1955 2907
3643 4065
3186 3661
25 2160
691 3963
667 4091
1383 1403
2221 2741
1478 2496
515 1763
2182 2219
31 1951
2825 4277
227 2951
1714 1793
3762 4518
617 3728
748 4165
1817 3948
2502 3494
644 4225
556 4578
1608 3641
36 1391
1054 1970
1902 2640
1624 2084
160 4541
80 2535
1304 1619
2471 3500
3790 4515
1316 2601
3720 4008
3639 3829
680 1831
70 965
608 2242
3093 3590
2977 4435
2564 4429
251 713
2450 4595
694 3295
1258 1339
243 1210
281 1006
2168 4382
603 962
1536 4276
2177 4069
2237 4246
1296 1566
1777 2627
218 3213
2562 3914
1761 4026
2822 3010
2540 2659
727 848
2078 2883
2985 4458
1334 3977
333 3764
2181 4122
1556 2026
127 335
215 927
910 3623
2969 3205
3992 4049
721 1129
669 921
32 498
445 4195
1980 4611
555 4394
4373 4544
829 3596
3109 4215
981 1465
702 3144
1869 2554
462 2015
484 2404
846 1849
3119 3247
419 3196
1506 2046
1345 2658
1105 1648
420 1870
2061 4155
1474 3212
681 3343
683 1911
434 4465
1997 3359
3248 3631
220 3690
1044 1111
1252 3117
1038 1764
2037 3715
405 3497
1717 3736
400 1671
386 4403
1588 3566
392 3809
1130 3587
2183 3022
3915 4062
1286 3307
3473 3902
1748 2132
1862 2213
1512 2602
3474 4313
659 839
958 2815
376 1072
2504 2981
951 2043
3245 3616
2091 2929
3960 4592
1630 1871
824 1757
1309 4415
416 3773
2424 3591
1685 2067
485 1985
3732 4483
1497 2990
436 3003
631 1688
2539 3125
777 802
624 2597
937 2310
1299 4205
379 695
1828 3316
1959 4343
2811 3493
381 911
1797 3686
1112 1585
1516 1822
165 208
720 1873
1183 3030
1355 2251
3088 3250
2036 3545
3313 3416
940 2646
3909 4080
2153 4201
1960 3707
3284 3317
116 2891
893 2752
2009 3004
715 3724
2038 2042
906 1330
350 886
478 1622
605 4113
3287 3785
2302 3433
3148 4057
136 3002
1445 3805
64 3374
583 3225
3356 3438
929 3742
1143 2734
2176 3864
2971 4530
1127 2208
2093 4198
875 2130
121 3795
3050 4468
4117 4160
12 1206
182 4330
2458 4158
3143 3693
3321 4154
1939 4329
1668 3332
1801 3097
1318 1966
54 2691
1439 4593
1199 1292
2911 3845
2992 3335
401 3850
590 2576
1076 1285
3463 4042
1131 2005
345 1399
3132 4206
3229 3624
3081 4599
1230 3886
2201 2413
1522 2864
237 3734
65 4239
3999 4278
495 4546
1835 3422
185 1691
1350 2892
3251 3973
2501 4585
334 3782
780 2118
4448 4581
3941 4422
2018 2940
3194 4007
286 2786
1720 2359
244 4096
430 1174
778 1208
1098 2921
2260 3536
1672 4615
196 2728
2914 4193
1390 2295
2399 2625
3593 4555
677 1732
623 3968
1326 4481
1398 4063
1114 4102
466 4321
15 3923
3731 4408
1674 2774
457 3086
296 1738
1013 1046
771 3484
2600 4290
2435 3260
1021 1323
2119 2806
520 4074
1782 2115
190 522
810 4183
811 1863
869 1703
294 1650
1755 3325
1461 2973
698 1683
1972 4551
1041 2165
1910 3865
2787 3092
292 3874
2184 3687
774 2909
934 3160
2666 2930
700 877
3743 4172
1705 2775
822 3749
2174 3944
179 3336
575 3851
104 2210
3576 4306
970 2305
4420 4625
3672 3725
1894 3883
3453 3540
5 2505
59 2533
1177 1485
139 2845
972 2779
1887 3714
370 3085
1476 1646
1531 2612
4138 4324
8 3112
571 2474
186 2418
1580 4591
1404 4123
1958 3427
18 1987
1555 3042
414 538
1331 3457
3617 4545
2593 4361
2391 3955
2529 4024
67 2821
408 560
1455 1652
2982 3713
604 4451
505 668
2261 4559
492 3158
1209 3585
2476 3924
1540 2205
2306 4414
2162 3976
363 4153
564 1866
1905 2420
1412 4273
2434 3532
882 1069
433 2567
2054 2780
884 1904
1052 2047
935 2120
16 2211
1255 3985
1877 3642
3934 4103
758 1419
1641 2432
1742 3554
2923 4561
384 1507
813 3658
2393 4393
660 3621
928 3150
4131 4282
482 2675
1684 2159
263 1450
745 2876
323 1576
2488 3481
2832 3199
563 3492
971 1620
212 4043
3218 4014
1649 3673
1233 2356
1957 3478
3712 4015
1839 2171
729 1912
2048 3441
1170 1692
3370 3680
992 2371
1373 2407
1498 3073
2509 3462
3188 3409
311 3454
3236 3483
2530 4288
1640 2943
633 4016
2427 3465
531 944
3816 4266
2063 3024
3015 4574
2117 3833
2944 4163
1990 2274
1205 2869
2492 3136
1368 4284
3066 3300
1187 2948
2582 3098
663 2912
1803 4590
662 1171
1800 2288
3895 4367
1232 3005
521 2957
955 3436
2671 4392
820 2531
3259 3647
1596 4219
1929 3956
3733 3794
469 2360
4270 4391
1175 3971
2699 3931
1589 2456
282 4300
3744 4287
1666 2802
1747 2559
1016 1271
1571 3669
500 3525
2161 2335
507 2207
100 2303
2816 4031
723 2233
2285 2607
1109 4084
2049 2709
2095 4423
3602 3632
1393 3927
3885 4139
3489 4486
14 3796
2657 2819
658 707
1040 3339
3012 3475
1295 1968
1547 2229
1244 2662
308 1737
9 133
63 2392
792 4558
2 2638
3437 3528
1305 2867
746 2577
3137 3179
450 490
2613 2618
1324 4540
4059 4504
593 4491
2013 2157
868 3958
1875 3326
1928 2808
37 2654
3294 4626
1643 4248
2410 3174
1100 3142
2755 3808
665 3739
1466 2358
1994 3949
1160 2382
2712 2844
2615 4261
387 4497
1327 2163
786 2520
2041 2234
1124 2777
2868 4100
1469 3830
1400 1680
2639 3209
352 2077
1340 2448
1892 3759
2827 4190
1164 3912
322 1716
2545 3674
2125 3037
580 2837
705 2196
2232 4127
1243 3353
271 3748
628 1657
3334 4285
3605 4265
364 390
2706 2950
1906 4020
368 3564
1289 1635
3817 4594
424 4047
211 2771
552 736
3340 3412
1760 3926
4067 4209
283 4104
1062 4347
1653 2023
3891 4622
1518 3051
85 3468
3257 3413
998 4449
166 3486
163 1816
1008 1707
2275 2365
1226 1454
1282 1850
871 3654
4018 4087
2298 3880
950 966
1575 1853
1287 3017
1253 3062
1303 4089
1837 4524
925 1407
446 1854
415 2690
260 3793
2585 4311
1878 2961
536 2345
1574 2544
2879 3694
913 3391
26 1216
130 285
801 1733
288 3375
3275 4503
2262 4072
589 1494
2455 3932
2571 4566
93 1788
1172 2094
2209 4496
879 1456
2377 4107
1885 4028
2352 4564
1228 1689
1784 3988
1490 3219
3940 4572
2823 3149
1636 3529
1715 2111
3670 4250
110 4052
1346 2522
2231 3269
3863 4001
539 2698
1107 1553
931 1605
2528 3974
1234 2276
171 2851
191 4109
1735 2895
1502 3877
153 1931
1425 4268
1978 3876
788 1217
83 1537
1633 3861
1513 4021
34 2348
328 3444
2138 2888
1857 3991
399 730
2064 2754
832 4068
1428 2280
1181 4526
366 2552
137 266
486 4587
1772 2131
109 2604
3385 4298
378 2098
30 3957
142 1552
844 1713
4235 4532
4346 4471
1420 1548
545 550
1662 2684
2019 3187
373 2076
922 2083
1102 1673
3758 4543
2321 4569
1570 3810
242 2137
2001 2175
3273 3467
3679 4505
4247 4354
1061 3079
973 4534
805 1148
1678 3906
1203 4416
331 1068
1526 4371
2040 3154
2147 3786
2438 4445
1186 3163
1864 2364
1272 2983
523 3806
2244 2797
828 4041
325 2508
50 2443
3366 3857
923 1535
622 2361
3270 4308
1826 4405
90 2370
1999 3054
3337 3588
674 4115
2169 4438
313 3535
2886 3192
2293 2862
1942 2936
427 3751
3506 3675
2583 2805
1194 2672
3962 4171
1366 1915
1977 2464
2088 2984
1392 3476
1935 3815
1240 4077
2799 2855
480 3274
96 3499
3676 4192
2453 2677
3719 4498
3047 4178
896 2713
2660 3401
1018 2343
493 835
380 2626
827 1057
1812 4517
646 4589
699 3357
1088 3368
1949 2555
360 2426
1697 3908
2245 3945
1043 1514
458 3020
1654 2506
3900 4450
2829 3169
2836 3538
1086 1145
579 3667
170 4533
2965 3663
4116 4510
187 4612
1632 1780
761 2621
2318 2645
2024 4118
1706 2703
2470 3989
2740 2840
724 3291
3429 4364
2697 2931
2482 4083
1594 3512
3091 4039
2336 4305
214 1475
2172 2748
3698 3982
1511 2536
1495 3193
1611 2327
862 2962
852 4552
2016 3442
1409 1884
1468 2403
823 3134
1002 2942
2107 2624
1590 3382
2590 3913
2818 4320
1577 3330
530 3547
343 2858
2185 3127
1634 2759
1918 4606
3754 4003
223 4289
1156 2770
2860 3721
4376 4384
1874 3191
2738 4388
3603 4175
3776 4294
219 718
3320 3610
4222 4369
3890 4086
3102 3560
895 916
348 4005
2995 3183
961 4004
394 2510
2255 2412
3480 3933
371 1583
261 949
1749 2749
134 4318
977 1151
2224 4362
1134 1656
319 1746
783 2525
1023 2632
1795 3888
836 1923
411 4076
728 3531
463 1215
2381 3221
3801 3899
247 2259
1090 2664
164 2103
1094 3280
1319 3159
204 3905
131 1907
1191 3400
2331 4252
369 2835
1600 3586
355 1952
3268 3638
833 1558
473 3836
2975 4070
1477 2790
4226 4580
2030 4111
2603 2866
1128 4549
2910 3461
4528 4531
1119 4232
625 3252
3964 4281
1448 2167
326 2397
503 1756
688 1815
1302 3824
2329 3539
1829 4204
33 1623
1035 2357
2993 4317
4303 4374
1087 2299
77 1621
572 1515
858 1051
1759 1810
455 1569
256 1462
1967 3130
591 3818
1432 1679
1458 3162
3077 3306
1642 2521
2904 3105
2826 3951
1223 1321
72 3389
519 3233
1499 3318
167 4620
2417 4565
3869 4000
1357 2722
867 1480
1962 4399
854 3090
1581 2857
2716 3516
2320 2894
2110 2920
4137 4500
554 2277
1568 3384
2092 2877
112 1025
1858 4167
676 3043
905 1845
1042 3354
1003 4258
222 3839
2408 3379
280 528
2924 4272
1447 4022
73 2050
428 3028
3683 4613
3298 3612
3178 4608
888 2743
889 963
1682 4249
666 800
306 2616
1220 1472
2726 3424
1840 2278
3618 4081
1729 4502
483 4299
815 4331
249 3884
711 1358
2178 3072
147 1584
340 1132
2999 4032
510 3210
1486 1896
856 1979
2141 2283
479 1079
2853 3730
517 1709
175 4135
686 2542
2430 2996
2433 4185
2978 4521
782 2751
2956 3625
103 881
2240 3984
1083 3008
1397 2154
2609 3388
49 4582
7 92
2250 3283
1405 3600
1534 4157
709 2792
559 1934
3581 4440
3847 4509
2763 4605
2439 2587
2319 3419
4469 4527
791 2186
1219 2688
1189 4378
3288 3592
3432 4487
423 1882
1501 3084
2097 2402
509 3575
2610 3016
4334 4356
2579 3373
158 1144
1731 3014
2469 2643
2747 3573
2813 2881
2949 4477
714 4427
2071 4227
1736 2058
2793 2834
692 4568
489 4197
987 1192
2953 4473
629 2297
496 1180
1197 2446
2060 4301
924 3729
1421 4181
2340 4488
417 4609
859 4259
568 2974
1563 3458
1457 3907
1595 3052
1920 2452
2561 3882
902 2543
254 1429
435 3451
1610 3228
312 2731
2648 3842
4375 4467
3418 4054
618 4463
793 1740
52 2440
1670 2676
2334 2441
1836 3629
3279 3922
1988 2074
627 3472
324 4395
3978 4409
162 878
502 3765
276 439
3107 4142
229 1820
3281 3520
3434 4302
2287 3702
431 1030
487 2355
982 3821
1070 1517
3177 4130
548 1126
1329 4310
318 1110
1074 2004
2782 3386
725 1139
274 1900
2415 4584
3579 4203
943 2550
3584 4243
143 1609
1725 1838
278 2702
2527 3039
2705 4337
1204 3901
2650 3048
2548 4291
3036 3703
47 3777
123 3866
1664 3222
383 798
359 1089
2373 4161
279 1372
621 4030
1236 4144
2945 3954
918 990
2742 4082
900 2852
1306 2711
1122 3677
542 1237
41 2551
3502 4307
637 3166
1415 3237
118 3464
779 2637
46 1699
2385 2486
2145 3249
2547 2767
765 1776
904 2926
3408 4359
193 1925
1545 3747
1311 2768
1278 2007
1213 3164
1275 3781
106 477
71 2416
578 2021
2225 3381
4 3523
91 3936
3771 4386
1158 3716
474 722
300 3446
2152 2556
3063 4537
3377 4351
1750 2301
43 84
726 1509
3553 4539
2008 3296
1356 4457
740 980
1834 3604
701 2337
2979 3897
2987 3615
2887 4180
734 3103
1190 4208
2503 4040
984 1256
763 3403
1981 2803
850 3100
2308 4106
1073 2952
611 1147
1441 4147
1565 3807
873 2102
3155 4090
1844 3812
2149 4357
887 3975
960 3800
2934 4507
1739 2526
602 764
1067 2727
62 2372
2721 4499
897 2475
4315 4442
150 404
2284 4164
1695 2518
1284 3396
180 1115
753 2039
1865 2937
1402 1628
262 4472
991 1097
809 1879
985 1799
744 1117
2066 4474
1998 3609
549 4134
2739 4108
4184 4570
993 2053
226 2655
1783 2685
102 2129
298 670
42 303
569 1009
2791 4603
975 3953
1663 4011
1489 4493
19 2750
1359 4363
66 209
1770 2856
1606 3314
351 464
926 1242
3139 3208
532 2087
1101 2700
1723 3513
181 3392
307 679
336 540
337 4621
2833 3406
588 1956
3665 4251
586 2369
664 2941
1176 2634
310 4419
885 3114
634 1848
642 994
1724 3652
20 374
58 1267
1992 3224
1993 3118
857 4618
3329 3967
2695 4550
2273 3074
979 4400
169 3360
2630 3064
1347 1510
3215 3440
377 4244
4328 4506
3152 4264
525 4237
1169 3896
11 4275
708 3267
1505 2902
1771 2839
620 2096
108 293
1259 4058
1587 3769
126 901
3700 4349
2202 3087
2483 3126
768 2190
2425 2967
1388 2746
494 3106
1933 3346
932 4453
903 2801
1625 3511
3011 3361
61 3854
1246 1430
1901 3000
2428 4186
612 3750
200 1453
1436 3232
1449 1647
2170 2569
4188 4567
3970 4064
3140 3994
1687 2515
1363 3302
817 3013
332 3565
338 706
403 2668
743 4511
291 2033
1361 2020
597 2164
2524 4370
1384 1842
2330 3791
853 3708
1317 2641
2498 4297
154 606
1618 3075
1377 3571
3001 3959
1033 2581
316 2989
135 2756
1348 2586
1690 4088
818 3029
1719 4454
716 796
2966 3261
2143 4056
876 1362
1058 1598
719 1909
3799 3930
2056 4412
128 4242
773 3875
1045 2312
1059 2872
3345 4214
3108 3580
3628 4398
1627 4121
3045 4189
1734 3606
4173 4424
598 2841
837 1591
1644 1753
2100 2642
1261 2938
2523 4326
864 2680
544 3979
3508 4353
2139 2263
741 1417
2367 2720
3299 3407
1541 3111
816 917
1422 4476
40 749
3203 3844
1310 3510
1276 1452
272 1937
1444 2592
1048 1961
948 4023
996 3035
599 1557
626 787
3206 4459
1986 2517
258 1193
3788 4207
1184 2465
685 2194
914 1867
1337 1607
270 1665
3145 4309
2762 3405
2796 3837
799 2017
609 2732
752 2347
1932 4360
1544 4464
115 3023
806 3755
1113 3135
649 1529
1386 2491
2070 4616
2495 4475
738 1496
3614 4480
2296 4325
1500 1913
1603 2354
939 1470
2918 3290
3244 3324
1335 2932
1106 4437
315 3031
1807 2449
3348 4092
3056 3823
1573 2922
1185 3657
1011 4522
2376 3428
2972 3541
3937 4046
1353 3200
3101 4079
2236 4432
4033 4136
2764 3789
1369 3814
534 1262
1290 4446
2724 3921
28 907
656 2991
1442 1766
1843 3303
1543 1730
1298 3969
1779 2516
248 356
375 3872
759 3032
2511 2537
1524 3763
448 640
217 3242
2075 2235
202 2072
1471 3567
2253 2828
1200 1948
1479 1681
1380 2735
1947 4191
