2000 1000000000 1964
269305697 625234887
271302972 435447396
159212809 888919663
155427077 714132793
140287342 996157451
308665289 626778559
275498394 699526478
593037748 943598211
86683560 145133159
46282566 540358415
558397051 963795662
13679383 376860175
641037944 935433761
653572269 668784761
50731521 895675589
50758473 556437408
741624036 997562509
962917885 981040695
218183054 237851007
450599303 985599884
524760803 855429473
270431725 690734426
383625539 612208996
479403343 699923304
404715927 849519219
520460740 868981201
222218109 635974887
701808239 811220850
108074810 928902934
564828970 713737276
195382695 902747167
252370018 525298652
240841724 894642824
371968849 670410860
27751311 832420200
321837392 421601221
343807732 573583792
13212094 991401682
334364936 825075852
238014837 638834690
130728379 139041216
746137849 767198172
358978125 732021967
493497902 820502407
490293036 688129904
703159071 839555140
639829618 682353862
730011416 944077738
880625302 887192916
28280837 678576947
144974219 417786142
317427416 965031883
138994692 208082696
174607394 955314083
201224043 963577851
3193794 441403683
187096603 573673202
518967586 674033625
69131042 461832181
150215985 751085868
232295205 453027390
835323501 995377355
255365549 593184938
200807424 488136324
71165456 516826743
314264749 999742487
150512763 238782762
256758758 672813913
453715251 727017582
127289313 367934588
847178669 959236807
278963705 443675065
849486712 858575424
260483785 528944935
298046836 575179055
57757250 925172106
543514338 606713886
47831118 560456783
265519096 940566865
274575369 930122207
591225275 938453279
289855643 727417527
570672951 973536786
36517159 75325938
572346497 612678614
202449702 921617438
233887002 904707815
546078349 625481834
230528997 384550152
28310315 276081795
74086128 379147115
101195161 988930451
216057177 999916189
381830225 452737059
208989803 441557200
102804945 142754720
1872226 402747520
387878892 482644365
132175815 402714390
354817769 843546465
255530267 977576227
169463780 558585494
119952585 863390984
453618424 684062906
28924696 587028325
120639292 135123006
65105525 506709284
91088428 735624243
323103226 388990634
537400894 957496316
408784634 905486229
19824332 336199761
98553677 113318440
626319493 649072286
469314814 808327768
617905255 709320319
244668868 484561443
126011376 419657767
598881875 781282992
153581283 950541810
367070314 686688495
688184750 796493920
200488695 558215007
81802433 555746895
589760867 734142266
122146920 156750329
266508712 322646617
141320242 181461893
94801038 619869500
94031792 697772456
164052617 863206704
182858412 398969573
299857673 467416589
125889724 788100869
349911023 516264080
249960714 437435141
372663727 955512306
677495103 886501264
285130968 648384128
257594078 672472809
424635027 705146505
538316687 640493884
714782346 936413829
339984187 633001243
302705344 540991424
841620664 984096564
309129757 877259041
127395889 381049696
167431835 250711152
246331553 585973673
275927992 574323612
57425996 216456941
462167201 537791275
65269417 243024481
186495524 337992577
330052575 541654278
285675180 539313951
418149131 485009220
233626044 613944556
308231109 493372302
297191296 378117541
77374496 577590368
789695774 996967485
328499098 845904264
226284272 368018528
876026807 941748954
638458954 672711987
1927894 180544100
132805101 301570705
26101884 600317415
798847491 857874093
12208169 748788652
692769208 694031194
426311899 963974143
44560144 935211684
155350021 906846316
692992201 753538443
183643459 358524837
556671127 737752161
980929179 990880051
549662904 997083482
629866783 636687469
144708091 857023990
304328248 925978101
428140845 546577878
125336907 866355443
33008303 49416499
627285316 995561419
399630676 854569027
36223011 63544369
303597291 793390750
284133286 771092350
620245898 737453457
847192406 884204768
78987818 279006058
531389729 731981830
300836076 449097074
288247216 980907747
495616593 978238822
392076265 760152759
862209723 961995839
10108086 360431560
250955392 715651181
210587984 358405929
576890940 759391448
469286965 785894367
82147571 312199847
216850840 256754532
595509136 971593305
544438349 739733112
351968625 827278776
506878488 533370727
491472973 901994427
32155505 294289343
450873168 614702943
441715203 965380421
28058152 968416832
295497084 494088251
160249046 520369495
83852375 827244386
406939866 865852771
544767047 779734913
236283059 574893242
175931164 402887742
520129131 805152587
61204087 630049806
771615356 941920514
327603205 949608091
233538626 393638846
381293127 717951763
33532380 409346281
392926789 549933891
652723732 907208566
361040419 911279284
31054432 843272033
112243837 114648118
152586467 313293749
100504415 307452647
281384797 803651985
330942579 650519802
249405606 251835521
172805070 509654633
744700735 933705262
6626805 933711229
817225343 908433555
136592926 374703256
569586580 948194254
66015164 377055025
83253872 231279976
335881430 712381953
162403529 222487828
121391543 135399899
144309500 964807968
467457170 843067157
441145099 986810731
168973096 550797910
105684566 335212596
506635232 514461807
508037890 569155065
343021621 894033940
285906282 609251364
82610958 605382026
423403955 770770813
94121157 763338029
39428248 307128987
761298519 922293597
80411728 279381448
832828685 921294982
301716408 347354624
280683542 873685296
110656651 227406892
74948515 905998913
37899972 730237064
171106350 844507387
246374441 336680836
45464524 335495143
796995405 845567788
10775461 287067525
135432840 472209773
318991027 740592831
28254863 334315377
118303062 931164540
260460400 531803236
96447382 277922712
484759239 946695259
57959014 719013800
686167844 895736257
278223892 964493372
108259594 388018974
394745920 853257730
411487559 640571429
337978077 521056994
109340454 739040817
781340096 900120516
174469031 536680062
306486277 597705169
541722270 975086148
312443886 577607345
140587448 879316538
879414442 983601582
607597598 886659057
731642192 803415049
71018521 522308924
28210927 150963419
721121717 812904759
287903127 388522785
951422165 988769434
29279903 448997228
223627954 408905824
203603474 866457702
466108796 882055862
573151221 926233992
249832561 885892987
349640884 463282499
35441098 392569156
347406405 968612695
381484834 928386675
60777864 119624944
17164081 513745141
16559456 633986393
59489165 429668922
941516070 967442118
245535381 771236086
710310130 968394284
566205162 869395310
366759365 490490661
155811977 900552034
126401427 620952277
642100693 936553830
463365951 568775764
157082123 190480908
66434563 814813800
319464135 684626734
615666952 913274234
249355331 976147272
776481830 793170150
855606077 981317087
269185794 331222185
247501094 980076503
44973173 220231892
643763370 851251177
256444001 477541915
36116170 118782004
456082160 830748450
47001446 339606862
18634755 867458495
455619602 605822445
456103984 814324937
246503329 452778314
438962562 825980716
331431741 988669315
105392315 166802006
83526680 734237609
5680708 27338792
194861688 443040435
69427236 671274499
811076885 956866879
629958027 665470600
207449251 248159161
790300443 939950704
58667962 980161177
372393855 469443732
236463906 270487606
298407296 949958030
669718729 997190241
237520276 356940131
550020781 846950853
273539384 672458613
598487217 740684467
588058832 930176584
273515570 542750937
245715401 867005193
515659890 901838218
536335335 707736964
120410045 364647184
343653470 887150470
912482869 937906245
539242030 580223075
458961341 997524901
277021291 787092439
447472018 558146104
358804828 936017380
272923408 771214169
254758813 317189011
21390288 711581142
794899219 963245618
157071355 918083972
566934963 893331745
302721125 489985824
386974805 907022462
525406995 551396127
442066380 594141304
608851514 684417262
527711073 620524653
582720446 584570598
709505369 833526649
757385692 982867128
422076258 696545905
293763543 766564570
580869675 689737510
109068647 267823068
282241829 718338275
96044346 590719161
322998730 700916554
281643968 606057007
428116674 974861380
450540614 666528332
93487963 725194772
732534196 865313100
232708103 615013759
19889912 35615023
255562292 554490946
17235397 241084689
153824173 327950734
149836269 567866824
767124343 899100286
165404882 213327938
384025908 766433304
524600121 999411522
117602653 495448482
654445696 680908664
87601392 738168911
266102294 527013662
148526061 575021129
181914413 276342420
65244967 428493865
28341355 78725902
76828903 530824785
697787075 755237511
314701396 334940210
869156705 888039980
819140204 840471764
617006927 707175030
26805749 627617990
524226444 955254589
112610739 338543883
483358262 568824926
118622855 964593512
279036104 709360064
421149897 630845925
437158175 745574507
475223126 582280968
104424351 548940846
662325830 996310509
83152213 103008404
604843692 906043609
250939102 849344889
311891535 955920161
645540392 943610207
718901116 841627065
227811771 363901007
3006746 395326437
663363148 885483323
44496188 293663925
646775149 774794439
86523678 497998889
131019431 195310142
39712001 633100990
323040039 855809268
61890082 479541810
379821066 573909640
690804874 790210382
538625431 957828932
340041790 943756697
46622082 474977226
127729316 530128894
500461140 900555511
693854971 922882913
376222740 627815227
184416965 807398005
892864620 954747399
149754391 860082512
373699059 882613302
491055566 932611863
301293281 729631185
526456712 900450303
115141109 381644784
46505694 518442272
650589776 979261617
582003519 617508960
484988917 934429881
390471991 936687114
104495860 489613698
208478371 675206663
96870559 295307790
244699334 300041997
82873486 105198907
656569164 984049507
40592688 841668737
59102554 937779148
137150771 399024671
327199856 733384569
55712806 298875906
186798875 230150305
179374449 671664267
23770002 79650245
219054179 454639152
70403070 246259226
121871039 942229969
302811343 982380385
273507044 838550881
70705034 617367991
212269302 460422287
720859261 862180910
719944564 971199756
931882133 981623267
210468362 897223902
656042490 958088627
167074130 998720079
8393005 970176940
81029623 397291547
469434559 606535861
679926374 717683567
10151817 414078060
201469768 743774650
698059322 836563129
693288376 819190529
87829284 440465376
53930812 134930971
3984699 474787505
22591797 338892610
190216828 786914094
375049880 929036906
75443619 970076358
133750398 503447598
50624162 425003529
43142143 649287505
369157112 709551668
180878951 278758411
107273781 857851098
290514347 558382654
211020143 682080133
134737535 489448876
94594464 149758458
369347795 631308002
197254266 694239194
137582429 779184666
600724997 837826680
880591200 950456114
67861362 608027745
811051457 848735831
595293524 662007034
432111675 822769990
459411634 493165659
183632274 274015928
83362779 456537378
560476994 692258084
609687520 991232489
829305864 993424173
807660102 851930999
172160816 625757551
214384381 311974969
30699868 192101834
144557934 838459666
647602265 710879806
370869001 527132175
157544859 803565100
736190534 928599605
370182081 978615389
494503752 556679167
247064192 739107166
70439699 655475542
248887992 697170274
782074818 958235748
290595940 817180339
327655479 405155321
820727349 951381933
513864422 646570766
244487948 441109411
466350120 537694329
440142181 741939996
913320646 990682792
196678744 236096923
419701 760972279
782313237 982946578
13996790 738745250
95354627 702827638
771247260 886761007
95049251 170698580
680856624 883240192
188160961 984899404
513671878 646413357
123099576 303635713
301759380 680989333
487200429 506461461
187468437 605451533
489493747 693422360
378008829 414288555
377609829 712093020
596287289 765186774
331234204 588254395
158810456 901091830
160865665 993932466
58074370 544032460
166069168 970159501
493333938 922527574
369286588 644738212
337591413 394303375
238486158 653819074
366639419 788234065
844131411 943111214
135383040 410182373
149766945 920089687
785376624 839750384
119905285 854895677
71358985 146898854
143674441 785376714
630162159 651037213
826596444 967559302
198027285 621999247
250885823 834400053
115287075 885854524
551944606 663702854
303304128 582307021
107680071 295894305
226618569 904354846
165141745 685093355
672394972 856440900
275439958 278568889
620707999 824144848
375189379 922981762
318802168 977379162
3990381 290502614
499630705 726106664
339733017 441002381
544759117 858792806
527842255 762567789
171291695 688986394
485238000 604497610
182394715 845841879
316178691 855649099
316577987 341915289
340988649 359595348
87129617 245649347
593705238 686394845
434202209 779149488
152203118 890408924
132795519 702781399
80354844 136735229
145861878 605272392
318784705 573738085
137824031 466324662
393584207 794953250
156747699 201736559
319541869 508534816
553951795 672437481
210309764 283856657
275244003 508251778
47338967 445710730
368937140 913850860
194340042 924642582
213455329 997705611
617368157 685937573
393894205 534784570
63508293 831435583
273203396 616514648
149451453 524729690
457664165 485977326
213323585 709919051
674473513 718023540
19860919 244274651
16996682 989185205
650013868 890650094
249744162 984484781
315928926 500004891
414598203 462564601
224913653 250565348
770217006 895448674
422760373 876227571
30799194 545170779
250785091 784407507
182397252 981242795
464322728 826648387
72813717 891760672
841044736 868564219
14420881 669938977
337598005 883639908
745426285 817725634
708628859 923654041
395630817 694758925
79930351 96137319
289681984 679002645
30917156 712260178
470142921 831891690
80473059 847392303
124378933 428954233
136637940 764670150
236447041 451867992
37227069 269199245
138547366 824848018
759953506 842271493
485365220 701090786
155567359 262496908
431295813 640074809
39758147 933443841
201049393 975865473
665040199 681791180
503438446 965023610
676406706 946726017
516875791 543651612
344924542 567654656
258822195 682485876
58842654 502525525
489932611 576574150
273470996 565563135
171160425 873301457
396066285 755245610
65358195 665894177
182908326 802051651
303173788 323771424
632945806 838641862
138559402 666085511
35400098 544426631
327583835 893761105
499271561 737054587
218549445 707587951
704655783 955263451
196318915 388792128
199377876 731298774
391277671 665892861
146539941 701266528
99256688 680453606
223193665 412822544
28397519 393788658
19458282 26648706
522567905 821989165
21056197 282258837
555922354 974694640
356060309 480912934
259565179 737546739
413263195 809105817
261645739 826599230
152802101 891837507
503749648 619301237
314086616 981604806
76125033 807658816
23385876 69354958
591647456 937149710
92123219 609891773
212688504 798824167
229940871 758942261
205311603 355064171
203145041 565220846
163855402 384262721
32825195 915546352
368773482 467267632
396045732 523687502
536168820 575881338
78884206 97270420
164060533 886973616
449248933 940450064
443254407 672664383
308860480 698307580
239716527 323235323
83449111 373491741
637280549 947395144
163870750 997582154
161462323 917722526
784706923 855174444
78077950 362180693
193715134 359306737
361213485 693586938
444470741 609633041
124844416 305760241
329372141 537583572
559054740 788265957
330817445 630722044
432373704 772117646
56609306 498308213
72467067 352116705
292281712 626007779
247385766 430429364
178639834 703561177
585034552 747334620
442606877 728930306
40803679 535227742
249811340 835479316
556359296 863164904
816277718 826543370
245485569 590034222
271155874 805617017
3661361 419861579
307637593 969865733
47897944 812967613
502200580 701011499
166145750 496265094
690281529 878166746
194500472 798111908
33801658 516874747
192466252 380470989
115621742 790763026
362566231 720098092
32677148 495361758
372191091 587990226
797613046 845203122
203077924 677781706
754411667 920989219
55533031 227438225
392076999 405437778
963670920 993421002
154126679 513167175
235267980 386157185
107697178 681413716
408093771 646468523
505546310 699048250
754202259 833758278
594192816 917169519
643298642 844715349
851784801 964357965
616952416 626633333
239872039 819555174
88909019 704158474
428511438 508648754
709434125 919512140
804128702 920680124
192362430 998209501
574647679 895657295
218226012 333823822
69388454 793483284
519186327 633821286
257924007 283691862
166147850 515148687
107381605 632487146
24287874 996276304
522039528 880920577
155539243 773799145
243474908 531381724
684984142 708405149
409059121 684067684
134571267 518874260
99717763 945104165
125349177 191080281
26761725 162702529
29203033 371321975
800915788 925796993
36389737 385878765
191106496 560744045
513953529 845457551
302495905 520013151
324170017 361416225
196880027 291334011
712831773 759393080
857424985 870110249
568746617 606148318
756010416 867197277
342648105 462396660
405025732 457714784
433856587 457040909
52317290 151014397
12994167 688268771
246645238 569897451
2240166 199394846
488094433 508936971
504496989 511183705
24804826 365376959
61392881 967572433
69046373 868428381
382627633 443526177
208592599 654126016
922551630 931734334
231420380 373849389
589473387 657758328
238774060 608742183
117613076 219569446
206914862 275080283
116358466 738083893
607668896 963683431
89075975 701024737
42178233 894384252
39941287 715371609
231966506 349245880
345072701 769241368
620625986 959209278
142821108 291620080
63924695 964272622
34106871 479687444
62039399 309032372
163867550 848322343
391101895 542594498
85907664 386555630
379622703 579648352
492582390 830655116
183875264 807753885
650949753 676466486
128559173 624009236
447245081 868920992
375563947 401162879
92116231 597022791
91619160 471598922
120104898 574043181
32144426 293100311
446084900 643032793
125662461 390330520
688163402 895218756
334985622 603711519
441496668 526462619
107921488 892476057
173997929 691043320
918986267 978236917
177657261 224696070
444193779 550386657
475845952 859579264
169135329 899979623
150471476 401911120
123897993 257677833
184084104 451893038
82632493 357187575
373848464 729171280
607638684 610156002
645685055 678030934
954899648 997136398
129011194 993894565
87537264 531048083
639081275 915347567
466547989 689360683
565641053 841547626
89401179 507264915
425915768 662035058
60768381 830224269
160420902 905042400
292310664 884299601
83292860 733364319
698742409 829846051
292743535 932740017
442648634 570817539
462301907 580137270
221839353 954186738
148834635 342217429
893819684 948729990
376267520 715489781
132869485 891861794
80772202 207310335
94255567 279821483
416167063 756492521
900458790 906808008
300499373 828146769
294037390 781612469
139360449 868623375
282618064 856721552
518949303 833539048
151329916 380821525
579585011 795830251
622214443 916044784
576101073 670539013
659005860 814065593
506210006 966689007
105188844 515076415
9390389 483797752
513385757 572557307
116307596 583498102
108838772 266524284
609817644 620300674
11392455 488382458
42393204 746939542
94078089 847133631
47545361 386367124
267291314 745128656
95952079 843433895
791657838 949767187
164786210 248339947
207352532 232837707
17038298 338306743
275941704 285031011
182712073 403010884
168501089 440607856
772166980 972305334
153284305 352521872
380297727 981004580
82689859 160910573
490009203 599207843
492542748 868261091
119544168 932461652
354412897 493166808
234033402 438168733
192270848 207480903
185238779 443330932
465254582 486996978
330286842 775281246
929604038 993545918
977172244 993031207
18453905 448304349
66565513 283241459
48929538 796738849
273055167 629836875
369079944 577916722
953023559 974606904
870021125 898655845
342294945 915359598
178615960 702671047
260589371 701068151
281075154 467598675
224612473 899150765
250390151 563600543
572783444 688950513
125179762 946248990
473302125 544415277
86710806 702111128
329169277 580493272
147366898 918890747
647072411 899905177
199037377 327980036
158292306 925404574
37262874 143921187
158650502 753823952
522358915 884436450
331639208 805471997
164181411 298089477
646953878 741005479
562305919 578373933
37428726 912828180
434419005 585746266
357012069 376560376
583308173 705161284
73906720 636651350
223653134 713481370
276564941 341750557
51927384 121578301
789234501 861122119
184212004 417446419
504267246 615071340
330097660 730633879
304578358 371333934
531267259 597096124
528925149 813674803
68887133 663072621
386925127 909057028
524524412 662949088
434981165 492724113
160663574 493674549
319969758 485524831
672292359 920007232
693741392 769953498
558652979 655921867
118714920 259435432
73916381 624197064
297783386 693651469
26639854 177934089
348864447 642820176
116022524 281549293
269225075 729196471
377270791 726113818
123685500 912268274
133440212 171194305
308101096 944898137
795956109 910432565
189123576 355559829
114171813 235957778
551226544 647575372
487876611 939780088
207060266 681605109
81318362 175288951
747117920 878439378
133354680 485545346
584754723 818318232
625868611 747264846
270035226 274891155
98876177 940928297
178429977 297266139
12151840 124252960
94052263 451836842
149434240 255332173
48023950 823698482
432491572 516354009
323982331 729301268
247304608 663219173
215939632 642298937
510367618 990786717
561131727 743721642
508981683 681538390
308549279 686858532
38175161 951659871
433137913 617178387
268690650 361894212
495530498 522522423
277157342 944178749
63557238 267818257
108681132 918143805
123718602 172800870
330696606 475717977
167103786 665058714
101281354 244399766
31972109 447415346
138034421 824498337
270829428 571529496
47488931 903426245
423617981 434807376
177482221 296789587
64310914 821796565
127111935 154776400
558054548 916161197
804509741 955651936
464892902 680262140
569677740 810033555
305000134 359963622
39954190 815495935
229877867 652737760
363206886 677707079
964799287 993352286
523468324 525830441
203169887 306938599
408803316 501448829
93580359 427778457
535400847 711161778
201740643 825030157
276898120 881536392
595894695 903479114
592136275 815679542
208939592 852126170
839416629 971434927
34595897 756545434
345116451 745530342
440750270 984069808
188908094 905410293
435279126 618404094
169667710 503689848
187430054 827096490
22182257 869931378
162799335 522294798
410642384 531937265
469810104 494143818
53955994 734886880
117137852 917988547
42216895 510551813
160968654 722313385
339960204 619062780
647650803 654012772
125523427 991717799
869412625 884128285
31547247 623873902
206632823 690928345
69134280 732730563
278129296 622685726
87862363 278444349
139471989 732049291
11584062 276434478
759975599 930032610
357545937 707319892
883562328 987185935
138570536 449196782
364693181 525873413
549856716 588639629
50064573 822664976
193800362 822637400
512267413 738438025
702072722 759991674
509917776 723038523
174194449 827521883
3225205 142556881
191776634 462051997
727667755 805524862
461074848 968608585
262340057 678458457
50093943 452353062
182510069 265142472
61963056 349476835
53418460 262532797
133330782 521761912
542745761 833970060
111234764 275386993
28704317 967423893
157835626 453429750
234286919 392971875
421778856 856628408
6820629 908387723
611067071 928001417
2154389 435562450
818028442 822320808
236504201 365189517
338227237 356401384
346981305 824549133
1732340 684490834
145710635 957475728
223117081 843683856
20976492 769212077
529784369 668286912
928923009 995591097
343660274 637615892
11260963 77400663
119670218 493453929
126195632 278924153
86428771 469646352
629560478 789147617
173797578 211765730
246019805 583886122
617997736 713579466
188924036 290551868
411420260 601620127
10791921 78619302
813941435 999924492
517036337 949985772
131898014 908185035
546863108 735744144
297283 425640174
404602134 559907845
88187546 404622333
531250261 990009534
891091214 993246719
27109739 28996937
210014821 445489742
190270135 877695529
273445673 705681617
204336434 385470350
254852791 468236665
739892882 955690159
461409488 478651020
181773970 979530878
390430679 511424792
26124325 979662745
571109912 820680001
133408125 734361165
127984180 322736899
54572103 245492288
271338730 361058040
284866040 658769422
258505742 978642069
94608707 843511753
440208975 879601717
20889597 590586701
359205943 528832667
568808268 862287476
1320203 284163435
388667563 479024230
281585055 938060727
19292028 237999573
12789194 684175177
45577114 525651510
78474198 765271508
370127686 817108535
233043721 437549288
600603928 667420843
367951871 855527109
848959265 929971646
140955034 450038669
631107392 916662499
183574079 419338420
143663047 494549207
525673071 814262735
18752971 99560553
521817113 779449168
256272669 988997318
127808639 658198846
546233783 824374211
642265676 881257489
728750985 914607907
81414135 488973127
611578577 967083654
58313916 464534501
537618665 599801965
25979321 335032910
414967882 736834218
573761796 667326469
95686148 619186766
50359842 747358377
222516296 402621075
121462876 143504485
10585351 265183316
279748759 985466655
243853471 652412934
87756524 379038908
200101189 258812298
820516584 902218413
714535428 858790952
514003539 935830705
555922689 602876565
755435451 895986541
415638619 986734864
688215578 855835372
108376426 765926855
538646853 783493066
603608434 796179794
106243868 667205170
518149594 813879196
582561065 947628522
30927143 156442378
28427296 968917763
112392438 119790377
401702960 597098339
623598718 661714098
426710629 535113391
72562237 719589669
88993789 921982579
62929432 240020839
465217764 526647484
284165347 941255113
44371046 743421050
100207904 539151065
291352059 365995631
189596238 596381824
324227541 905481997
235476677 760327835
179204028 543387378
234815747 253612432
462077110 874729832
477710811 628709517
40047085 709664067
132088392 963204939
484331818 653642948
503227482 861794700
343630114 721717416
293415044 761809699
411453182 528320415
308000928 747132627
271775671 893459734
481662127 672899667
681749350 855673177
824502345 965800537
383468672 974233635
787010154 830970368
449199883 740509488
946058283 991765556
246207321 895840935
848078632 882896736
814271957 830208670
313417098 874569221
4563941 13316810
28936371 763505794
30966114 425871043
8642385 719655328
69986271 753588878
385856038 424669268
192280164 864549201
43319810 676436194
21338366 775956124
4478607 892367825
294627480 349226719
68637280 970133081
753323018 878996586
7331984 767314515
308886893 510922039
240680321 451456443
178183991 391089919
164745875 683227080
350626942 804008715
7612241 745468910
126674453 539486764
424107438 539463719
335003375 627044945
273051387 644315038
272460529 454728978
351999426 357183621
422098012 562902731
449745587 560796077
72373934 554877383
37463509 699764310
100906875 884023346
513477433 825611260
342917757 373042970
151257742 994456927
54893085 504206855
49961356 942649777
377412648 938260406
235255869 377633485
220437943 777075340
232937569 457502379
13671746 158282382
859050483 975991770
408386878 906592417
22349124 480140086
117376546 501964470
765922208 856288351
322934012 653811231
484859496 533536669
302698229 927806805
770246335 962075542
276048280 995842426
106532813 185729702
181928599 815128924
34210620 119389356
261985631 395389510
178672219 567038075
776802073 963811684
337524844 348272982
221846332 815287328
144522719 540290521
857692702 973866059
61275815 850468578
438129072 923738641
465496528 596405589
322842868 381864603
190822151 259759305
445474810 769807748
577478461 751303356
185440376 258543615
295617028 456943635
751204757 979049300
878245606 962822199
364887744 426336820
254658338 930579637
337179748 956789916
195212848 935693064
294493266 432080756
71196448 594360415
418926250 484714520
103021108 912495449
304711142 365692076
272430022 860093567
387526801 505614074
273845366 777336622
163492861 690185517
165534293 973194898
174618212 911826296
202473306 464486240
65553161 447004274
529999901 597846162
804578893 940492065
287322616 788594530
203010093 267698265
35225439 817544465
855015390 983629190
770683425 941141357
295216375 755380469
831169199 891576426
357460378 787088054
559789400 757176632
142811966 682879579
281597933 417627076
642871449 758127411
350296040 769607630
511627949 609998209
880312806 914138327
328771106 813679539
293163060 629223585
197652123 804068208
238132830 789931898
214727228 968955239
365940514 676763512
568590427 913289117
218230127 643879806
523925283 683134401
592485104 814777144
26655521 74760887
291579434 377833804
4782124 469236485
683492359 994331606
305835547 662546537
3938687 61413905
180240079 452380141
61813169 78491612
640722570 793729155
416950172 644431951
770505345 869728910
212211695 514016492
227299154 571636312
413905228 974444127
221402315 237041438
251181954 379123081
199867663 504860974
231201022 504848424
379354761 427624690
97338874 970352350
761404415 795578489
85640479 515609845
416124664 892873923
47948219 134415915
246235454 398656622
254995191 400184236
637008532 668755718
127939632 480780584
256233291 692073105
334788280 904028854
638803139 871413172
369270885 727934118
26931843 31070250
81971180 213548279
410938557 925276522
740548887 830890116
469556238 584896485
600897354 715732409
199655205 219959986
8463858 199599261
241116419 814341532
291280263 727176019
319997214 521062073
285605641 703463266
282148573 780041947
570285053 652641681
75823280 727819881
58703793 677185283
283405733 360593780
499214192 813193631
474586501 767751028
167684082 304741217
730671105 790594822
136338216 315198920
25403642 471283008
25110153 199652522
441992596 442290736
75183622 714350183
196138711 396573144
751654325 941633280
38161308 93295501
73314759 889394458
506337793 804709012
674588414 984296341
75025 503918172
249709324 278594945
753367678 917306864
299761724 317246077
179611104 281804706
181092668 691071016
477426131 872308087
183399441 956139991
95395485 407377602
280581203 453963034
384271878 459506298
3529661 28547403
442657406 691215683
368901401 871244988
773559239 825373222
840241233 949618720
50816276 490657184
21807372 101331914
146861064 477487902
694654149 938591399
225958752 462121409
544344136 956392664
56100916 488656183
336625416 887562213
383504871 979472388
697414920 810950360
377957713 543777166
113950022 857511930
497378609 929268534
543473628 774291909
96056906 612381614
413662573 605438930
189799901 788812138
806972373 957774220
4189096 209665660
6551949 433702051
949687542 975717275
69835791 97011506
190938186 429876711
216589581 368261280
40640732 332758154
307404289 751460958
28806017 235688505
615769591 620376234
431139570 493596140
95295248 845259361
158425868 411986037
210250356 908883851
1852845 645666185
188686031 995157784
203578576 530876977
734912679 932092323
90786081 365927597
12408453 141886991
81137688 216970201
73829437 664169140
643211551 948688026
265888362 473797481
238337866 935779370
17544402 125474745
107547376 286583860
719910725 838865262
833236952 924110897
274728354 668312099
853480145 941021455
211142186 257946079
556823631 562380051
845996980 951923913
402908502 611224825
130215851 753043433
398056522 994700031
108154502 742034858
632803491 759762223
201429106 748367623
236819650 737943779
87680736 733429783
699233537 767708903
172855392 479415861
189584591 376356589
195599958 292639874
353016974 663718348
193869529 755946898
224664510 689907876
422740328 943466841
504272796 864220447
706685197 885959574
42800510 678335706
26443146 990681603
443806990 620775231
13764428 656271139
517950800 881289771
395387341 397855771
373936425 474316271
767506056 899251921
91227060 780755761
330542894 924360275
126115054 149355586
380611843 676567177
269318004 461042201
600917310 929896739
513812693 594503626
210928416 747059373
150866893 171934327
80143624 661415127
25152953 545785625
65006983 139592671
427254014 579982124
507322017 623286541
189067074 876750292
172529844 309560586
421086909 491770668
235274367 672100357
457640341 554571828
38673574 969916493
81045823 313397201
585641829 960235726
161449486 239400004
76247837 317041827
325526604 981856180
79170106 643572328
380182715 492399818
37418976 142061022
147060156 171104783
466526765 766438804
298251623 801426473
396283921 550059906
273413588 963803754
405478908 826463812
324100047 445282508
131664908 423812393
207105397 635047685
130569917 858530282
102965629 907504945
346285350 911113744
408249645 718570448
553268623 888326772
272734230 745184754
74198479 243617693
197366595 284496418
453577143 826209294
748005886 773860586
537847358 730855691
100862343 735132429
368956470 606046966
336272349 755948110
547546411 938137175
17712605 140540115
341378020 834739215
107868130 944033137
222815084 603249072
80642399 414436166
387281288 880279812
224554383 800585742
188436039 242756331
483772325 952358616
149807655 556532017
57974923 767352814
297922553 696250190
48707580 909326798
156998627 587604098
78723659 943031951
14258517 819158445
459667770 570357941
666064706 732986795
10734489 142899276
129975973 907538378
360271324 935327918
255645886 659560534
161755399 269658116
90006349 525582397
460886919 943915412
108498586 206945545
154640571 458683835
21860459 565679042
566594140 984301087
507326045 894756682
222471042 434105506
52264111 215399514
497404259 589834713
341839113 515086066
384929540 904054170
76976778 685375120
517876481 589842336
130003915 217320204
238720517 498238685
401545017 456609786
32561584 76567738
49199780 80778969
109054422 560632676
196511440 540597180
230220761 533722966
580991023 912270462
531644414 791082793
106480027 338235530
239274037 521622127
3358094 807703223
121276419 372600432
360844018 731312872
621707946 646308510
129571383 497385710
351616378 773714155
321422123 703975584
230017090 605958757
322963937 948095267
132985500 932436369
243083866 422848901
486248745 977618867
690190511 840256975
127053241 970110247
125213293 426592445
88124200 532379057
249893496 345404584
163541034 557170981
466859308 652010215
113391630 473849466
570314550 586062907
709111912 916410521
198966932 206132560
117416520 600442563
384945551 903407747
539936606 863310579
35268882 648478861
190959868 608674619
735156145 817467522
378444646 473383266
201298406 505721463
700082616 953092443
917326196 947899612
74006820 238519596
149280649 702675896
397902119 747694228
59326086 772762786
789690967 951508934
351023221 394664367
505393211 785743120
764280 925817468
455048998 632707370
413704061 972282078
96250637 172075951
151913330 220892972
633768048 975287190
174642204 615612288
310404793 553770087
522216147 595209494
77677443 92277476
95355891 356799986
181232078 935594782
864487853 901764613
82142459 965215778
144040657 855626962
9386784 915668962
46519441 137168679
39061820 472749313
626490099 794064691
177371985 676533018
45434373 63882834
228623519 801700338
140835022 993625842
120480535 350672572
146510581 420101752
585594335 632743536
514092324 791243062
492048262 905566678
243362784 997136282
240489336 721088248
132558338 601351082
436915064 737061916
91372042 115201467
321185901 475244142
207171545 533755361
227653470 552579322
161484698 491254670
90379545 977633331
363595142 653291219
229951384 671053175
60753095 780315369
91806966 633357803
211365796 468239285
273507858 841510566
73571322 546591442
127966135 420166291
44940895 374266621
212795896 978375602
750780757 925166546
533318465 967287350
103570153 482956280
225223798 763466334
94613506 783134189
118621087 510184786
276131547 894397873
92013979 340192804
103412994 280957448
70659272 172491660
283538212 948206314
209265839 713467581
354468656 432712798
884458686 992111350
49289410 947775319
93002841 424231091
464683962 939022887
21492504 509750286
191675022 730793607
341482812 835671178
312115056 527549270
395468950 531384411
149127677 379463184
154318339 793744904
204708701 340042164
47594021 903805304
204409547 853807706
407304646 749172987
127142253 878880556
54946955 947073928
334069534 953894998
543430062 949871556
653456603 997148071
545756195 782965289
597761628 876178625
219966535 793754225
661656951 977172366
546333043 825481519
448354813 756505204
434080079 503979845
919086290 928820926
185846421 744936680
245965987 579949941
308626435 347998407
512958545 995500259
138710047 761306216
510596151 908083882
584344943 823341627
6452624 762872320
122666302 753774638
66103984 148242393
757915618 895594002
658380841 795531252
252005275 593369326
63227795 954222213
92454991 378009472
13021431 845676181
49643094 806384567
217772641 699610709
167483306 437583641
129093970 764555592
67897232 740982064
35676603 271934774
109166490 431908619
232929456 561744854
262301056 966003499
533193644 959020697
43354910 691126334
111153706 437908053
2763390 41665655
337093746 803831612
466145952 843943780
16115899 108252049
717510354 777312012
875684827 946891000
188642470 255436290
242142472 732093773
849733525 988640623
399477052 776649357
380636330 774749330
149361874 935705884
152404209 262594293
143154105 155397301
395952824 398371690
404851915 491323350
39149005 39386401
25338770 685238519
603271473 808442494
564359419 780217371
71426589 502493483
135617731 273403493
172878069 375774884
462528270 825848118
418184190 997223729
75694142 353870116
536722744 666216897
521507447 914822671
789935567 981915773
77836643 490093942
144651693 948011559
908666629 989161715
212148779 250830956
318304492 821656599
541769502 608410073
596911042 797788990
133973674 495439152
262630899 628536857
235352996 393768157
727440423 989223512
43175514 390430915
306307568 741185726
27812278 558281415
593411430 823236503
48915688 854709798
266978209 840023028
259150683 499699008
22841089 372263323
430449555 820508885
60156280 989074917
241431341 603561290
623633419 660769511
165884555 334118371
458750832 608974567
56600746 448145679
765649412 943658076
256164391 846051279
282309018 602588025
605578985 621934734
262654820 522446082
27247713 954668212
654859479 882684770
30343421 616085534
49011636 67160725
887595936 992530835
168208133 728646461
371766042 941864921
359398410 941943078
447184855 614250086
339987509 848519952
181966395 938317195
41937651 778510614
666114148 954075934
899233272 928460638
132903918 838592791
840310022 991289903
43008157 804880042
317557431 729840374
92744595 486696570
452708294 834303341
69788737 765540301
606792946 932289192
104538619 669935040
176889344 647368690
149112612 787253177
290696660 292929761
354328680 900256563
162505060 613888875
221193688 345546297
13029072 817898059
331882109 681607932
230759692 576229619
155470403 635262181
548668753 741905257
78510834 536964281
5966085 195861632
20332893 464582414
159662551 899149508
484698894 636017795
188133636 769169661
315766287 422238644
968344522 995794070
50650786 583332342
335183861 759327134
213098845 744303951
70811918 443276203
819271494 897757094
606059000 978180580
240754329 647571377
655196736 708622403
383706686 431693569
40011880 522965499
728053127 882995359
905643169 938096796
196363859 568844829
28893172 477188916
149410188 404867454
141330111 685655117
566244712 656227438
493338165 757580140
174919608 437650359
600194703 941634757
236943260 388776000
134703034 444257860
805517662 904585342
607164920 922598698
20725521 272888395
49951417 124959517
126159351 365687708
531367963 640817731
80606021 616136949
775664378 861814175
172488494 679349303
250124054 911992774
99279673 358479639
693842688 997059660
595893379 634396675
112011250 728094426
692963030 717580487
481782796 621260738
61784036 496894960
284707293 616917431
358350731 530960373
292734015 303099947
60109135 966081112
275185658 766290913
470392875 912893073
475566135 860168468
494290810 768621364
340962792 580622301
370224347 826898962
114342674 823694512
620597868 900384376
33319920 870998115
