1978 8723179 1492
2877575 4532509
2800246 3513825
1556441 6810656
6551944 7490620
2831727 5332276
1289372 8673337
3588751 4340182
5100041 8406208
3211204 8644316
1312340 3833765
5054130 5826853
444497 4431381
3054215 6596080
396974 3973611
2750230 6291675
1926053 5358070
5140986 5499518
3716062 8695033
1337891 3757752
1809387 6599498
2139985 7944587
1820377 4831203
298716 7906423
371629 1747258
731662 1163848
6196245 8474696
1697225 4704398
132414 7168782
261353 8026357
3640124 7112187
1723498 7239298
4708336 6534914
135868 3755385
3666317 4690666
2483265 3995460
26139 1209054
886036 8167664
4540140 5388519
4649244 8388841
4168722 6550148
2055647 4229901
6213926 7127659
527370 7430510
6787411 7230257
110446 4515267
2590151 4481308
1929377 2953526
5796579 7789588
31956 5052640
325633 6856709
8012365 8453101
1044667 5492652
2701411 5437442
1807168 2515179
855926 7454289
2011799 5511606
2597874 5642228
4428876 4992424
781921 1278703
3249155 4691135
2716766 4880491
267024 5562767
1542202 2782017
2347588 4040899
897504 2223434
1141166 1316250
1754587 6615603
7046185 7934470
1521663 3128950
1712997 6772879
4194099 7421346
2320071 6986385
4597939 5100151
8144430 8312703
1242696 5064908
4854265 6535478
690460 5338855
5633576 7923642
1291195 7971654
4594190 8344292
3162009 3838653
85757 1037987
2117112 2271692
629127 6730217
5097071 6017201
3576125 5119414
2457967 4388720
7327391 8091230
123476 8356066
3841902 5255279
2959561 3659818
4795166 4894048
4700236 8640320
5271952 8200237
6988854 8154536
3526917 4250193
5248344 6822964
449753 6459681
4543158 6977281
719466 4267104
3677659 7966855
6786150 7402903
1953902 8692618
5262652 8197391
1917818 4968264
2021649 7450945
1475871 2958137
3248383 3703762
2831778 8671515
456052 637687
2127103 8722127
2746984 8559287
3473416 4608017
7160201 7897962
1330537 3970835
7554683 7993845
5691696 6836765
995060 6613460
3793144 5837499
4781447 7793057
1785524 3208220
3802712 7482326
607403 7546893
1570020 7992802
334731 7831155
666708 7103492
5823054 8464239
849779 8270385
3308248 8353600
1719062 2697805
542821 5034112
517265 6291119
1363249 3730355
5468263 6088162
668628 1887287
57841 6808372
5358385 6087036
2734535 7223073
1750504 8567668
5289159 8023574
1558948 5901406
219956 268510
2034275 3752257
7080274 7245411
2246323 3938483
2647974 3031458
4268662 8122923
5200143 7804287
486785 8604580
6655070 6881672
5400456 7450478
3608504 4234525
3110039 4884796
542163 7932363
1542347 4910678
2920666 5960775
6607179 7641004
6483438 7514575
6272894 8349591
311927 5740361
3429778 4986715
764942 3251174
6574111 7153563
899578 8364479
2132262 5723124
2880896 5809920
2243441 3183226
4673091 7944676
564193 1640666
3564618 4081646
2825981 4110589
5219479 8481090
3198805 3652710
2380734 8202058
7310919 8463745
2962153 3833131
3635876 5168379
2441908 4416932
1881783 5470550
2128803 6755470
6688781 7631598
20525 8367314
1539272 3218767
499575 5615273
4608192 6962272
3756610 5929599
6646120 8090461
2920 5835740
7179450 7390106
3961783 4087377
215282 4690066
2810809 8478708
8006557 8604578
4214392 6267911
4372566 4920909
4377364 6279914
156628 5125091
4315585 4356751
1795583 6004447
4550190 6971073
5413115 7434131
3640320 7738806
4219266 6376754
1775635 3612752
583104 7338316
3387067 5043861
1558687 6689300
29339 7353140
5002016 6353902
3467078 6710672
1442601 8225473
1503680 7703534
6221879 6479056
3379097 8385884
3609161 4398291
2627541 8573749
5139572 8626911
843239 4301001
699610 1549137
6011203 8606125
1828466 7220785
2011816 3720694
754200 2125617
3150761 7852298
7085438 8452974
1564166 1651027
772462 6835820
3007611 4207572
1100890 6154056
2357944 3713579
2464370 5396852
475893 3281701
297703 2168339
3298495 5879682
6032654 6127781
1334970 3033436
188094 8592354
5095487 7344270
130368 954801
3634779 5270977
2929049 8018832
788884 3197846
6733316 8245284
1884098 5807946
4194566 8378747
834048 2808302
852591 3280035
2390575 7394013
1040428 5383275
4290525 6502613
3842059 4721888
2111321 6007885
5277514 7330163
1441434 7235233
2624508 3730772
2595539 8626669
1587915 4560119
1437892 3827714
3058436 4691835
227203 6382811
6456283 8366778
6570550 8131539
2002021 4144369
3466746 4903319
532169 6380670
2032989 2733415
6272464 7850580
3596254 6496490
3089486 4431617
6325466 8209627
6720957 7675582
2182728 8226030
390050 4093484
4442546 8643185
648926 3335223
3637513 6423894
6615541 7337648
139583 3444114
346344 7529653
5307760 7998551
3068837 7494065
6520363 7560914
7715686 8391989
5825104 7279229
1895103 6943660
2558921 5101467
4461617 5843333
751453 7677379
6689496 7230369
2532081 7147356
257635 5344709
3194399 8713352
1457234 2799187
2013412 4049442
830728 3134590
700456 6540253
1671718 4532925
964394 5716865
2444999 7501610
2378302 7971068
826864 3126664
1431220 4499560
870109 4360660
4202636 5016977
3234872 3308029
2374181 4229030
3715855 7439449
5938550 6689644
3387201 8657045
2547327 6811588
3925625 7199705
5437917 6084066
730607 3142830
4225648 8607446
2081839 5210985
523348 1013386
1135824 7704779
4056046 7593660
4285970 4869525
6751675 6995759
989687 5139275
4231318 7381512
138454 2354393
951729 4720514
1217941 5000256
5813471 8583443
6626717 7538446
2586666 4199653
5466237 7516015
2374968 6190202
3960707 7332047
455336 1512584
4013582 7785240
4930126 7349502
1216986 3603784
19103 1011823
6057510 6582206
2161275 5605999
260518 5998286
1342290 6047178
3158725 3940257
5402425 6718887
3118133 6206565
8100956 8230862
897194 7626202
7120458 8047206
1107464 4237203
1386799 8513109
5328018 7996198
1393139 4253713
3624571 4010807
4604102 4709835
2276285 3883590
3229743 4946625
2926205 7857057
5517969 5603608
5067364 5197391
1605516 5108299
2594657 6440187
3797745 7871149
3275891 8325591
2266347 2900411
2209949 5258010
2156737 8091478
1553791 5078508
1833715 8163832
604819 5525968
980339 4282121
574649 4149086
4328563 4722343
2320039 6227107
2015683 6163414
900253 5794884
561645 2755165
2622535 3499236
2193733 7786835
2327557 4516763
2801812 6483893
962879 1023802
757281 3694400
1695568 8410667
2468770 2825190
1068776 7131157
1713118 3635997
2697433 6913687
3593211 6562416
2176498 4422840
1136064 4550086
2693008 3026113
1665146 2359048
4640785 5572912
7194300 7533133
2159821 8341288
220783 5679870
7302403 8214411
2324256 7994537
2141147 4692314
4145390 7215677
4957078 7117850
1872962 5386447
365320 3800003
1219079 7459937
5741985 7089319
2636533 7457805
4547379 5514566
4676097 6555693
7888927 8003064
1199043 4339760
6280024 7621452
717782 5696754
1039279 4240331
6658024 8152812
238965 5057176
1363748 8066547
6006054 6480657
1212524 4963323
2915674 7276181
2746604 7306916
3360242 5186801
4027369 7871523
4399643 4522933
590395 3617652
774323 2418517
510208 8455249
4221751 6982064
1973494 4938772
1582121 5932149
1840260 5367184
1778840 2793916
2608213 3023228
4948862 8081743
2665591 4123025
2885053 8595719
2556207 3666319
4571754 4834916
3737243 4564060
9142 2096123
26757 1420253
4590352 6814242
1491955 7576487
5209916 6699827
711788 5870320
2392740 4709598
6591742 7869604
3509441 8659641
7901479 8576516
1354431 4893802
2047666 4643999
3798355 5454499
1789878 7007784
2168491 8645303
3278850 4469035
4742340 4986274
7342023 7891239
1590739 5366652
2892112 5668425
689150 1141820
5723924 5786342
1418232 5921648
1757204 3018122
368383 4197301
3531098 5837846
2503942 3300509
1057211 7596735
3676213 5488777
3367240 5892032
1896080 4593606
3778434 6099593
7639068 7924933
1154605 1962793
4535614 6028640
5645470 6419373
3926396 5882371
1283435 6989745
4364341 6036070
2415205 2959721
1795314 6090932
2878003 5169209
3789270 6748531
1648317 6960563
4366069 8595426
4382625 7079590
948155 1691831
614619 4629646
1819365 3129673
2736395 4303115
4999927 6348277
1346421 5200230
179219 1026700
1491424 3600193
3471391 7368771
2660881 5949691
1204655 1586852
1987796 3975517
5720168 5903710
7138107 8655115
2200215 5056972
5538524 5898150
5693036 6072459
5110777 5363527
3195478 5774963
595397 1202640
5193430 7547021
1606225 2898025
2999472 8661129
2835660 7934217
2325420 6041362
235136 6547027
316400 8435167
3864039 4963911
2385211 6076603
2432837 7351460
574471 5425403
3923713 8481483
1163292 8211124
4237329 8051414
892028 5523385
3533446 4487510
1981514 3882993
2889893 4594564
3046942 3600188
4743495 7242940
532085 6678893
1177365 5727276
2784692 4977252
473668 5484961
6502607 7691221
5872792 6463941
2834953 4435203
613756 7686331
2478374 4820644
516600 7140936
3913183 7344382
6521789 7714116
844835 5273530
7410525 7675139
3951502 5465483
4105445 7446802
594661 1946560
811525 7234631
1092498 8587466
2557017 8486205
5393152 5830014
5422644 8425429
2297412 4493625
3380957 6192494
1179041 8539652
1809221 5631401
877005 3758464
2055404 2146924
4817472 5735116
1959932 6699449
4977388 4979199
6384442 7876075
196072 691487
4511518 8169748
2528812 6337202
6594207 7947040
4982819 7500207
3859788 3958235
2577358 8653878
2929390 8644395
5506803 8369692
4466733 5828467
1591313 7089487
6028706 6828160
3944956 4213708
390963 4382138
4663449 6759446
271472 3649090
4255812 6168680
1838834 3658595
2671613 4525911
1423472 3101686
5580839 6785681
932731 4860472
929217 5984180
1051935 1417697
808217 7204448
3348101 5591609
3148966 4588852
4156160 5407712
7015693 7977316
2192930 4699501
1451853 4857710
2802166 5316163
4214540 4577123
1985704 4523885
5183662 7954597
3710155 6248853
396645 7174297
3137011 7875953
2955012 6830172
3483942 8109721
3594323 4414806
1789375 3147036
4484694 4634969
4191995 6602423
4557389 7141096
3943520 8119962
1798714 2561513
6037268 8462169
1250319 1728522
1234717 6602933
37760 4577608
3159755 3829016
438706 2234225
2929300 8496008
103973 1119361
2725310 3834911
2836369 6104054
611515 779996
4017423 6734141
3016259 3148469
5660003 6345409
4122711 5917318
1516134 5927960
41734 311904
2655735 6390221
55949 6134777
2196103 3915881
2712662 5684259
6585645 7374294
1523588 5133218
2428119 7341150
6823915 8435514
8175323 8454514
3952056 4041473
1496973 2796177
2131291 2668025
1273251 5823115
2699796 8269076
1542027 8018108
3334522 8267580
2640132 5107880
3982308 4123522
3432057 3571952
5643408 7065138
1487055 4654858
2688721 5364745
297960 7358751
35133 596241
8035997 8118265
954897 4498579
1223341 3017870
2181287 4727823
806979 1069157
5904716 6391158
794303 7177477
3610738 3708227
2895057 5196664
2561242 4973262
1917902 3611792
2441237 4677057
249494 3096381
211981 4807284
2655610 5559166
580312 2847758
2962242 6663734
4201670 4414239
1422097 3031758
2455581 2480927
3788892 8528075
3378953 7719768
1002947 5155322
180724 7135243
277558 4100351
2447670 8237456
3805322 5579176
2522282 8073153
4612039 4766806
3945086 5630380
1497682 5418753
1629842 2438243
1637770 7405821
6630626 7970284
417972 4017714
1395457 3684977
1124275 1313297
723374 3910576
1148581 8286898
2550225 4344166
5448664 5714213
1425009 6841924
1523550 6306780
2492333 6447446
3833264 4679101
4185468 5644128
4314877 8133437
2921145 8015427
2809176 8010671
2465006 2749380
3613696 4526205
438189 2425634
2486354 3080507
559072 8119892
1086430 4521945
114302 3404449
5141734 6430271
7750017 8338311
1596120 4024474
3274303 3306740
3132337 7091949
1002495 3755772
4493551 4704447
2968149 7357781
4203014 4257399
3689634 6628892
4854761 5348660
5721844 8075065
5405393 6767521
1591036 7309368
5514471 8191835
362693 3907070
43096 1624019
680829 8050771
811661 3101102
6230278 7366801
1730183 4891238
3100840 8254235
1013558 4059391
3766888 5552811
808082 6287091
2592482 6972501
808161 1535916
842943 2298406
3968061 6042354
1874758 1927996
4029431 6792335
2378361 4102766
2871490 7643565
3272190 5991921
3093674 7091534
4606213 6794354
2597794 4138051
4017311 4036127
4618154 8092527
1145053 3801619
515482 6453551
1972544 4464487
3330031 5424889
826934 4970970
5813962 6434901
3745624 4348416
3672718 4694983
2820283 4358122
2696116 7911127
1958232 4859202
2647642 3903761
4405463 7141866
876512 5082033
856723 1366810
1678569 7092026
5975778 8019045
3390978 4458830
6255384 7908383
4244889 6878684
4484069 8488493
1578479 4958457
5364121 8097616
6949496 8036390
4809635 5279575
1458682 7357802
3110352 4959465
3664528 8347597
1575663 2614451
6381551 6920654
1659752 4878784
3263971 6570502
972347 1182212
800596 3246943
1705658 4822087
4264067 4301243
1375566 6385594
2159696 8078895
726445 3310366
1790840 5213801
4369287 6059103
1265832 5450623
7526675 8135199
1173395 5364554
4002812 6159291
1251181 4722713
4435037 5272508
1859918 4800807
767588 3591736
5179812 6486290
2042629 7973332
564232 6018631
2981528 3231574
2735813 6089709
1928357 8449483
1072320 6870498
3362977 8447703
2420388 8252439
6396619 7788324
3816395 8312870
586179 6581299
5536133 8347368
4120882 7786736
1074327 4541001
5612099 6999898
714380 6548952
7585237 8113560
566966 3216803
3211277 7716462
3683557 4732286
731679 2776592
4529091 8143277
4505902 8438035
1359621 6373239
1706684 4206775
418237 3097253
88946 1552633
2769358 8369627
552611 8159522
4508150 5109559
4730758 6292475
590620 8434461
4980524 5113753
4965776 5977107
715371 7156507
8133230 8669500
80961 84120
2263717 3816655
2538538 5319601
8208359 8530951
2965988 3101825
124741 8152631
1184244 3956007
6279138 8042254
2463831 6016135
1360722 6472068
2012694 7330052
2873712 6899073
201233 8376661
1904390 3630882
1882536 2187854
858916 7161724
2073394 6410980
7154720 8403375
5113516 7753480
240438 1359466
862608 1909644
1057776 6577259
2087694 4136763
5956029 8326837
462282 830426
2972281 8084398
5894869 7814727
2310350 7307829
4882698 7458724
2432572 2438924
880235 2162661
3662841 6105489
1080869 1690185
1577925 1922573
3472534 7535064
1210910 4077485
1183175 4044776
81993 6651790
1230148 7645738
2810619 8214391
2127593 4195028
8372746 8420594
3341012 7405022
6304348 8620125
4278745 6859764
7127187 8658790
2129473 8574459
2205228 5032123
2457179 3527918
4893242 5038881
4689342 6642762
6155657 8183360
273074 6434095
2871821 6805211
64838 689692
2421940 3429181
7355705 7543527
5761805 6530891
2124254 3878229
55260 4894247
1582035 2934850
2747993 6521475
4573565 5129656
1692716 3078102
707999 4133347
4367228 7703042
4472511 8414335
3220271 4910331
3393229 8155576
2120684 5049499
3075503 7852779
8088 3311221
7743206 8151937
235916 8717801
551159 7319841
7800422 7851251
495400 5487337
837236 6467163
2645042 2887411
3230215 5101669
3126893 5617580
169278 3418966
5647575 6579251
1499333 1887386
4744688 8435896
543249 7677995
190539 5651141
2216851 2436176
5489658 6729845
4345782 8677982
907239 5964330
2877954 7449222
2109566 7139603
2691500 7439381
3274441 3468288
7489940 7789928
3181741 6451024
3494583 7530863
1186079 2255620
5369289 7306059
4173642 5556063
1224844 6732830
753871 6339469
101736 588041
520278 5831545
1531940 7061221
2861041 7630076
557734 1278233
2116009 5307616
1821153 8521019
5618408 8126098
5047224 6902536
5662132 8209902
7161663 8293551
1324707 4419008
2236405 3811569
4162740 5051757
2212529 5229689
364518 671705
3656294 4602554
3331116 5969488
1874788 8186430
3406686 7006705
3941732 5116510
4122127 5665711
267643 6597140
6063740 6853875
7291756 7739591
7430798 7939682
6556724 7276707
697264 4559178
3217798 6205110
4334773 7646782
76604 4942239
2860271 5468879
1977834 6404405
6688496 8180727
4065099 5399645
6308056 6453458
5808152 7761679
836762 5378886
686760 2663338
5365804 5448285
319086 6614488
1739450 7035542
3132511 5278378
6465591 8579308
1541396 5970390
2320616 7853328
390002 657324
3048581 8710119
966832 6861777
2353318 7278223
3151234 3728595
4723809 5626885
3839231 6834692
6092676 7648681
3289501 7889927
338965 7724329
388946 7590364
2915587 6469547
4053235 6521301
525694 2475009
5263367 5710965
48455 4560015
268740 5795492
4996542 8697608
648754 4261449
5553411 6576983
3794271 4194709
5824497 7679886
1942035 6447564
4933303 5191409
4186141 6999669
5572123 8351938
1386772 4279397
526025 3778950
636664 4888277
6847522 8574637
1707037 3814358
1402779 7121080
2983783 5991643
2136199 6052190
2391463 7426738
1218674 4262335
961282 7455075
1984440 8572755
5892788 6989134
2378662 7488803
6909354 6957441
1575186 3462369
2042926 4395729
4684494 6740839
1435076 7917555
1654360 2804166
1164333 7997732
588736 6308387
3154498 7098700
4585613 8395160
3163304 6996977
5195807 6692997
6015993 6125816
5599628 7844493
5315516 6386003
6287297 7302950
5175384 5993241
4570660 4672582
3844344 7685205
4090163 5993827
2545548 7546346
1148496 6987012
4427878 7640487
3369769 7098502
582046 904855
559543 8074110
1942853 8623029
1318160 5388351
4009975 7060255
2195628 2794378
2988001 6717228
571983 6871793
3833592 6170551
2267661 5631879
2024327 2055693
2581865 7615876
2906760 8024044
2642034 5922024
4940899 7593157
542418 2034791
4980328 8592930
1091177 3977366
3413867 8561165
904384 4610933
4796864 6153676
3895018 8331714
2437792 7815065
2457922 7633433
5690842 7708718
1510212 7542782
1502574 5968120
2646297 5836125
5893978 7617512
5067513 6775114
1910364 7739090
4321401 6368353
2479917 7036628
1268256 2404037
779236 5005652
3533205 8013329
2556976 7241898
1748137 6729871
5260 3805844
2397256 6226089
850105 7513343
366127 2621538
2065909 7191606
5598731 5753398
4361047 6200535
3453600 7857388
349614 708440
3624240 6804137
2082701 6708017
3480952 4541571
3049619 3272139
1743675 5292886
4102581 6754608
2027346 6736842
5777991 8380102
1010556 6925355
284610 6740370
878526 5937280
127581 5098284
1444773 2556240
3372793 3535376
2603483 8297935
2658484 8128513
1256993 2991364
6069572 8591816
245197 8012661
3294128 7630435
2832714 7310599
6962816 7957205
1671339 6639083
6063638 7437837
4644442 8205027
6257637 6667974
3012895 8507197
1350027 5541788
1458115 7792207
4745065 7838592
945680 7524911
3153381 6282047
4936814 5786737
3007312 6518784
1385555 3797194
184287 1995816
865240 5286693
698722 4634880
850420 1271854
5624646 6918466
4354469 6732370
2681406 6434579
4928799 5905712
6608969 7106763
7643303 7984022
3087536 4732010
4235778 5554549
590522 1831442
1633947 6030209
4647959 5374253
491306 2887531
3674861 5960451
1633587 5143237
5404621 5419765
4236213 5836423
1980170 5408904
1829381 2321656
6979822 8309816
2866339 5010016
839469 5078608
1399844 6990889
7656373 8241012
1241715 1663538
6574748 6782090
2660818 7947933
555677 3561106
831646 4499169
3494734 4526305
1952061 6250104
5328160 8134674
162154 1177768
321910 4947745
5733801 8005652
1444182 1635926
2504163 5204814
4813761 8527141
349502 2636852
1002805 5889353
2621997 5150618
3445328 8599813
3073216 7006051
2939376 8207669
2303951 3623242
3272427 7762982
1667317 3106637
195366 5728447
3780140 6807634
5178302 5530548
5651877 6245461
1651288 3401692
6423055 6478481
3445481 3851929
6819317 7934999
1466993 2771377
2454388 5795931
2557266 3912507
1908767 4893997
4343580 7398684
4838714 4877687
3582361 3610917
4452506 5368184
6143041 8442633
2546707 4383218
6986329 8026658
2900700 5874501
657321 5524233
4503711 6189064
55517 6983382
4426273 7014737
4631052 5480291
2959526 6489243
4343114 5253095
1122847 3028396
1206169 6248381
1882572 3827801
2533651 6123823
6156800 8720784
3208233 5226478
6214100 6891811
7483904 8393887
416347 7926206
3594685 5988821
1971635 5208501
7208693 7856549
4305554 5447781
3614131 4523204
492462 7370685
4096684 7531587
5626538 8378169
3839892 8132911
4245187 4526762
1186966 3591388
2617214 4284650
3185875 5174632
444360 4599478
5264110 5409671
8316385 8565934
1867056 3208006
2900608 4635730
4166417 8409495
516759 3204762
1320391 4212710
1878777 5917396
835937 7635129
1102762 4042643
6158979 7769406
342425 839855
5412830 6565449
499840 1571688
3555023 4019762
1172425 2800159
4399503 8066726
6089194 8022411
2635759 6206382
241519 3219346
1356311 4975792
679183 8270086
632014 5677568
1306458 6362177
7290660 7640261
1066418 4691055
2649265 6375875
1688702 4618028
3630753 5502502
102668 7584250
1875150 3377123
8071133 8168211
983301 3362388
1103931 2322699
3363409 4409170
1839259 4803584
1869131 7035094
3079117 7414360
1534640 4257037
1607796 1628941
5911561 6479618
923092 1897579
4500508 5288270
46445 4745825
2522895 4801045
6507102 7168398
3303638 5927878
4234134 6089610
437404 5647672
3455422 6238045
7899608 7981454
7132909 8241969
560577 3017639
6737170 7491997
5397494 8562531
7318303 8316724
2949138 5356712
2606599 8298594
7028988 7348137
1806346 5119476
7269724 7667325
3957554 4745077
4557840 6115043
375332 1120766
1422651 1793164
3528221 6292133
4073131 7828519
69726 5790281
3528127 3958496
4692146 6149891
6862705 7236410
525780 1862969
679149 5831071
189760 7929937
22555 7780062
562962 2707739
5922685 7714342
1164861 8688964
4285305 8478768
920431 4462858
2649303 4291610
270277 5255085
637842 4796697
3145722 5397879
5426423 6372235
5484551 5903247
1362766 3881306
726020 7500660
1747214 8098735
373927 831593
6096315 6220902
1845752 6148617
498778 4182192
2408015 2658848
1349450 3276654
1015441 5141204
1155232 5236458
6041211 7984063
442993 2862592
1682381 5058278
1124521 3266500
947057 1564710
883956 8028895
1491789 6847030
6705739 6798696
2824102 3134083
2856205 4451878
3147421 8453615
3944816 6672231
1204213 8326776
194233 1238576
3502282 6000800
119162 6739569
4295578 7674281
310466 6912627
3365225 8719145
2615719 4261972
1305756 8206470
4592635 6936761
332321 5017761
4810751 8166843
1199916 5591664
2610436 5679373
1727013 6086638
4851099 5193912
1689494 6563487
2074609 4921057
4107946 6574065
2464230 6404961
579474 3110899
1346047 4350923
5713448 7646574
1284949 7784787
5770228 8336693
5923776 8655016
163822 6816017
6167453 7932350
1322506 1365040
780403 4220345
3932153 6121488
410103 1798807
3931052 8030942
6785848 8392963
1859406 3211430
346809 5079023
6355607 7037576
694878 6754677
2304674 3340193
2905038 7447878
1488501 2841176
1301864 4672352
4822508 7957098
2932489 4976041
756706 8018092
2842730 7999642
3722975 6137920
3280038 4951012
1250616 6234834
6825134 8178125
1120784 6043430
2667916 6903970
1582223 7368799
146003 6265501
2889162 4397369
1519857 5526733
5501061 6369077
387340 5033561
3109315 7069769
4017764 4605445
1727566 1739329
714628 4212505
4439131 6843946
3579822 7391884
5926205 6470752
2331247 5518056
1356444 5857493
2941376 7298552
370815 2625311
795269 4850516
2996086 6666157
1553001 7097062
640118 4329184
3532708 8570787
27402 8695693
6494389 8158445
3003028 8183750
4454234 5795718
5459764 6180289
1843464 7268488
5652194 8610982
5285519 7287748
2218604 4566779
872505 2848758
2365436 3936053
663916 6298375
1403734 1749549
657487 3163091
1933644 5335377
7076356 8009034
3076952 7416873
4204650 8026442
4998146 6912060
1309521 2455575
1390555 4112473
3783043 4471850
7309931 7610639
1016867 2925956
3611015 3703981
439931 5054753
206816 7396802
575371 2524964
4071036 6765068
5223427 7271189
6030035 8350450
7534710 8017098
1584279 2275779
6293743 6819285
534686 3250916
4641128 7322070
686248 8592596
3220152 7201483
34507 682203
1122461 8665059
1973189 4325768
2451153 4215663
6381668 7523369
478812 6552131
594930 2158260
3803666 5194405
1359202 3897190
5958897 6979570
6748565 8646696
45233 1094149
5182555 5392300
2601999 5856920
483924 5271583
895422 6348009
3813674 7455979
3917770 4029759
5179744 7275440
2977603 3419924
1795351 4919885
4349362 8249458
992290 6759749
2265938 2967717
3620951 7584110
3897668 6797897
896808 1643297
5352033 5634464
5994817 6819927
220781 5341676
6062638 7233951
871392 1310416
4292031 6085085
4465270 7173027
1846506 8471702
5531561 8620681
4066304 8306826
6647864 7201174
1665734 4368981
2295696 5239532
210084 7059168
5077776 5841577
2105242 5065962
831287 7998376
4438851 7999279
2528670 4521411
2505544 3166109
875112 7278146
1382444 3901687
1813129 6574489
3704509 4796703
4675990 7814687
4919362 6940285
184340 745909
2188314 2203534
3079943 3310002
504973 3790319
729952 4116650
3265362 5356783
841848 5973240
3850699 6272668
921357 6380024
177910 699153
1253697 7203355
3081863 3740079
933856 4440465
2412936 3831865
5482986 7869642
366189 4799553
4415078 6168239
284232 426210
3993617 6111405
3475570 5955260
224040 310822
1657941 6215876
6665285 7440994
2509777 6225403
3581182 7965027
2988015 3615817
6592116 7554474
1795594 7396342
2825238 7414158
5114755 6716265
3166230 7786983
3365217 8649792
1898831 2463072
686492 8142501
2822132 3657092
2614386 3333033
1740387 6342643
3404341 5153457
7521264 8054568
825850 6528434
4165260 6663444
3264298 5761459
5846899 7154895
4335993 7711402
1803318 8372594
3955497 8413599
380521 7423928
7981661 8657020
5716534 6737189
1814040 4839931
5106873 7847893
2470018 4915869
1842756 4377647
245299 3420903
2973806 4008564
2081809 2712848
474106 3302532
240959 5154202
429313 7085575
423408 4072883
2602014 7868835
197767 5884821
4028277 6165155
5307575 6413729
853848 1865168
1694619 7727997
3552705 4175952
985506 1153659
3876152 6217042
133235 679461
6833801 8167024
2395372 3519963
1644838 6869329
2076550 8580814
719113 1686654
360869 6979850
4997257 7720272
3868114 4783711
336804 2687056
6046564 8597780
8647087 8705963
6809281 7461602
6716664 8073809
5720681 6764383
1780334 3639150
198864 4250568
4264210 6812088
1149463 6028150
269411 6161029
3237876 5195835
3469526 5484238
4541444 6283693
3100021 4359091
822501 6585937
4182137 6181686
2458725 3450397
4604115 7914672
3191122 3755071
2824310 5078342
100719 5349865
5169668 5192341
1256723 7957573
1512514 7308385
1173888 2375932
2671294 4128511
6241169 8019524
6671130 7376316
2071207 8302175
1018038 5370102
347670 6018100
4795421 7095771
4968630 6821506
1011232 6165943
5811401 7715231
2476071 4815073
7292836 8366536
5626012 6733784
4251520 5081618
4950523 8053431
2857334 4749226
4030568 4840495
1826020 7442499
4104740 6060287
4034160 6332533
5607771 6570423
3282538 7584109
2129367 5422995
351172 3166785
6682895 8340681
3395062 6457058
3009906 4511838
366137 2067006
5719425 6144863
5751725 6590671
5780915 7533969
3284387 7110924
3277826 5601895
4587385 4869480
1399927 8350792
56272 4234992
985526 2354349
3106403 7592743
1869430 8253199
745298 8220946
1135254 2120535
1177653 5376873
566307 1764980
947302 5386622
286618 6773224
7103318 7981141
3895365 6320226
1066815 1219980
4085325 8560475
3601669 8323154
777475 6115253
146806 401167
5554388 8517368
877848 3899087
985305 6214105
2260217 8106060
3079353 3662931
1902734 1906388
4793055 8346552
98313 8611920
326622 3218423
4369760 5564589
3802709 6422938
2789295 4475680
3610583 6989748
1916741 7440475
1351852 1965993
6053612 8689608
3709608 6916252
3090409 7949939
2499032 6112433
5737421 6626523
1500012 6432936
3794072 4040277
4509029 4601550
1741514 4085226
1967894 5290619
5332876 7023796
2039044 2041524
1934914 3304905
4094552 4490458
6994388 7740397
3985832 8408463
5272783 7618043
2134135 4879125
505904 8209379
2880597 5446382
3035495 5997504
2615703 6681465
317892 6084722
1182982 1569571
3375141 6368491
1838746 3297708
1614284 7867367
5558507 6242485
3870742 4735825
3126391 5002601
12433 6612498
4059571 5442845
357081 1424392
6775381 6863554
1352133 4626613
6618091 7249867
834456 5439727
1332693 7540866
1942453 8173898
4840142 6977010
1017437 5176823
5413043 7333581
4950474 6546389
1003538 4352927
3017428 3196364
3624638 3635762
1175468 4053950
5377755 8619834
3078715 7352732
3102248 5500826
4546764 7857165
7094742 7607567
188613 569843
2761792 4937739
5728864 6536337
4945783 5037679
2869314 5853610
3004376 3337181
2696982 3072191
3345635 8177773
1226359 4830454
1390160 2398417
3555053 7445004
549992 2027586
238385 4429755
616869 3489232
680051 7804145
168887 4951118
1181954 1478080
571773 6522552
1077917 4006088
3011437 4662170
3505527 5217533
1729248 3960188
4119158 8076592
2893217 7424937
1708328 5742929
449080 6597373
410245 6020065
1343304 3181425
46908 7787962
2845063 5426632
228576 5072562
5165525 7561383
278450 4206418
4176003 8096136
4745244 5278948
843328 5697790
4533413 8289325
2500542 7669275
653720 5991746
4438175 6386480
2257555 7930403
2039318 5313749
196481 5622244
1561047 3242890
1860218 6886748
2672076 4564825
4820739 5446029
4601804 7914194
2867803 6817430
4919992 7170981
1772158 6872362
1387639 4286891
1065993 6101016
3045137 7369031
2001513 4019755
1966958 2270391
3493925 4178060
764632 5402610
4709915 8251854
324360 4229722
6093718 6660522
373602 3862608
1596710 5124454
4501800 7688969
4499856 7672273
2527916 8275446
2631413 4699041
3818234 4485848
104587 1703346
7608535 8466625
4368815 7292852
953160 2050233
3822098 8600591
841721 2828236
2397866 5472572
4333950 5177871
7767594 8121266
24593 1052815
5086528 8626486
271249 3144083
4823087 6519352
3514466 6656083
4916111 8536864
4371932 4745626
48365 1880229
3695893 7679349
640587 6020129
1889066 6024567
449958 5147428
1640775 5998576
3406282 5851023
4800434 8499235
1837464 8160945
634921 2634652
1866725 6143158
3385263 7893513
5239262 5483332
2493507 4535863
115841 7554372
977348 7530270
4392293 7234519
353236 1232669
2491122 7293438
1496291 6134344
133466 1521303
820658 2252065
3855823 7453981
5945862 6857362
1442567 6151393
3735866 5070756
697481 6030015
4961318 7117271
4103585 5748689
2841521 4819286
1211793 3143949
1870561 7735367
4984484 5408178
3926618 5524649
6115132 8229126
2125420 7156285
4119784 4267223
5841842 8005475
6808943 8041189
1293155 6701539
6211100 7972638
573365 6513089
4399396 6284066
3752970 6119570
6290929 8194082
1670190 4023518
260507 6628674
4317670 5258009
6805752 7662169
1508292 4941977
7195245 8432809
275481 4670946
3761857 4140928
3377115 5982407
3944798 5843327
784608 2811801
978805 7601750
609325 7601996
1069101 4777421
1113462 8320087
1091661 1200845
4655585 5237274
4486035 5805878
1009907 3628532
1074528 8449595
1087023 4046872
8034685 8176131
5860510 7083913
5667638 6655190
3354215 7095716
8089066 8132311
2495856 3049501
975892 5157799
5333691 7336231
3584046 4248081
3896367 6442107
3790766 5205717
3099534 4494505
2030267 6015019
2258137 2659727
4002328 6859386
3180793 5537553
2747113 8560359
6795141 8377633
620893 746111
293654 5573099
2906658 8399398
2052294 7883625
4068544 8502499
2706536 3303344
4914720 6793566
948077 5728775
2008983 8291862
2356479 5628156
2392373 7073998
124897 3445081
6176025 7406398
135755 2695109
2808003 5356262
4488590 4816184
1163783 5866903
896669 6080869
82049 2450898
693238 1229769
4263685 4337895
4957192 5355286
1722614 2447168
2088064 5696173
833126 3468960
205700 464107
2771834 6133093
6463051 8351661
2191222 5246087
3114332 6792192
7857748 8117370
3580488 8497433
4275219 7019056
13211 2277191
445179 4691109
2332939 7815837
2817915 4125298
6581878 7095212
2122304 4486323
7672999 7681415
4443165 6679153
1533938 3129188
2760261 5104953
6584431 6921006
2419138 5682970
1794777 3427595
295851 7330117
993757 5257352
6139762 7724987
5694827 7475448
66883 6244047
4632304 6093325
677983 2277506
4433088 6252375
3155755 6241270
2803636 5427135
4075703 4616872
1561912 6305506
475415 6707749
1010200 7048875
2646395 2965052
1037857 1790009
1907049 2673156
5222108 7301520
1975737 5624625
10693 1259055
1357329 7028751
2307686 6025489
1697294 5995430
1512339 7552322
72675 7201925
592760 7359515
73660 5948727
1205838 5925857
3111052 3137031
3135441 7350745
96302 2204435
2322347 5040415
2777368 5317714
5696067 7774281
1041401 7612436
5368848 8156125
3271412 4810959
3460846 7266431
147383 2135756
4522650 7761441
4512857 4545239
6215783 6909626
435386 8516921
2658513 3984047
4784214 7259776
184791 7514033
2501770 5960472
2890635 4863914
4359945 6599417
