1972 4097 1622
3911 3914
2420 2423
841 844
2028 2031
57 61
3349 3352
2163 2167
900 903
453 456
2707 2710
2986 2989
1338 1341
1786 1789
3047 3050
3836 3840
353 356
1254 1257
3724 3727
1020 1023
762 765
349 352
529 532
2333 2336
3435 3438
1907 1910
3494 3497
1109 1112
2344 2347
3000 3003
1565 1568
1857 1860
2051 2054
755 759
726 729
2428 2431
932 935
3972 3975
628 631
1041 1044
10 13
278 281
1014 1017
3602 3605
149 152
2098 2101
2589 2592
3866 3869
1346 1349
1581 1584
581 584
749 752
2330 2334
2817 2820
3220 3223
770 773
1176 1179
692 695
1403 1406
2556 2559
2657 2660
2671 2674
3715 3719
2544 2547
3938 3942
234 237
3015 3018
151 154
851 854
2585 2588
2326 2329
385 388
2790 2793
1216 1219
3039 3042
2685 2688
3815 3818
642 645
3441 3444
571 574
1081 1084
2177 2181
2369 2372
2984 2987
869 872
378 382
3901 3904
2811 2814
3154 3157
2735 2738
4070 4074
3097 3102
4056 4059
361 364
2458 2461
3699 3702
3253 3256
2092 2095
3813 3816
339 342
3368 3372
3542 3545
3035 3038
2130 2133
313 316
2925 2928
2587 2590
4068 4071
2373 2376
142 146
2460 2463
2786 2789
140 143
1325 1328
977 980
666 669
335 338
391 394
829 833
2219 2222
445 448
2917 2920
3544 3547
1943 1946
1897 1900
3986 3989
1180 1183
3903 3906
1120 1124
1331 1335
88 91
3998 4001
751 754
3872 3875
3718 3721
1881 1884
482 485
1847 1850
585 588
3363 3367
2491 2494
3596 3599
1811 1814
2379 2382
3359 3362
1416 1419
3160 3163
1313 1316
2348 2351
1547 1550
1172 1175
159 162
2835 2838
2641 2644
2523 2526
3984 3987
2727 2730
3862 3865
1426 1430
2088 2091
3055 3058
2112 2115
3134 3137
2161 2164
2422 2425
3890 3893
3045 3048
295 298
3420 3423
2797 2800
3578 3581
3385 3388
1720 1723
981 984
2213 2216
248 252
1518 1521
2035 2038
1614 1617
266 269
849 852
3181 3184
3445 3448
544 548
1859 1862
3957 3960
3033 3036
1401 1404
2839 2842
3289 3292
1466 1469
1887 1890
2533 2537
1500 1503
1929 1932
1083 1086
365 369
2509 2512
622 625
694 697
3174 3178
3063 3066
2493 2496
656 659
2761 2764
3753 3756
3120 3123
3303 3307
2479 2482
3745 3748
1698 1701
1261 1264
1449 1453
1595 1598
920 923
3057 3060
1024 1027
1772 1775
108 112
722 725
1978 1981
2693 2696
1690 1693
3546 3549
2943 2946
1869 1872
1871 1874
2217 2220
1433 1436
2513 2516
3172 3176
1504 1507
3314 3317
894 897
3783 3786
229 232
2894 2897
2558 2561
1624 1627
1065 1068
2723 2726
1344 1347
1265 1268
3562 3565
2495 2498
1275 1278
855 858
1152 1155
2234 2237
1513 1517
1407 1411
90 93
3572 3575
782 785
3759 3762
718 721
84 87
2442 2445
646 649
189 192
2669 2672
3945 3948
264 267
660 663
2823 2826
1893 1896
3370 3374
2430 2433
169 172
1506 1510
2194 2197
2675 2679
4037 4040
1232 1235
3819 3822
1178 1181
2057 2060
347 350
326 329
1569 1572
3257 3260
1830 1834
682 685
475 478
2527 2530
493 496
612 615
2731 2734
1035 1038
3205 3208
2635 2638
606 609
3852 3855
1630 1633
1443 1446
415 418
51 54
3530 3533
1491 1494
953 956
429 432
3830 3833
3262 3265
3886 3889
2339 2343
3943 3946
1279 1282
3424 3428
3709 3712
2821 2824
3247 3250
3355 3358
1849 1852
2033 2036
3772 3775
45 48
600 603
2100 2103
740 744
1919 1922
979 982
3850 3853
3582 3585
16 19
3183 3186
94 97
2593 2596
644 647
3682 3685
1534 1537
916 919
1053 1056
732 735
1736 1740
1055 1058
3634 3637
1855 1858
3623 3626
2303 2306
2436 2439
551 554
157 160
3341 3344
965 969
2795 2798
1307 1310
2741 2744
459 462
3649 3652
1782 1785
3558 3561
2188 2191
203 206
712 715
3854 3857
2933 2936
989 992
3185 3188
2915 2918
3222 3225
1530 1533
3600 3603
1957 1961
4017 4020
299 302
4000 4003
1009 1012
3093 3096
2697 2700
2833 2836
18 21
2211 2214
3162 3165
1778 1781
2875 2879
3488 3491
2859 2862
3232 3235
2311 2314
2511 2514
2319 2322
3071 3074
2263 2266
1022 1025
3694 3698
3207 3211
1485 1488
997 1000
3666 3669
2090 2093
2400 2404
1154 1157
2215 2218
1043 1046
383 386
3988 3991
253 256
1805 1808
4039 4043
24 27
3919 3922
2568 2571
3126 3129
3187 3190
1755 1758
2927 2930
1030 1034
1845 1848
1776 1779
1516 1519
1039 1042
3447 3450
305 308
1487 1490
1226 1229
1493 1497
110 114
1113 1117
704 707
3122 3125
3732 3735
3043 3046
12 15
2799 2802
505 508
3684 3687
1526 1529
587 591
2982 2985
602 605
1420 1423
3647 3650
443 446
1747 1750
1718 1721
3827 3831
3787 3790
1059 1062
2438 2441
1085 1088
2782 2785
2792 2796
1212 1215
128 131
912 915
1329 1333
2403 2406
1790 1794
2444 2447
397 401
995 998
3409 3412
975 978
1061 1064
3688 3691
843 846
1925 1930
324 327
330 334
2469 2472
3570 3573
3899 3902
2581 2584
4050 4053
1137 1140
1099 1102
736 739
2855 2858
236 239
3658 3662
784 787
555 558
3803 3806
41 44
1011 1015
594 597
3422 3425
3701 3704
3168 3171
1917 1920
1418 1421
2357 2360
1616 1619
1915 1918
2525 2528
55 58
2743 2746
2285 2288
708 711
3892 3895
370 373
3574 3577
2921 2924
3980 3983
2471 2474
197 200
286 290
284 287
187 190
2725 2728
4012 4016
2505 2510
523 526
104 107
3117 3121
1556 1559
3203 3206
720 723
449 452
1745 1748
2578 2582
839 842
2001 2004
3453 3456
2126 2129
3081 3084
3140 3143
1230 1233
4066 4069
2778 2781
4010 4014
2434 2437
3278 3281
3006 3010
2072 2075
3566 3569
3209 3213
1196 1200
1103 1106
2837 2840
3663 3667
3726 3729
2230 2233
138 141
1277 1280
2626 2629
227 230
3105 3108
261 265
1998 2002
2196 2199
1087 1090
421 424
1815 1818
3152 3155
2605 2608
1133 1136
3913 3916
3239 3242
1953 1956
3276 3279
2018 2023
3437 3442
1545 1548
3144 3147
2886 2889
1186 1189
389 392
4090 4093
3472 3475
569 572
1127 1130
3498 3501
4083 4087
4054 4057
1350 1353
3629 3633
3241 3244
993 996
1399 1402
1368 1373
126 129
658 661
4027 4030
2102 2105
2815 2818
2200 2203
955 958
861 864
3411 3414
1208 1211
3130 3133
2719 2722
1628 1631
2951 2954
22 25
179 182
2394 2397
3763 3766
1384 1388
62 66
1095 1098
2751 2754
3540 3543
2168 2172
3778 3782
1680 1683
201 204
4 7
676 679
3594 3597
3170 3173
3403 3406
1931 1934
2884 2887
724 727
3061 3064
716 719
2114 2117
1700 1703
987 990
2385 2388
2166 2169
1841 1844
2355 2358
205 208
3037 3040
2968 2971
1410 1413
2086 2089
86 89
2223 2226
2851 2854
124 127
2257 2260
2873 2876
1360 1363
1899 1902
590 593
3661 3665
626 629
2337 2341
3967 3971
2006 2009
2680 2684
3264 3267
2765 2768
49 52
2819 2822
3138 3141
3524 3527
2597 2600
2906 2910
1540 1544
1692 1695
1305 1308
467 470
503 506
2118 2121
2497 2500
2398 2402
78 81
473 476
3610 3613
3817 3820
2499 2502
3738 3742
946 950
2663 2666
2749 2752
827 831
3310 3313
2255 2258
1982 1985
2289 2292
3476 3479
1726 1729
3490 3493
2363 2366
2562 2565
1609 1613
1813 1816
3164 3167
2931 2934
1955 1958
3874 3877
1380 1383
2947 2950
1696 1699
2867 2870
2863 2866
1968 1971
1170 1173
1865 1868
2888 2891
3506 3509
1686 1689
2847 2850
1674 1677
640 643
3433 3436
1297 1300
972 976
2414 2417
2392 2395
1678 1681
2935 2938
1706 1709
2753 2756
2134 2137
1222 1225
745 748
3146 3149
402 405
914 917
1626 1629
3785 3788
1939 1942
1905 1908
3951 3954
648 651
2911 2914
596 599
1670 1673
8 11
1026 1029
2142 2145
3917 3920
2295 2298
3982 3985
3087 3090
3299 3302
155 158
1797 1800
2037 2040
1962 1965
2827 2830
813 816
1749 1752
3520 3523
489 492
2146 2150
1447 1451
3031 3034
3676 3679
938 941
951 954
2003 2007
1763 1766
3796 3799
1714 1717
1883 1886
3011 3014
1994 1997
738 742
3230 3233
4094 4096
618 621
427 430
288 292
2540 2543
3008 3012
3023 3026
559 562
1676 1679
3004 3007
1976 1979
3884 3887
2424 2427
2878 2881
3651 3654
374 377
3947 3950
2861 2864
2190 2193
2 5
1224 1227
1839 1842
1765 1768
43 46
1664 1667
2309 2312
811 814
1049 1052
1921 1924
2941 2944
2317 2320
3361 3364
408 411
1489 1492
934 937
1941 1944
1799 1802
2080 2083
30 33
1560 1563
2151 2154
1210 1213
1007 1010
3073 3076
1634 1637
3326 3330
880 883
2919 2922
747 750
1738 1742
2689 2692
3720 3723
2066 2069
3019 3022
1091 1094
3534 3537
983 986
3878 3881
2136 2139
1093 1096
2024 2027
3486 3489
892 895
1549 1553
1283 1286
772 775
3293 3296
985 988
1638 1641
662 665
1889 1892
1371 1375
2566 2569
2016 2020
3631 3635
69 72
3516 3519
688 691
3621 3624
122 125
957 960
3536 3539
3554 3559
799 802
2729 2732
1644 1647
3894 3898
3905 3908
3941 3944
1875 1878
714 717
2273 2276
2155 2158
2759 2762
120 123
372 375
1431 1434
2890 2893
3686 3689
1734 1737
2132 2135
1803 1806
1424 1427
3224 3227
567 570
2448 2451
322 325
1135 1138
2709 2712
2755 2758
3608 3611
1502 1505
3379 3382
1016 1019
309 312
1753 1756
1018 1021
2976 2979
2477 2480
2542 2545
702 705
1901 1904
514 517
2225 2229
1354 1357
2299 2302
3297 3300
3377 3380
3482 3485
272 275
904 907
776 779
2703 2706
3478 3481
863 866
224 228
2053 2056
1611 1615
1579 1582
3839 3843
412 416
1960 1963
4086 4089
991 994
1480 1483
624 627
2107 2111
1454 1457
1397 1400
2010 2013
2632 2636
1182 1185
2045 2048
2923 2926
2313 2316
3678 3681
274 277
1057 1060
2184 2187
3053 3056
1809 1812
3832 3835
794 798
1111 1114
130 133
1003 1006
47 50
2913 2916
34 37
2291 2294
1891 1894
1160 1163
2275 2278
4008 4011
3089 3092
3280 3283
4006 4009
3218 3221
3413 3417
3109 3112
395 398
3285 3288
501 504
2595 2598
3848 3851
1097 1100
918 921
4033 4036
257 260
1148 1151
301 304
2157 2160
3576 3579
165 168
3992 3995
797 800
3401 3404
509 512
1807 1810
3426 3430
1342 1345
1464 1467
2207 2210
507 510
477 481
4004 4007
3512 3515
3640 3643
2138 2141
3974 3977
3842 3845
3077 3080
1452 1455
1770 1773
630 633
3794 3797
1414 1417
1293 1296
1228 1231
2970 2973
3680 3683
3463 3466
3113 3116
14 17
2180 2183
535 539
3880 3883
2807 2810
2609 2612
1472 1475
2682 2686
2039 2042
2788 2791
2387 2390
871 875
2418 2421
2769 2772
1089 1092
1911 1914
2041 2044
3166 3169
3604 3607
2365 2368
2843 2846
433 436
3909 3912
2454 2457
28 31
1315 1318
778 781
2965 2969
1192 1195
2246 2250
1252 1255
1536 1539
307 310
2381 2384
1819 1823
132 135
898 901
1761 1764
3932 3935
3876 3879
2204 2208
2182 2185
147 150
2144 2148
1622 1625
3747 3750
1668 1671
2515 2518
1033 1036
1362 1365
80 83
3343 3346
4025 4028
3337 3340
2603 2606
3459 3462
3021 3024
1774 1777
1378 1381
2030 2034
766 769
3115 3119
333 336
1422 1425
3645 3648
2691 2694
238 241
6 9
145 148
480 483
404 407
1945 1948
183 186
878 881
64 68
743 746
1599 1602
3711 3714
1236 1239
3642 3646
926 929
1656 1659
2972 2975
902 905
2548 2551
2371 2374
463 466
3907 3910
538 541
1650 1653
1577 1580
3059 3062
3927 3931
1990 1993
553 556
3963 3966
2574 2577
3823 3826
575 578
1142 1145
499 502
3457 3460
2416 2419
74 77
2323 2327
2659 2662
930 933
2554 2557
3418 3421
2487 2492
4079 4082
1206 1209
792 796
3201 3204
2673 2677
1301 1304
3103 3106
3255 3258
3243 3246
1662 1665
185 188
1319 1322
2076 2079
1833 1836
1694 1697
2621 2625
1250 1253
2546 2549
774 777
1462 1465
1759 1762
888 891
1532 1535
1445 1448
3399 3402
1801 1804
519 522
3560 3563
423 426
1722 1725
906 909
2639 2642
2175 2179
3128 3131
2619 2623
1184 1187
2475 2478
359 362
3692 3695
3730 3733
3407 3410
760 763
1511 1514
2695 2698
540 543
2892 2895
60 63
410 413
1949 1952
896 899
557 560
1069 1072
207 210
1587 1590
2909 2912
1873 1876
1682 1685
3345 3348
1101 1104
3301 3305
1358 1361
1374 1377
634 638
1037 1040
1712 1715
2776 2779
3391 3394
1317 1320
2849 2852
936 939
1063 1066
2617 2620
1654 1657
3189 3192
1702 1705
2705 2708
1188 1191
3443 3446
341 344
3461 3464
2715 2718
2297 2300
3107 3110
1970 1973
1853 1856
3653 3656
2321 2324
2432 2435
1131 1134
4046 4049
1299 1302
209 212
1520 1523
2140 2143
2070 2073
32 35
1287 1292
3592 3595
2717 2720
2389 2393
2853 2856
2061 2065
2651 2654
2173 2176
1528 1531
2637 2640
3550 3553
2485 2490
2440 2443
484 488
650 653
815 818
825 828
1885 1888
2159 2162
2535 2539
181 184
3075 3078
2896 2899
2342 2345
3953 3956
1334 1337
1395 1398
3936 3939
1482 1486
2396 2399
2955 2958
876 879
1190 1193
3703 3706
2350 2353
2008 2011
2667 2670
1660 1663
696 699
3308 3311
1992 1995
1115 1119
2900 2903
1601 1604
3416 3419
447 450
1045 1048
604 607
3770 3773
2481 2484
4044 4047
3041 3044
2064 2067
3598 3601
1524 1527
1597 1600
2624 2627
3584 3587
1652 1655
805 808
2228 2231
3625 3628
608 611
2803 2806
3282 3286
1903 1906
1603 1606
573 576
3270 3273
1935 1938
3357 3360
1986 1989
2665 2668
2116 2119
3749 3752
3934 3937
3351 3354
3295 3298
2466 2470
3834 3837
1285 1289
400 403
790 793
2026 2029
1632 1635
2059 2062
3431 3434
2572 2575
175 178
2249 2252
3339 3342
563 566
873 877
3915 3918
1618 1621
1573 1576
3389 3392
1542 1546
425 428
3696 3700
803 806
684 687
3588 3591
4064 4067
2831 2834
2929 2932
3858 3861
3455 3458
674 677
153 156
419 422
2992 2995
1784 1787
2236 2239
2171 2174
320 323
3868 3871
2055 2058
3025 3028
2661 2664
2209 2212
2564 2567
1146 1149
1391 1394
246 249
2959 2962
859 862
3860 3863
730 733
3500 3503
315 319
2287 2290
1199 1202
1558 1561
2813 2816
2279 2282
1996 1999
2939 2942
2521 2524
753 757
4062 4065
3761 3764
2192 2195
1405 1409
2784 2787
3177 3180
3245 3248
3776 3780
908 911
1861 1864
276 279
2529 2532
4031 4034
2550 2553
1364 1367
961 964
3976 3979
2757 2760
2809 2812
3069 3072
2601 2604
521 524
487 490
2763 2766
3496 3499
3199 3202
357 360
1468 1471
38 42
3383 3386
2957 2960
1867 1870
3825 3828
1139 1143
244 247
547 550
1585 1588
786 789
884 887
1937 1940
2462 2465
4041 4045
2346 2349
3124 3127
195 198
1704 1707
3484 3487
1988 1991
1242 1245
3767 3771
303 306
2560 2563
343 346
2153 2156
1174 1177
1441 1444
2805 2808
2721 2724
2615 2618
82 85
2978 2981
2531 2534
3306 3309
71 75
1562 1566
845 848
807 810
2267 2270
3017 3020
2251 2254
1203 1207
3191 3194
3142 3145
2998 3001
3888 3891
1168 1171
242 245
1028 1032
3970 3973
1640 1643
1412 1415
1376 1379
92 95
1589 1592
1348 1351
469 472
1248 1251
944 947
3373 3376
280 283
2082 2085
2865 2868
1303 1306
1947 1950
3844 3847
2283 2286
2049 2052
1496 1499
1240 1243
4077 4080
3789 3792
2043 2046
2538 2541
819 822
1327 1330
3449 3452
823 826
2628 2631
3347 3350
3801 3804
1194 1198
3690 3693
3467 3471
768 771
2074 2077
441 444
549 552
2047 2050
3552 3555
1620 1623
297 300
3921 3924
3798 3802
2655 2658
1708 1711
76 79
2281 2284
2841 2844
1751 1754
1067 1070
2446 2449
1123 1126
215 218
1974 1977
3674 3677
1478 1481
3381 3384
328 332
4019 4022
2464 2468
1352 1355
809 812
3156 3159
1817 1820
1218 1221
3150 3153
1591 1594
3514 3517
3955 3958
890 893
610 613
26 29
3312 3315
3751 3754
3274 3277
999 1002
832 836
1129 1132
2599 2602
1730 1733
706 709
4060 4063
1263 1266
1001 1004
3528 3531
1522 1525
1047 1050
614 617
3013 3016
3807 3810
652 655
963 966
1554 1557
3994 3997
2857 2860
700 703
134 137
1895 1898
3234 3238
1743 1746
2307 2310
1470 1473
3508 3511
1788 1792
3474 3477
457 460
664 667
1382 1385
678 681
3065 3068
3617 3620
3291 3294
1642 1645
3722 3725
2377 2380
1 3
1474 1477
654 657
3027 3030
3568 3571
3870 3873
1648 1651
2699 2702
1909 1912
2383 2386
2124 2127
2122 2125
1822 1825
2022 2025
2426 2429
788 791
3864 3867
1552 1555
1340 1343
3259 3263
3375 3378
3856 3859
3397 3400
780 783
163 166
3465 3468
2244 2247
3765 3768
268 271
431 434
270 273
3586 3589
1966 1969
3148 3151
1323 1326
98 101
2552 2555
2517 2520
3320 3323
2094 2097
3195 3198
1156 1159
1005 1008
1393 1396
3111 3114
255 258
1439 1442
2945 2948
3179 3182
1508 1512
3518 3521
1079 1082
2576 2579
680 683
533 536
1980 1983
2583 2586
3083 3086
2701 2704
3197 3200
1460 1463
2269 2272
2240 2243
3226 3229
2221 2224
1366 1369
3809 3812
3612 3616
3805 3808
1538 1541
620 623
437 440
3101 3104
2801 2804
3564 3567
161 164
837 840
2647 2650
527 530
3331 3334
2084 2087
1311 1314
1767 1771
3627 3630
565 568
2068 2071
2271 2274
1710 1713
1716 1719
3335 3338
67 70
3672 3675
3492 3495
525 528
2293 2296
3736 3740
2711 2714
2375 2378
219 223
4035 4038
1356 1359
1826 1829
461 464
922 925
1863 1866
847 850
3990 3993
959 962
3923 3926
592 595
376 379
1984 1987
2253 2256
1244 1247
3132 3135
4052 4055
1336 1339
3480 3483
2242 2245
4023 4026
1259 1262
2645 2648
2882 2885
36 39
2733 2736
173 176
3713 3717
1435 1438
3821 3824
293 296
2869 2872
1429 1432
2450 2453
380 384
3781 3784
2198 2201
337 340
2202 2205
728 731
1269 1272
3548 3551
213 216
1234 1237
2845 2848
710 713
199 202
2335 2338
1795 1798
2678 2681
1972 1975
1256 1260
3365 3369
967 971
282 285
2315 2318
2902 2905
4021 4024
801 804
3526 3529
3251 3254
1666 1669
363 366
2149 2152
2988 2991
3049 3052
2994 2997
2713 2716
3236 3240
2747 2750
2871 2874
3329 3332
3705 3708
3961 3964
3136 3139
1144 1147
451 454
1757 1760
1220 1223
2096 2099
2238 2241
1780 1783
2128 2131
3266 3269
3079 3082
167 170
3811 3814
3216 3219
1835 1838
3333 3336
3522 3525
471 474
3268 3271
115 118
2359 2362
1075 1078
2949 2952
3353 3356
1688 1691
3882 3885
2829 2832
317 321
3741 3744
886 889
1267 1270
2591 2594
734 737
1607 1610
865 868
1387 1390
3929 3933
1309 1312
2649 2652
1741 1744
1456 1459
3504 3507
3067 3070
3451 3454
4073 4076
2012 2015
1828 1831
2120 2123
1843 1846
3085 3088
2780 2783
3965 3969
495 498
3193 3196
668 671
670 673
1593 1596
970 973
2301 2304
2953 2956
686 689
2737 2740
1672 1675
20 23
698 701
857 860
3925 3928
2261 2264
3590 3593
3757 3760
3846 3849
102 105
3743 3746
3755 3758
117 121
240 243
2643 2646
1476 1479
924 927
3429 3432
3655 3660
2653 2656
96 99
2774 2777
2352 2356
1150 1153
2974 2977
3959 3962
3405 3408
1281 1284
1162 1165
211 214
1793 1796
4081 4085
259 262
1071 1074
853 856
3002 3005
1933 1936
1732 1735
1273 1276
3668 3671
2232 2235
1073 1076
1567 1570
1951 1954
465 468
690 693
1851 1854
250 254
2405 2409
3214 3217
637 641
171 174
3212 3215
368 371
2630 2634
3095 3098
3395 3398
1271 1274
1824 1827
1214 1217
4048 4051
1913 1916
2963 2967
2328 2332
3638 3641
2110 2113
1246 1249
3774 3777
511 515
4088 4091
3580 3583
1321 1324
491 494
516 520
113 116
867 870
2410 2413
1583 1586
3949 3952
1295 1298
3318 3321
4002 4005
2980 2983
2519 2522
3510 3513
497 500
2501 2504
817 820
2473 2476
835 838
1389 1392
821 824
3158 3161
1877 1880
3615 3618
1077 1080
3532 3535
2880 2883
1458 1461
758 761
1158 1161
4075 4078
1571 1574
3469 3473
4015 4018
2613 2616
351 354
1051 1054
2367 2370
542 545
345 348
2186 2189
4058 4061
3791 3795
177 180
2104 2109
3316 3319
2456 2459
583 586
3287 3290
53 56
1575 1578
231 235
3606 3609
3728 3731
764 767
1125 1128
2767 2770
191 194
2452 2455
387 390
1684 1687
2361 2364
3324 3328
1923 1926
928 931
1646 1649
1837 1840
217 221
2570 2573
1728 1731
222 225
672 675
1437 1440
2259 2262
3322 3325
4092 4095
1105 1108
2996 2999
2611 2614
3707 3710
1201 1204
940 943
910 913
3502 3505
136 139
2739 2742
1118 1122
3228 3231
3619 3622
1498 1501
2771 2775
1164 1167
2483 2486
2825 2828
1166 1169
3538 3541
1107 1110
4029 4032
2078 2081
100 103
1724 1727
2412 2415
632 636
2937 2940
531 534
417 420
882 885
3996 3999
3393 3396
3091 3094
598 601
3249 3252
579 582
2687 2690
3636 3639
949 952
616 619
2014 2017
2904 2907
561 564
2277 2280
2305 2308
2961 2964
355 358
3029 3032
311 314
3978 3981
1879 1882
393 396
3897 3900
2265 2268
1964 1967
455 458
3387 3390
1291 1294
1658 1661
106 109
3051 3054
435 438
2607 2610
439 442
1238 1241
406 409
2503 2506
193 196
942 945
1605 1608
291 294
2408 2411
2898 2901
3734 3737
3670 3673
577 580
1636 1639
3272 3275
2745 2748
2990 2993
