2000 1000000000 4
105824075 385167824
324109268 630884187
154785884 489974071
282747530 442386499
711002267 976225561
478954970 741869307
265472440 870886784
267641360 914034257
390576808 538335597
63340289 515444066
373189853 810344381
146422233 377396791
67913285 398894438
148349932 779528785
659852356 910663973
79403130 670089443
146863057 566493452
26798778 746059220
468497486 479461627
216205722 374171302
42469472 724954311
449977320 705786632
124464194 252245945
156578266 619059906
250489237 943117212
110785220 698902169
208328584 940924466
69639093 113218113
259558980 400733405
386071731 750777735
638302359 837650272
82330568 95964974
169588915 850481267
106938542 734272083
93510141 509347203
584104773 763415431
713619785 873773513
858015975 971317423
248604143 517555104
109384173 121065406
145791055 244236668
398906993 934039906
263078623 716643301
533074048 880238133
612064883 670897496
83015600 991706476
280103883 693274268
269673571 684859124
685211276 867264724
242109846 674492301
429066954 625394658
576531281 733167728
598019368 690160076
312027917 981741573
150202814 603259206
85141866 585898438
802064518 999049352
8363045 273573310
22957038 698880227
216197543 570281510
470435771 847202657
261942509 546855664
480055788 690350912
699583128 710021938
173997954 252537096
155276151 357517328
142000121 925419387
67480737 645829454
115111205 283442262
298869771 590865329
194673942 369987561
189346242 797290158
382509899 918694708
129965445 445959822
209902423 303658514
327295851 465040541
296057428 814600419
188579250 530840283
61843679 599468960
48112263 108258431
81560924 327318244
534646602 539676858
782162275 883709047
749855952 903502528
329682125 721961982
329994885 717731120
151489522 286577356
61547611 752972652
846580769 980534211
365217371 606830308
331233533 726028176
274141693 342066643
289466521 830834425
66129953 300252030
113058643 181610340
671766419 816000950
470332622 844445263
811830342 879351097
322118503 327428838
624172826 970510978
41829534 233939868
612937377 974450533
314288973 762962169
141398523 675669704
374182496 879334127
551764666 802581431
304827733 665180258
225890369 821848452
49430091 858141453
214515749 284923945
377605143 686298234
168256897 229969062
47908806 444827183
775243067 897539872
772808723 898331190
22913215 861845449
619865768 635478025
833270604 916895077
199569276 842991764
44650103 530743532
171249892 494599043
154608029 342913976
342566688 430596606
482737851 629658696
87175872 989715111
904696128 987295865
423555114 719248881
383177474 887598486
594812231 859110331
312478192 673612301
18618017 481596009
753987331 991067468
41134484 97266892
23384532 361592159
454159924 675346307
167711510 990800810
283970531 908121324
164762586 326531599
534857450 812139116
775376170 940945955
492621095 546979724
218743852 770494442
275034516 591148834
253152012 872237813
864323174 974981284
85783089 953632929
260593596 480382014
65662742 688686227
930774321 966997687
46754057 84239127
796121035 843939084
153970182 859477994
568328687 829603857
9335306 740931916
250081344 857032836
77541393 286568597
419955683 510809890
259944364 857914102
570722750 730742929
240224519 827599420
131323040 694811898
97020081 323874095
172746437 215968526
330336781 684439781
285678837 945483517
180971626 583210015
608166742 937376898
480946737 538790274
702469967 766788887
480102928 775608975
125629970 551821400
40650044 772021457
274712371 464359444
460995831 794804774
664315539 998203148
153075479 655838346
816039694 907963156
446936098 810592595
873978326 989965917
21756757 393995436
441583023 892778531
199147471 495092204
275012977 362210966
126245361 625319433
88639421 824481096
261277392 407599105
210190279 231663393
152990242 921173582
221996335 783107828
204816778 466769628
220650554 617494983
464324343 654191227
46378618 173167595
385112668 849984533
122672580 587859712
564206590 809661628
747450329 755645406
285977383 930863242
189883636 577635257
151541031 696199454
325763172 954177210
660390662 724317570
338021216 416088882
200417773 887734386
398922474 891918011
228964791 421043120
250418254 801505649
564808386 688022462
335923298 523696103
308889912 449200031
44541217 525612305
164399113 367231147
241079727 356204929
395665770 996449191
110577709 923201312
344689723 780004192
448105934 484054580
13663878 230437312
552177729 665783976
815396200 990156129
381125882 853532138
146855972 215862531
703306293 785626085
213169680 507321547
259752794 318376551
484991068 627453807
4583844 512137407
37743977 188388320
183654877 203660416
463289255 994982340
115532930 945456954
110237767 556839103
291036682 834844145
433928340 923453338
222747402 621925459
760478465 760797254
188597549 215470092
400535349 832298727
164771857 403600269
898721250 959099047
345813837 975600567
438667655 779998566
31694989 434654611
773312531 797411083
634435439 955878482
17760687 218519254
679677722 723474660
173913188 735205186
148854949 372259263
336911330 635949950
54518002 189444214
218518953 316105099
89735942 680042640
42842046 584638673
193659346 606481790
201376325 482353992
298615615 429560183
626905256 788858161
216642157 741081837
76817120 782182499
666882672 942627169
853408160 878917451
205849396 549958305
64495857 122493482
819052847 899029593
235893139 775342890
392525315 668532041
10832706 667634618
493107348 533394080
336063353 420568258
722341115 825391106
96392929 435608881
188120466 282735755
675622267 896838325
358062698 421430716
40665538 452522847
206075420 620871474
124593291 427148762
148292695 847114047
293029318 461277279
423599811 943411798
304393195 968118351
581345127 964346269
105719535 567439480
287551148 305912029
513887597 678790603
47616434 951845253
10225386 691820965
119732759 963366065
129567322 279396267
74187023 221219867
320210453 680969350
59244051 834168100
192949269 325435238
844997034 855837943
50302294 117635405
795001434 822174955
31409806 863996819
390938752 918428705
60558678 971467060
190812588 976906064
474662554 706269427
210013019 566826935
667234767 714351989
231674246 543860462
286717337 431490979
374103145 965831113
85483460 669595968
553095283 619519181
729005358 925990282
275850316 767019894
327487379 353487987
44469761 987762060
116551525 596743983
228850308 826857187
20177757 272537155
248966073 719292460
179512481 715463339
428363680 559139433
228361652 960657751
661012059 876109542
540613153 973576820
13928170 869221738
440732391 945014136
186354261 494835031
379880008 557148935
370060734 593877035
188946369 414863398
282601437 293189910
46799641 611805090
364609454 836895219
5445448 68083012
263411155 454017579
261458708 397461716
591786928 961678390
93464495 738787501
101367614 562610856
462186668 956981812
400481648 490859389
183905516 469120873
262603775 893081094
10740511 959902433
603376557 817065951
864777657 925692344
667317788 812163117
147170935 881156766
223190568 321203304
11402387 61843892
216990298 896176696
600189490 848550520
666488137 971633884
260985527 526581867
501346082 663150381
651175642 937784146
391215194 799730842
466005945 865681726
28934811 890923797
113549372 384930569
95099542 144270264
276384079 650979411
195540151 965071848
92726001 617608914
732999780 932045822
171854070 256991055
729101423 775015634
209213659 800862523
190462095 981277444
11992270 116979086
397747956 442528477
340942566 628053907
138538452 182467124
71392177 785190044
229476402 632485522
61019984 357543783
80700199 896569918
105792339 220494443
868732371 877975237
60591429 546707275
416363122 444141703
585372369 633048086
588091795 590612935
776938540 923456293
367214480 620469800
420519491 812241377
81953496 488925376
222711755 590286709
176121259 725754907
87603936 144998140
1763168 44333667
665895081 807849209
629584032 919028270
201973612 643915305
132821767 983309954
743253254 935019947
439697378 602371365
58794232 137247721
292495137 869745572
437068757 472646133
122572878 411656196
183693696 814421777
774534170 799391708
169790326 927512979
226773759 604037943
196127332 362434250
229794600 715719359
50593576 145240435
651015632 908003456
359467204 808580647
27257029 585161036
508667692 628328021
136743002 299424652
612845000 716090144
210124913 257072686
543608324 554714126
120770629 470425447
416853705 866502564
939114432 967873287
704600 952363227
142552527 975546565
800136966 920247195
346577074 415139934
30477230 677333937
435838115 508398255
194945617 675412938
138530894 646908129
67106143 829257982
318113391 820719045
200147222 654057525
698640008 994361805
18899099 157265931
183273503 649409668
743654790 989296948
687192035 975977624
264310819 765126408
507421561 890682103
543501975 696740610
189338364 751202642
128925418 475391999
222616931 381955875
112069858 939253988
493207541 619611465
430163198 756628163
255365521 979371720
66377864 110930058
467340628 817156515
389727635 960998837
231114847 730825799
76419962 331744233
110036065 565847533
393307283 966849444
557127874 562311447
271759019 599960694
63930769 419294363
135594875 507775778
311179042 563919702
308112566 451601491
475255555 988896182
568843744 851953248
520016810 732561705
379641647 416630026
623460965 810611131
300501669 452665029
218816689 767938960
112894913 162885074
167777939 967162530
645561840 730236459
66551249 82004335
704103645 972355268
117067477 930172004
585514259 751837903
876897295 922166105
20437364 521704586
193424970 583565570
326786729 356134488
579610683 777303931
46547648 856338445
391224121 577808494
208316250 860411167
554416721 997137928
180846227 647655423
72101629 283566465
321004924 808144429
438463966 615897880
566743562 879470718
259751128 814368136
140309700 802938898
306086610 735344746
516964857 958172527
34924491 475739700
80428370 730013017
628408646 853623728
398094291 544990014
807616522 833550658
919610266 942455692
621803766 687389970
8509571 149102949
5713632 14829004
27163157 555475756
141253917 919301093
157363303 842817892
571523947 815930446
377031896 619096739
741202300 996726361
125602839 796763952
439869215 936763244
121260941 757483354
210958616 524157239
468587019 961109224
364103801 538267333
404350790 580947878
322660420 786446707
532097167 919145648
314534223 323868068
637613025 757877131
75451428 775167799
485274918 715063612
251162438 613489313
655116169 889225979
179433367 953583947
67378608 723206267
208330071 548598106
198185231 241585105
552141956 715999407
158044427 254676018
227900776 593011419
197717365 261749607
6618528 11059350
467409958 779577869
20978517 567406759
201009520 289935007
581244552 851667390
379116894 851984060
179322643 425824618
98100214 349880848
613641895 681558460
347088955 605752158
322851818 875185449
296045413 803625340
461539108 862315606
83953461 690531165
405964909 943602597
101744143 956282202
298996261 945378534
609309752 783197004
22722661 632868354
88715364 902563658
551396837 590933279
29355860 91054142
420013906 758138943
434150934 636099112
94839854 998897840
250701556 688524245
572989192 745931737
205408941 309604385
262405004 983022190
271583635 611091788
231646899 266324208
437810921 735515861
766012881 828948033
154722117 270448826
129565439 495439207
365986734 540304198
42947832 126333082
980790 381869882
329451559 842687229
109099278 921845078
241354217 686263003
124886411 459278584
120768453 677301049
320471230 946603085
186009945 237944413
87147919 674801254
99044840 143293471
341713906 580151504
190782143 995837922
773840879 912401280
148478056 655844107
231764664 854891235
3551498 412277089
115208607 477871387
238295249 354479622
239289804 723302400
89313661 994872388
372046135 542678823
121976416 739525897
95439178 448156860
121801262 964808684
883619734 957677053
74998385 215942408
654715904 958662462
422238695 521810128
11128846 409816851
105491129 384947595
193687890 450084425
71422066 303669247
355193999 690927547
480122291 676010675
160617447 200262234
67607214 983126796
419006486 694102824
465075547 700383088
46455227 440778387
261299558 871723288
2812421 524223826
275746358 475140072
145680014 255210759
117154514 230323752
36199971 632779861
364412652 963962128
625546727 845405561
176121371 576361193
977681308 998990009
133431805 928260904
691992321 746383968
177971438 662307821
427214417 551196988
257893121 931174900
227920392 557544828
3483439 743970380
336257547 442230184
504921401 518197666
500933556 559409515
22825137 820235861
192112563 700970596
62176943 542375552
199618125 263271875
274342507 314925577
308914844 576485059
177909858 931063781
48256602 563060846
97093274 454890984
204758039 669762942
788596472 946447083
219846424 279387970
161575853 363301070
240774846 345089129
260645602 857654686
307891357 772375528
424636909 604485133
241404408 622085839
702904104 954065914
407942688 821398897
68592473 699544110
4432021 839050745
332218975 789728773
353495049 921823084
332492309 670974854
76560032 714602330
193760930 888764041
457434240 838644795
252639982 843409684
22512329 785216348
11863230 985298519
181949745 453546057
16825409 693145135
267825099 513022541
6569330 598674359
604992775 619780011
75645186 819689272
28731184 538311066
453322314 889890361
632077459 860076255
284947009 341001551
861187098 945961250
567446977 677063626
161402113 877022916
326156157 882815377
3576789 913132495
39405877 378430005
290228712 762899987
124356994 808161430
374530263 755770526
99591216 515741063
88584235 761032027
65914468 430526675
565715854 803944360
454476191 976835222
232854102 898608413
794384406 940157318
210220837 876525597
327548891 663796508
552736697 795205918
427636488 783374812
103622510 752620254
260967568 640185729
225241001 301116970
110927883 614015421
129311551 212909824
594006380 656304287
6728399 663394052
428350542 675208586
139362699 463756378
38684025 988361510
102934719 827584041
174487256 346496164
93959590 912218340
189583714 872600374
141011299 614267304
86189628 814955059
25360991 699388978
91983934 161719648
145407677 824851041
164156976 233429557
643053070 749051145
16258553 457402976
573553171 897876512
656431902 728576701
1882007 42178773
1414371 893824842
444255522 837275871
115184075 991290673
496476584 787164168
91428875 576649620
454820417 878592616
96587630 542948640
351229131 695332235
321528960 836467343
688360680 920857331
689817616 691605755
217700737 972487983
638685293 960445023
247418556 771234483
27688845 109612305
190227683 200102479
52845234 676044965
232276078 937704191
321837760 715965663
72308227 514899505
729842138 982454822
354791539 411057184
180136305 329272927
234128532 452147299
188368562 686730779
369997844 900792295
213275781 410931025
124769015 802350917
905398672 915082965
592205349 649834874
38512845 974475677
35652866 306541517
32122207 880994177
344415124 426635610
138272378 176506345
460488185 652073577
603628032 902034136
732609230 840953701
560226017 621141328
82579349 539711823
869413244 908650214
321901303 928798681
54699415 884151287
99965131 170691035
427570500 845220055
332729681 894183071
45531376 635855110
580848864 946867752
500978803 952257624
177458797 392341833
61755314 987901857
111725369 673542639
940975186 971393715
562637778 669140455
624734479 780835716
219009014 322209281
55550146 846537960
388316048 696934666
260110826 794431440
92732282 835724612
222632947 334227756
41429721 109480273
169018779 758485262
364099718 919674870
87424309 987481291
365925879 691844370
352587407 567665906
397115210 778246394
406708693 726282217
390204666 753406304
8544964 623293177
821508002 901534480
449563134 650644203
79520091 225191443
27983553 94581639
42223353 417673865
175202536 810340664
727727247 883212391
482014559 591270907
88384632 569071997
157639850 956662212
509357907 985338318
56321277 738896698
590245049 845435707
180906202 758113207
553990769 926894710
3097119 842763607
247803403 715589928
48476503 800957635
246181778 451125339
93960105 415862663
12320084 950117832
183592244 345136014
931708420 972828425
903936401 982766474
296157139 749432258
35623287 906789048
8714651 304587382
766814651 889534502
82974316 195444285
724122812 961992182
701017808 912468668
716797952 741457592
181108 413528073
90611968 169836130
88727256 219508194
66050521 844297752
561871911 757210188
120199184 351179596
13000055 854365025
139040486 505674658
246173136 690549085
246596494 469501478
24054327 772328416
531608042 653526871
208787763 252870563
9187463 505377197
10866498 237599398
265408966 514218939
456950950 761177762
391518750 488469620
796160723 816380214
454767103 482631100
374700979 721708119
337786381 823094191
13312460 443964569
108546034 654671773
475732972 917151923
355082832 978814207
280988085 533799687
511396080 544707696
74920134 503463530
202979814 935923135
246258439 478695907
87887190 576752000
669378621 835448333
88645443 991663586
582521884 693077192
118418490 732536898
490422405 997357236
401183947 739522902
611611261 906007107
852930441 883604356
40316427 349485957
133542878 952534302
747716080 884769631
429196923 704827009
33754663 256887030
643266485 707637002
407624618 908307252
765596885 945882715
565371 926207853
301677987 528702929
334163869 456273729
116570601 543303876
334434518 334766275
458856338 731234790
216565655 873370559
14386861 932684746
623703955 846165602
369665801 392139192
344054168 387171143
382184494 881143630
226776549 548583261
373450918 929256846
343999665 604993257
280102400 762202909
81618855 186886095
672268252 834031576
143476000 186376756
313422261 551381608
288589985 846312411
353035549 974195090
537468136 722181024
616980971 746782609
412808878 570503524
372133869 443935528
417644388 996069482
335566580 661828884
123240708 758424795
325811687 401955291
29967729 355624360
37633239 269812420
216171040 751959502
95521447 679909398
736729311 949340482
546025858 957649429
131766225 699082168
114546180 644611755
494198200 608640181
478755435 643839309
683723045 986304129
76114685 141718811
135814895 596464613
52948010 860357832
501131783 693540644
119827061 657765671
677525602 794608337
257779334 439424156
316739740 413564458
588279016 625377504
6695490 713771218
629773490 746815264
75684769 865220547
61347589 749074958
33497813 177198443
142949694 495576665
504670724 716539469
428414012 931735184
430459177 842953052
2838234 959072242
74173617 986136070
198944162 649807983
275156920 324074675
83944484 906137486
672669352 711189069
208388525 754424472
777804715 815244786
177233607 331272705
707662531 768951513
992333361 995876244
325186285 737053847
153770373 321587913
265790803 469350133
244324201 560420426
927970000 977954702
129710529 374083907
214331732 670119505
607760502 682333150
258229876 643727083
16427160 715254061
322122554 657088317
192967107 661279527
524053739 964736009
165552337 789457218
208139839 272966543
813035511 982111038
883200977 981321794
447542734 872618504
409514724 889415621
84376526 604575078
110628349 125515589
286790654 947985563
361421686 958001457
245404110 626136519
444213294 829557520
541171319 579617543
36148073 163617086
335928759 764049822
241666569 838057430
869797243 901040722
64908393 257090741
93539926 589178407
91974879 691916109
12558242 422545485
792767382 883294354
402540533 405894903
334797187 567246336
634788201 684074708
186724093 829855714
96635607 221857137
376726402 540844760
827302782 955928565
75171930 779364044
934860153 985623675
74986444 933868562
245562059 534416090
75231323 226218882
383613418 815411093
205480538 654631672
333060679 876988650
671998716 867564686
558200915 575111624
142866458 430997689
154566281 256985096
749974315 965475945
239344699 424825427
542412087 821626004
612676228 649968192
274225353 535073655
123989146 760545244
648349096 815898194
819679541 892136618
233847068 685515095
571410673 943589805
202698837 532210973
255504887 309051060
36755275 66266230
24916678 240435718
246515377 517292131
310782098 533539427
107818210 286931205
58637606 918223255
111581801 899815330
702615543 855100481
130017408 565738413
20166965 861856344
319867797 540676904
52375187 111769350
511461771 540568362
210454280 376353950
125276873 775232314
860982 197520180
319403647 445517723
13072542 658423535
18920913 682640259
171915301 471518736
318121819 893712793
105109166 528562530
235499829 733201831
102773919 869383280
862661975 908070898
305171409 743147370
293484479 599677585
148806532 295184553
213652170 501852387
393393029 482089149
4988645 5793083
217439431 928797636
227349844 816336121
367468239 382900871
703136890 735476588
556507885 691329728
72425647 877899091
192860810 387444945
100432524 644041249
326819851 634527147
483503882 496128458
548890138 759571029
88007428 510700322
315260652 947635891
553497 292337801
286778287 529664151
394524404 710064640
100296549 670499811
364411968 625854645
257576791 754438787
64516371 972835091
765504996 869529844
327464679 710350695
143869377 902572755
122788693 526567019
444145771 631386916
177202189 961477909
70634630 153187075
267780277 338327363
112596723 268835880
230123815 261634229
362274088 493000078
748218434 766925764
145810931 215413000
653275703 942880830
438217046 853956464
782186745 898335505
75695972 891022078
708828454 735008989
19179982 136245426
82088583 847749167
95896951 405227153
481282772 640591660
107262841 591123344
638395268 883271770
499672488 907427322
215382716 642174400
123516373 552416445
295018829 564621544
727807396 871570248
258347982 474954470
150845534 404575257
593452877 775909466
50626830 551995873
123200398 984673117
245678791 590766055
11273076 147317086
256855746 616029478
151802997 197255780
450943041 679789616
121185276 208390079
28279489 107111605
310008893 886733261
460447004 724748717
372044468 597354315
708704968 977241984
415514083 909945794
112465378 988664094
164066800 433691573
197797578 208769000
86259758 960898475
470751552 482001958
7736455 271143440
198349998 434746048
429448723 471686081
192454151 417159441
9302998 697797498
510135772 605876902
180446874 744854271
417534457 574608890
4901553 402704255
54889904 786743898
171743383 877701148
110729012 627346485
87321260 843330533
483166705 760540072
367826102 611441735
191393796 723761032
44754937 123940697
600386811 957915059
274239602 312582135
350044682 670904370
142823642 922987409
652257057 681929188
84797051 472294988
107554034 533491580
23267070 92682147
244032622 681851795
151507292 285734491
411959146 709831712
444722217 801665713
865086876 944470034
353742097 605880711
59807416 225467756
258402857 290816179
868554111 888367163
632771568 834612879
597560611 920656363
76375595 941441240
103328018 919722178
539116825 887581945
535650303 925746723
125516438 949749508
90065468 160783091
360598251 368725308
144408672 369582668
549873058 699356228
47937641 56878063
256284442 714079057
560849071 790164190
698527783 989208329
118662092 257038260
510352571 921690490
9652128 489617780
338952578 942164274
558328545 631838398
90271928 687913550
358777017 848234702
184299190 394872328
261649285 994886049
88660003 290575221
87409045 534699205
305736474 319424506
77599057 104623903
208563738 230540650
99917669 265116915
209168780 985392049
374606924 746107231
839676357 848074002
550668283 702007711
275421440 536467882
207609138 791636633
657335463 677635467
70587030 128244224
195726119 265330469
492942564 771178064
660305507 978195125
105420324 458163146
213257255 817946642
50253806 740919377
538936676 952726485
465440052 698713431
759052486 769668681
709342634 988283728
689511045 828787404
767699310 937220587
718863617 786156811
163359640 839079691
242723819 928814191
153083973 689142961
374787062 553246474
257230663 841449570
564610601 944431835
47436850 758346020
85107637 711699742
285376505 311552645
827990332 996831890
610682893 829253015
482359828 999086282
271085565 680661857
49273665 512548752
306564288 482841901
253234270 973747623
259051178 548997168
724683585 805357229
718370220 777226284
209428960 435586894
285578179 905742831
7044441 11424100
83964350 324748594
234223277 284568315
616359333 970407171
148061059 609238754
250293371 509514009
378426415 980769555
227084576 809044612
566472610 909353437
276958548 384416772
377938329 894446503
69565886 785921771
195415518 405077713
702483236 904187352
123406202 530335818
256499108 765987237
270173903 565172321
447395273 884407686
51268411 501912063
722595370 942057572
10314181 261257130
249647825 508071447
260715120 753614747
225035616 736098939
578955160 858345581
510453688 545412239
207306008 958685269
460946995 996592385
19212513 217795720
188208257 504283290
105025557 645191676
499839096 885984746
113904880 625359218
454428914 642798932
390638452 697600850
651526710 654600885
29621815 586088556
10459374 477812721
23188747 325700441
342637445 696102269
184695501 566635354
194826850 513619049
359740932 897074316
711004055 832812370
123064852 218225513
140163575 819556352
426113364 645909301
149556128 294217786
11776846 469128241
399105654 900154313
49310315 899837509
972140661 990522552
218326524 922533839
57805065 180472196
631852632 837538564
130644736 666437873
512372851 692338657
72138749 570708008
163307694 300496657
447754482 866681551
820838203 962007187
112404832 706789166
79848126 229118831
37332290 917578038
71817587 113951720
100535976 616982352
392670269 839197128
358455827 850121641
150548327 262598133
40227918 764129189
421480 435830787
39738598 552382523
776683339 788928875
465019703 793485861
200823390 203007551
141299146 176736034
48533004 126182677
353850845 848981217
96227614 600427812
370840319 754640457
170467909 996330969
227654628 284139812
242076647 602848677
266855057 394841415
45466049 217066190
191314147 549799560
585189194 967378122
176152792 516651206
29128935 548219724
262104443 272519915
51471286 783678906
212291372 768536246
82255964 222673699
52162619 534052293
144459214 814908639
590783135 752956685
209740402 832782039
173833134 358621551
227870626 531289082
28297635 924917418
414880928 833377360
313938635 330677097
29576347 119382873
668530962 684552389
26795258 689631204
676779727 880783549
356409098 929929963
372208086 429187020
511123770 729635800
3538351 52434110
15349141 718714477
193437116 634661897
171618988 406710344
333635187 832985708
433726139 474486864
256715031 369154279
30504766 516000630
792802169 882617124
16386255 645780261
126619377 438672833
333322395 984095921
158110557 243859796
70349426 960477207
234583604 270008834
210849870 574369459
313853692 595077724
364788105 549175885
105325191 257503421
78681776 202504005
547401377 853870020
107742448 149994335
518598924 897703621
283025462 292744217
484167735 494800208
60529161 547475439
427692260 641081485
525596806 844303856
534389653 679645158
302415791 471145946
27241034 438316452
207564084 492117562
17003230 377299932
487453789 644759635
345118633 364035592
216821446 602610808
625686931 958539421
52513023 884031933
20842712 39510809
137427699 822152324
296629759 624339629
657815918 852127223
161832341 268493358
175736420 542873583
81546323 105995936
367131643 651262675
56228596 356821935
176278774 985794724
768870840 843976358
123967870 266525474
278956049 750738948
106647388 914220015
309687686 588105009
534952743 830914430
147540291 858753272
75203680 111893945
798842872 908113428
223268304 386303267
266713447 627362243
5766862 579670854
371349089 847010741
499225725 537648243
795130073 897051865
129936305 757295321
630864834 959400240
134004131 164125879
580769957 864273837
239601737 718841574
552165306 659670797
396905940 464700576
165106524 796686523
740281710 804127134
163628066 383408397
513362468 780267854
223326774 828187074
36810129 297685840
37622676 610025294
418518577 890832951
467354645 485414998
217828316 450174608
448421460 813267695
65303952 505120564
600836617 836113954
657517671 748637201
339548510 981023693
148002604 763355010
478369521 719574561
343740444 694323389
39006506 596620517
167837180 571136866
116120448 337037615
12776233 48710013
42409167 806063516
175854308 478518777
411305727 737438787
399292296 691124137
173210471 687616026
14662676 471531431
621416223 982562362
140760718 479522599
490839838 567522795
38586032 241946613
13072051 473098644
111591409 438229242
675828085 977518210
278959388 767900971
672464712 838555539
570885532 986360483
102546605 903969697
118010909 313661430
783226143 802511881
116077209 197045434
513850961 569819033
241729942 898292068
290162958 444292305
209067455 748013360
190078116 426467065
454250367 686543710
68894625 580128677
57933752 977232571
231380811 613818671
834764589 851891883
368509817 531234738
224444949 886566651
346689838 356519996
572218601 943830393
278818393 798549513
797727490 917009229
829469396 924110420
101680002 864117965
47075595 573872093
62094896 958773811
100990013 442513240
404717511 667940509
432851025 570843910
173842246 629332777
258401826 455390484
211846777 970706581
133784791 481106674
556014982 850804105
473012032 760333303
122120557 677517198
81924646 732903138
62610838 132719071
381973154 540483659
498372354 982911380
610400731 639079769
36151114 915722767
558823879 956751449
992374548 994290268
110970244 811510007
120518979 718976144
277032879 802013325
618800471 873574849
24292400 109130656
886716724 948032524
56310972 730967648
25085112 246486230
360919792 417698557
560505012 560506717
485733902 720980427
182435172 656106901
4712622 540498462
743080492 916710514
140205202 587484452
146685556 231752015
866718138 941997237
11225900 361131850
217827848 481883976
60532769 172403113
171008872 984564389
42280465 232204679
466943951 632177699
202488267 402628561
839916699 915569574
185146974 640995637
220686017 929890998
106612426 678888934
160561472 660170179
144493509 395404125
407328914 530033960
276710539 997664821
312360222 397790104
47917542 807367212
126306023 786787507
285730538 559876026
136910478 215375057
398525259 683483900
106980792 236965690
546387079 860937215
405617131 898718915
254361951 896064170
232936976 919895874
99877140 242595736
360840715 566127030
344450382 764915793
82382470 399896458
533278065 625158042
14400473 665792066
734389684 862827793
493134746 908831630
164090021 653176084
380518073 486073844
100841589 433674731
497667176 973378730
486400164 908447020
86965161 555498010
102815594 433479053
283328971 977177956
285073814 637077852
144373952 282398665
787532856 938338378
203047647 623477956
59826131 498214267
211557408 874626738
168634490 989524388
259279547 426601084
46011471 677520621
8930873 501860648
740688926 940459917
318840179 638135825
215508822 751922051
388490644 416047551
796458248 907732714
682919906 915703236
222164017 594255511
141938583 215789928
577755503 658847415
148795019 436063936
389402998 908207555
399355342 982143634
134421660 730523908
215748010 870534299
44760894 517772360
224876654 734379998
235923265 582950754
73836080 499073824
261684954 703718766
235598407 820416661
671017697 786780884
141007821 633187864
24217833 901187285
386075993 940273918
114108373 908436198
930258528 990265587
338152728 826030832
96788781 322917359
296353747 335988570
404663680 933985016
242473917 731118597
366911234 875672957
39127317 444616859
792885359 878414647
153965285 890028485
17794728 652604479
780010407 882556645
41482306 582364350
72409911 905902422
264072357 794312413
335653787 669022470
174715633 237783706
257732343 529961861
119395037 354296314
167725717 224027277
54381430 166604522
201025491 460980482
393836500 698895674
560503148 775737072
276542875 715533823
309682958 599117612
271498368 528419479
5134217 693709877
235608545 814486337
616044352 923473239
378047538 930144386
595033504 879416227
934881856 986506170
200058752 677013990
534279629 603904588
510645219 655319213
104264832 745625483
159462951 539052298
146828738 994721161
564604528 587146413
70854338 640762099
215464203 221641880
16638885 798508290
459055299 692915399
15262852 128077446
434878091 915888200
161362410 891612959
2253306 716579540
494963636 738637787
576500724 644298609
264556821 677957909
404165648 880330037
488624112 720987503
331004439 354895652
200821267 357219076
113198892 818325946
509145649 779833495
294880516 417959352
262312991 731250955
19395975 163450507
515664336 525798931
524246373 923312323
153176409 909711832
189525967 230032166
39778242 760986742
502582508 814190949
453891729 735425427
274256738 918747004
899190051 993791300
235347102 429705676
491252174 501804791
14459734 290832545
279773183 320767499
76295329 190103356
372114456 508365510
95317005 362401867
247996617 664316759
135534127 312972364
235805614 364841076
121283918 183529892
181133599 564575686
138334271 203304694
604184206 927764870
261608792 514093326
37822627 426981228
294852384 719651894
79436327 538499573
93651012 256236415
214345513 810638100
140793780 191908933
43109518 443414105
82550451 276544911
873243479 913315598
257266873 787136523
156336152 266848983
384804523 507238365
127977849 272990662
6377746 86887081
526430345 749835596
835804262 896633448
78087306 100667515
263192753 352324569
238661738 909274029
130763840 227434311
589988012 954521859
551371564 877563368
336882706 853327218
22807659 230447396
84519799 686457605
45244694 639832459
709123880 846641391
2945670 34410605
4353711 31620912
181362878 761434089
416650270 696182678
154725260 168560963
701171008 859540635
265526084 329064709
46659437 198664515
320558457 385179354
224984383 567666781
331738492 574835450
238657591 699812439
607437931 910724022
611803617 898368965
277118994 751904302
315713260 895206958
52544292 455328377
389218246 432854074
408767573 508354199
276426751 396136057
204049146 769361940
196112966 223595961
10542600 697030571
801480924 963027793
326215157 766857896
386949201 818174750
11187114 611199234
656676100 925465955
523088435 544345792
65376436 300951840
587315060 828417423
165266480 548122650
323325339 337908464
788914531 831534323
530011953 734361618
103819382 554677770
95187491 147493358
14206996 94820861
91797136 744511810
75241187 341865464
78644932 136724746
582074278 870079293
432348784 446058987
485868518 886766527
78746630 917871304
48022015 96900993
13515407 608676347
11874926 426451714
435602276 882955584
66196260 315866992
490693068 539359179
22739901 552637371
604195601 714951062
964160412 965688233
230158832 517719842
119918729 685086506
144065062 410463469
784893694 881631424
112921877 631587989
36981288 784138396
148875535 926310488
31711172 426514370
81902880 187912415
16709470 536887675
88466014 979741272
411400466 758590070
415956529 498369490
305357555 962171111
32428843 266547138
482882386 773281694
311877305 526327647
426438997 505723907
439841825 586465140
63994876 627370044
460748525 838168368
634875877 680821251
871769130 886839787
650392210 804933219
732248680 955545813
556413243 986128365
74054268 143315609
297773116 828066274
678470821 880508066
281532874 896938969
212268547 503533215
146928652 238228017
541491774 647667825
12448419 48747562
406424490 604664596
182408638 821915222
500136770 835000361
434089034 995076986
275390166 324397509
365416619 683663382
12213161 207339634
188827210 599957000
168885287 569559183
79325258 486678620
424397011 998437899
53556704 893232050
492471662 613108248
558945985 957994900
419993157 998528412
68908576 381541797
134553470 604281431
616884779 865428126
23066427 229098813
334544489 416149552
157179864 853675958
15675979 474408538
203299317 759348358
358243745 394850027
207232772 314982283
688472284 726148652
49284353 698278598
155227065 517288847
384486407 940794475
51353062 563961427
232505759 569797941
225180901 251456341
571440293 788108323
607036230 649615584
605128441 924306677
182639566 809001696
36664981 512549407
487048058 604188265
220993171 808520656
187578076 376290706
644899945 853416804
94804662 673856784
370445000 972104819
395824384 764048094
688192030 958808360
128564903 175022006
43335228 82300020
834392103 866696651
212451434 574117853
181464094 623854300
534871545 963582865
558221200 699936477
309229190 856366932
32756084 437620194
624379838 702802843
679061866 854501099
502530352 824085014
730784878 737975331
155711223 246207301
56785648 132246836
623174565 627812434
49180106 872889936
245784429 369139309
409297859 741761131
260851661 865027677
12254089 986352728
70955430 936680772
12222649 441508707
906934913 928794437
667215166 813378190
66364938 258524698
184491808 757594322
274957819 979718768
614388612 913190424
97616204 390154695
216682452 276279483
189472780 560529073
200270600 203532282
33522214 165307505
216472043 286793965
19317498 869502352
234913482 893482309
176196354 426916902
100927398 306763905
118134737 135814565
107575685 238242348
690374911 778845528
9593596 617057473
643706910 830334382
297914017 862035486
201259132 286611721
429886101 765628002
282397142 929462126
314952547 733902248
158017998 167194160
153759729 664716573
133247086 272711285
121448925 610480989
870437513 978588979
137896446 390454976
454576741 995256859
417896046 746023471
229404391 920738486
177102128 687129574
410608636 883754255
657904496 840924108
239937609 562252826
78151660 422503335
240599889 258209068
450521283 453429134
377062296 493267138
124704066 954657945
73660926 880614787
202293188 366817437
706199878 973108360
852660377 880755631
270386005 804425728
351445819 920823749
447854887 775880786
63708080 455459075
44057675 808365517
200161377 931767833
277173613 325447653
418158597 818202890
120414089 190349812
2156318 350072437
327313125 848886341
327256158 401508786
485571841 500827089
239326867 602737369
191877783 518014562
655755209 999979118
22413941 446517794
29533462 253964774
626384683 663405035
568760126 919831731
208300932 302384144
437918693 842214576
212302760 323749217
612956194 652765565
466115828 532426222
251651659 652780715
101960526 376659077
688060073 708094079
331579346 668222783
574403897 842997864
114013272 203462948
108619434 731656959
213673897 291058950
460478788 876111040
122507910 689392727
493254640 611843607
24894538 674235849
741983275 743545064
514532585 604777033
418926186 542069769
421016195 745684512
738240493 831655333
312153641 383466596
350046028 740757662
293074286 307266178
43295837 939960857
354846520 504894824
508634184 970441560
888062441 935825906
102756642 252204610
291743296 507209051
57862505 502680840
52789324 163105865
546166100 655115959
66058890 519945414
638182256 809093884
93190388 327270282
94897042 532409494
6287804 694293712
469182584 871476527
32697675 955840222
265601225 863004354
161662020 677105930
179528914 337782027
781333935 825119114
68051683 633028093
396481616 694126697
745042339 919312020
377566366 955519989
84919141 761721872
449507598 519039984
39497879 602012700
701215057 849590490
207350993 424736042
50399930 226364209
91461557 829088417
415858160 667351329
354395351 738222483
167980576 305610790
386634598 460137351
41508557 842415032
59255345 277109696
177884730 726091221
423491343 883888450
261438096 313957144
133858378 598413757
219724039 489454969
842370015 968825521
58017147 62438210
131166421 747978875
2176935 469760775
698500220 961474059
410800228 645374067
372361262 550044836
79003583 621109650
325113044 652162803
262170456 754828632
286073433 492710359
188379246 879387608
67995056 355406434
623476688 714003193
211186180 377187301
169058153 255092123
566845521 643072547
866870676 929972947
815180624 822435738
44759326 412639789
281166935 892852735
359410916 689907609
99559360 466333564
794325538 904049776
108057123 368594385
66705047 260392178
85053552 514423394
196680743 751608521
542898368 578213887
280588071 676387940
45293944 833884777
322119040 417976868
112385409 887597085
617770418 819945034
19472348 545300821
395106613 423659175
225922696 530397624
111811766 475319874
3425495 435168096
221924430 741034952
49733456 116385691
61731062 674196114
