1995 9183813 1285
6059555 6063298
7976050 7981409
787097 788356
5598553 5600571
6740214 6745977
5386794 5391577
4242067 4249823
2723601 2736661
7346246 7350548
8314630 8322764
2883773 2891464
1615047 1623891
7327961 7332392
3516258 3531806
1522403 1530538
4456391 4459682
5996334 5997890
1492822 1498428
4253279 4259461
7094724 7095837
8807622 8813595
2688819 2693610
78942 82337
5601482 5603286
5289604 5295419
2071881 2083602
7933510 7948642
8038276 8057642
577819 589792
3058890 3064585
5675914 5680128
3408194 3412437
2025083 2037999
3650347 3658254
1399678 1408375
4164643 4180097
3053163 3054903
2581402 2589786
2940568 2951689
5002171 5004251
316071 330042
1668782 1678400
5093241 5099702
83383 90746
6828700 6840890
4509007 4511254
1682684 1683867
1393138 1397247
5244057 5245695
1589522 1594741
9097064 9110400
1649513 1658477
4459558 4468952
2304664 2308048
6215952 6226092
8952275 8959398
6466840 6478912
5075636 5078334
5745880 5749512
163301 180466
7623587 7627410
1898238 1912592
586585 599259
3225488 3225898
5283664 5290773
3145512 3154424
18800 23817
1193413 1205822
2949954 2955890
180451 182071
1192365 1201024
1640689 1643393
4596185 4597314
3865337 3868785
1506345 1515361
7784960 7796024
5860175 5862675
2963728 2967052
1225797 1250589
6875805 6879872
849458 863239
7375609 7378797
2101282 2108703
6894171 6902922
4307237 4313023
3706760 3712979
4340421 4345822
8482552 8489525
3657030 3664974
404013 408648
67238 71728
4352281 4358143
884420 894639
1441931 1444537
6356324 6364947
6516115 6523668
6750126 6757860
5804707 5812615
6350620 6358447
5147649 5153761
1476651 1482422
7605525 7610074
1278525 1285730
747520 753112
2957784 2963517
7512131 7518041
752136 761854
7766228 7774487
8267142 8276112
7039195 7046383
8119885 8123805
1689030 1692568
2118586 2126511
1843064 1846099
3870921 3877785
5405038 5407250
4836698 4838391
5544722 5557528
4642672 4647185
5153387 5157778
4689989 4708366
7053560 7064345
9092163 9097755
3696261 3700476
3499978 3504681
3210852 3214494
4053276 4060546
926981 929667
5307027 5313885
2547093 2553178
4510128 4523640
6959121 6968631
5309622 5314650
7480042 7484475
7149641 7153438
487653 495689
2557107 2568627
6581190 6587989
3274182 3279875
7694892 7702870
3737885 3742544
1881372 1889039
5714712 5720178
5004771 5013155
7492718 7497431
4426128 4428033
2370963 2377476
2845516 2850365
1152786 1158893
8847579 8854685
284233 290270
1802433 1803270
9126551 9134376
5579482 5588205
6778423 6785440
3736323 3739562
2325420 2332907
6175200 6198334
2522245 2525089
5903865 5913044
1835366 1839380
1379506 1392982
6734922 6735435
2895138 2899942
1862832 1874869
3557530 3560982
7979957 7984808
649219 659162
9161470 9164800
3774714 3777297
7162403 7167402
2606153 2610008
5833959 5844959
5718176 5733162
51470 65308
6042630 6051435
1618948 1624733
7194639 7195605
4958471 4962966
1825418 1832991
3390238 3394588
2273102 2278585
6545776 6550407
3606469 3619143
7546156 7551665
7235784 7247527
1098516 1108354
225741 236103
198319 207201
3011125 3017086
660761 669516
2668488 2675235
2245469 2263919
3136440 3140794
6871006 6875676
2816901 2828825
5417765 5420380
5335745 5347366
6535590 6539211
1305881 1309869
599884 606241
5913631 5922751
7540061 7542849
239640 247155
412899 422329
8937729 8951506
2968814 2978310
1956650 1968910
8369088 8381349
6769137 6779689
6476552 6482111
2178562 2185069
1560852 1572044
3749184 3756090
8977731 8985485
8631751 8635525
5963344 5971849
5235311 5238915
5169849 5184508
8359774 8365143
6170458 6183781
3324558 3330976
6205477 6215081
3628977 3635121
1181278 1185079
5682940 5687227
3564431 3566436
2930429 2934498
3758375 3761382
6062855 6067350
3588184 3592075
2310952 2320546
6840657 6842555
692936 712166
2661937 2664519
6860718 6871927
3437953 3445970
6487658 6491377
4850952 4859291
3746302 3750741
559913 568445
5999366 6006427
7416784 7424634
4767378 4779075
7587675 7597301
8379649 8382164
160474 174182
8392742 8396150
5633664 5641453
1645353 1653429
5654514 5661551
4250826 4254026
3141170 3149211
6766156 6777774
3171816 3177138
5317618 5327262
8283820 8288414
5797329 5804299
2225889 2231678
3729537 3735453
6464452 6470250
8078513 8081633
6500767 6514319
6672973 6681234
8751891 8759340
3808398 3814575
3504151 3505182
1220 4773
5752170 5760599
4623349 4633274
2165682 2170515
8218342 8232795
9038524 9047439
5703476 5709365
5749353 5751467
6590307 6601830
1802633 1815069
1085223 1090725
1286211 1302766
82303 83925
461032 467088
7648036 7649355
2528293 2533158
631909 638840
8987400 8996656
4144205 4153675
7673858 7679153
4687654 4689832
6141136 6146854
5734961 5744430
5660592 5664285
7704567 7707651
9101968 9111334
544182 549271
872747 882895
8722337 8729114
3404880 3408742
9023082 9025806
8929873 8946290
2335723 2337289
8726434 8733075
7642308 7648182
6411115 6414180
1078297 1081659
1081586 1085202
4408550 4415740
3913700 3919235
2147440 2152161
2434626 2439963
3442883 3450944
3429555 3437132
998205 1008315
2974901 2979361
5082333 5083712
3317473 3324250
8473300 8488989
4394109 4398051
1457715 1466317
5616386 5625459
3076550 3083689
1018959 1026641
6552488 6565643
1168647 1171728
5109904 5114757
37921 44162
7179191 7183379
2920715 2927243
2039985 2047132
3294954 3302578
7132514 7143021
1942967 1949976
925633 927927
1754836 1757247
6811570 6819901
5497479 5500063
6229998 6238411
2094518 2101700
6066553 6078177
4737928 4739161
4299887 4306674
1170264 1174557
7026668 7036446
7262053 7269603
8110041 8114173
6291734 6295238
4945762 4952010
4545711 4559991
3161758 3167442
2265852 2273140
5259627 5273588
1158043 1166591
141366 148040
7465209 7471047
2152834 2162635
8442675 8450924
7091352 7094766
2336053 2341019
6734978 6738670
8658002 8662803
1053922 1065748
8093138 8099807
2877615 2885559
3191831 3195105
4406786 4408298
4648016 4657849
7820505 7828250
2531572 2533548
3203673 3210762
2662603 2669377
47670 51215
2672014 2682013
4999472 5002155
8985301 8987121
3339763 3343330
7414332 7416995
4951303 4955147
9057037 9061151
4535375 4540005
4644756 4649328
5402398 5405420
8881727 8890288
1844591 1848097
8558878 8567015
2177771 2182953
916802 922406
8465801 8469221
2773735 2779133
7543713 7549310
6643568 6647577
7316505 7324511
70007 73970
2332939 2335874
1683639 1684692
8733914 8739582
682686 686345
1029219 1034085
4395794 4402239
6493433 6499285
8341429 8346200
6038032 6043867
3423142 3428239
2340097 2343084
4339346 4341708
901511 905147
1609261 1614036
7986478 7989993
1131630 1136174
3592233 3599913
7111727 7135681
1492672 1495111
5629448 5634077
6747213 6751330
3535356 3537217
1951319 1956039
4728243 4737918
3298414 3309871
2966174 2971683
4973655 4977526
3175754 3181421
3434299 3441755
468235 475381
2614408 2618455
9134985 9153354
3370259 3374568
283323 286363
5525536 5530368
2988469 2998412
6764364 6767970
7495356 7498158
1988386 1994508
9117148 9119245
3351957 3368299
8198616 8213421
1597664 1599116
1660364 1668647
8001624 8009448
4964876 4970373
2680505 2682949
7531737 7538322
569360 570112
8547782 8556829
6136747 6141514
980635 991122
783154 787717
1256368 1271377
4317657 4323546
5925641 5929633
8174203 8189298
3002007 3010396
2925543 2931794
4279028 4288172
4370123 4376372
6416216 6422490
6716100 6723103
4861600 4871752
3713894 3716585
8016368 8021352
4605240 4609557
337635 340958
465293 469878
8157602 8165842
5519116 5522388
7367548 7372527
4379294 4395269
5126868 5144995
7797968 7803019
835151 848072
5049167 5051720
4465643 4470091
8919891 8936643
4347570 4352039
4970471 4976234
6271613 6279739
8456393 8465076
8580784 8585162
2891769 2898837
3861135 3867322
7662381 7664820
6024187 6029716
233370 238363
116702 125610
3825452 3831910
498269 501265
843081 850887
7079770 7091229
8912702 8923110
4779363 4791273
6519864 6528362
9169755 9176860
3459403 3462838
800294 814414
1774783 1781073
5273690 5276696
8261282 8265968
2618440 2621917
63322 67187
6569122 6575367
7179534 7185808
7550286 7553737
9032063 9035386
3417112 3426563
6842226 6845530
6121979 6126472
8489042 8493292
263503 280400
5011733 5018884
9025898 9030892
2112176 2116439
2469125 2485766
9019052 9024469
8347595 8349017
7350784 7361807
6136370 6137141
8410470 8416724
4216308 4229029
8668385 8687204
3263343 3268110
2231195 2233821
6107688 6109042
2620714 2629354
5536514 5542088
6969402 6977426
8195722 8208377
5988823 5994410
6299762 6308228
1927100 1933994
8764358 8777160
4413377 4425385
5346050 5349173
993793 1001816
3342491 3343764
1322278 1325009
3522362 3536513
8321329 8328126
7801023 7809082
6800138 6802575
6109747 6122066
6966336 6970010
45532 49125
4882691 4885368
3228874 3234655
7196323 7220670
7230237 7234089
8312234 8317321
7324542 7330051
8729358 8734960
6661619 6666299
3932231 3936384
6992939 6995014
5548677 5569914
134115 136637
351098 358820
3236577 3239664
1539519 1551405
7728214 7733796
555446 562453
2753155 2759591
8287959 8295795
677951 684131
2907394 2917868
5421259 5424796
3957327 3961953
1426912 1433740
8275940 8283322
2378577 2402469
9091815 9093945
486549 487890
4374261 4383653
425980 432954
4236115 4240599
8624052 8630844
2194238 2200368
7725679 7728168
5055509 5061900
4541103 4550579
5606692 5623518
2533380 2535898
972630 985427
648042 649609
7993418 8000980
6563294 6567071
1602664 1610845
3233889 3237425
1453954 1456073
7252452 7257329
7321046 7327665
7701264 7706419
7867455 7871187
1778029 1790864
8433899 8437601
5624333 5627925
7272276 7287008
6585098 6596883
6995983 7001658
7195383 7199741
2497458 2504415
8146044 8149493
2191411 2195682
8520171 8529798
726953 728792
3732027 3736874
1033542 1039215
1852079 1869398
8829566 8840869
5067656 5073058
5109424 5111212
4924000 4934864
928156 936538
2822517 2832964
1432732 1442118
3210557 3213890
5994944 5996847
6157116 6162105
5395071 5398381
7736859 7744622
739488 745819
7089209 7093379
7474830 7479113
5372705 5383145
8844817 8851276
6108194 6110669
5871349 5875182
8421730 8430295
7829523 7850582
3045281 3050156
3603216 3609382
2603215 2608199
2363952 2368543
1187797 1189539
5820410 5827160
3980216 3995415
7913087 7932481
6649512 6652138
2534390 2540111
364252 366412
5487656 5489273
3040174 3048486
6359674 6374366
4537705 4541340
3832324 3840182
6757996 6765582
1323049 1328375
3952668 3955715
87415 93018
3384011 3392452
1210965 1221784
3496818 3500926
6679340 6686637
2439967 2449711
400079 402994
1220397 1223849
3619653 3623739
5416858 5418285
5003980 5006720
7771105 7781611
4291433 4298840
1809738 1824588
3954253 3958458
8468652 8476188
7957525 7963915
9173847 9178136
2768156 2773868
2145043 2147132
3893387 3912831
1978205 1987582
6201448 6204716
6087648 6094268
5405577 5410205
50017 59369
4010905 4015385
5533249 5540001
3917114 3920435
7497444 7500681
4323211 4328305
6091628 6095626
6997453 7004258
7065156 7074125
6666953 6678528
8340072 8342117
8295273 8299091
1002958 1011378
4050203 4058157
9124356 9128011
713885 720859
6815750 6826378
7856046 7865759
9153522 9159749
4025597 4029492
7482983 7495043
3372050 3381253
6514689 6518914
1969580 1977697
6701316 6713067
3026054 3032849
1633284 1636883
5353646 5358180
8141781 8145550
144615 155811
8088801 8095725
2996898 3001831
919275 926234
6790743 6798348
4263934 4267721
1486366 1492750
5921548 5925850
1340760 1346534
7529519 7535118
2306909 2311101
1569818 1587556
4422676 4426956
8706911 8716896
5297874 5306435
2682334 2692353
7185199 7193608
8435276 8446479
2341581 2345715
4631461 4638823
7156335 7162855
4237636 4243696
9148296 9155905
7730926 7738661
1755880 1765134
6250628 6259856
8987041 8993485
1275104 1279267
686521 689569
6655395 6657656
3381166 3386125
500942 506625
728546 731144
5328947 5335353
8593250 8599459
7578289 7587307
1893007 1906321
8538809 8549895
1224662 1226990
4187628 4199636
627622 630820
7712989 7719950
288857 299602
1873019 1880750
788157 791418
6460769 6466195
755448 774925
2765188 2768282
5685192 5690299
4579678 4584562
3453315 3460697
1591578 1595519
2545530 2548775
904276 912812
437673 449335
3428206 3430644
4574206 4582103
1145544 1152248
4641982 4643021
3689665 3692985
8095913 8104218
8903799 8907256
3152466 3157855
1410374 1421556
3314276 3322078
2760324 2767839
3868592 3870746
4326704 4338400
5943539 5957396
8664471 8670853
5789155 5791861
537864 547418
4488587 4493234
2830658 2834174
245245 251802
2599066 2603442
5847951 5861108
6598641 6608428
2524824 2528958
699316 715462
1932758 1935127
5207166 5213228
9078225 9081231
7869144 7879353
641013 643854
5038373 5041738
2142612 2145068
8080413 8087946
6651766 6654229
2187564 2194100
7815399 7821354
5677083 5681439
3876716 3879066
5694484 5704601
7060442 7069872
7291490 7298872
5845965 5848153
3878848 3881370
5047711 5050719
3006691 3014492
5492875 5498411
3329654 3331255
3885119 3888073
2779668 2781801
3225856 3226176
7670177 7675411
4049257 4050944
3940246 3951576
8082076 8089665
7176435 7179463
3849373 3850291
2011846 2025279
2805536 2813485
958332 969241
5794852 5802282
1914207 1927602
8908722 8912092
3988965 3999212
5446847 5453017
5051093 5056778
408262 421385
1037159 1050909
5879513 5884483
821400 827063
564281 569555
3094544 3099140
6012920 6022607
94889 109466
8009357 8015756
1954041 1963363
3367850 3369977
5885201 5891712
211852 224940
2423765 2426002
4443264 4452286
2302216 2304762
2550548 2555113
7536765 7542497
5192515 5206922
7599281 7608282
5644263 5651667
17111 23354
4447312 4457798
6986042 6994910
5627343 5632465
8060139 8066786
2129219 2140433
5237682 5244902
3000992 3005058
4878707 4884404
3014874 3019186
2810147 2817390
5960798 5965347
1841783 1844471
6857596 6863116
5509249 5519958
5666738 5674229
1934013 1937689
4777009 4785767
8021149 8024173
8873653 8886172
8332113 8334470
8999942 9015401
6656672 6663053
7044543 7049355
3021805 3029748
1303401 1308947
5569872 5576354
7721163 7728017
5466472 5480411
7438227 7454604
3334412 3339727
969504 978394
736413 743437
3741451 3748639
8148207 8151068
6381768 6392132
9159472 9161329
592956 602744
7523393 7530930
5750274 5756932
8839328 8841948
7370643 7377393
4714235 4718219
2204962 2210150
5440259 5445903
6954733 6961756
2314503 2326684
818772 821929
402901 408178
6025734 6037978
4837087 4841116
3958863 3975874
7553507 7559748
3546943 3556724
2158089 2169124
8066495 8073068
3950946 3952972
7070738 7079517
8798983 8807454
4355928 4362314
2410720 2413975
1159819 1169914
4752602 4760246
2034434 2040650
5021208 5029147
5245407 5248745
6348385 6354589
867420 873187
9058964 9063873
3054424 3058169
421436 428582
2084701 2091445
5993050 5995443
8381861 8392560
8872339 8873811
4679313 4689340
1143135 1146990
6842583 6852529
7144983 7150450
2425525 2434830
3812336 3816460
6499253 6505304
4912546 4929717
8857378 8871256
603965 609872
1106748 1110887
8250689 8259025
4839918 4843361
204659 217903
5452654 5465453
8810559 8816065
5574909 5581506
8145392 8146098
6374570 6376346
3786977 3792616
2463157 2473152
6286778 6291809
1643304 1647634
5938965 5951281
3449333 3453129
8640681 8648657
4204667 4210859
6163469 6165434
5680766 5685151
7007126 7020039
6889126 6895668
627216 628241
7419813 7427385
5399904 5403353
4828372 4836357
1360472 1368106
2937221 2946310
1060035 1067270
6974987 6978826
8366345 8376561
2150039 2156699
721853 727256
1850664 1855821
5902252 5903898
5873555 5875472
1299523 1303494
4064096 4077630
2658979 2661822
2978844 2988092
3887569 3891550
4032394 4047895
107385 114493
3414767 3422662
8133438 8140348
7018753 7023905
3923998 3933939
1341585 1351503
5383475 5387739
3168306 3170437
2861308 2862174
8776155 8784181
1065946 1071614
8961615 8967128
8131091 8135643
8413853 8421062
9025325 9028434
8301466 8304900
5161119 5164685
7542671 7545005
6238456 6247200
2350051 2361991
1189598 1193402
1312605 1317647
3467867 3476749
7003963 7012770
6942686 6958507
254186 276529
7580487 7588562
6224512 6227456
7257976 7266519
5221748 5226471
6896339 6904582
4612559 4613751
8000946 8007694
2797662 2804343
1331732 1336470
6919784 6926360
3821808 3829414
7961673 7972633
4667302 4680337
880402 889656
5790714 5793339
6617083 6621691
5833386 5838265
5062406 5067786
8240134 8247095
3226067 3229660
23696 26561
9052783 9057300
4529385 4537058
2731062 2738933
4256083 4264349
5275911 5279699
655008 661677
1076126 1078617
7789730 7800977
8193666 8196948
1309148 1313054
3282055 3294210
4966867 4971271
6390364 6395591
6283399 6289998
1750271 1753111
1046729 1053961
4658074 4666165
1752702 1755789
3410605 3413575
1583210 1591564
8947692 8956416
2707334 2709500
7689631 7695435
1538031 1540206
2495788 2497655
1479292 1490003
6371033 6375361
1936829 1941692
7676037 7681404
4849667 4852183
3120835 3128592
8893428 8898089
1684050 1690678
3761500 3766913
4817156 4831481
4738769 4743727
5777821 5785587
7664437 7673312
4308921 4318105
1771855 1777587
4703866 4713323
2358344 2364244
6403017 6413165
4246226 4251385
2781181 2794140
9049063 9055894
4884409 4890330
6633163 6643854
8351415 8362095
1445472 1454061
7384323 7401794
4849561 4850211
5142736 5149005
5328190 5329473
2875537 2883351
8685978 8690719
5180036 5189812
5967785 5972545
4114539 4120978
6994997 6997216
906185 916324
7364659 7367434
7649094 7654440
6921717 6927995
5435022 5439784
4232214 4237591
8335998 8340546
5029810 5033883
4132175 4135405
5304325 5308255
834165 841719
9086834 9092083
6873876 6879230
6722185 6728070
3645094 3652909
4591058 4592746
4659779 4669469
2273580 2290499
7431007 7436628
7140403 7147640
2704792 2708061
2220905 2229694
3017606 3025620
3168848 3173854
1083142 1085910
7154581 7158968
6566511 6571679
4491749 4495517
8400867 8413583
5424505 5437080
3720125 3724167
2751506 2756049
7777998 7788672
25837 32863
1638114 1642840
4806120 4821251
7365631 7368370
1680427 1683283
2185678 2188576
5813914 5825992
2137323 2142211
8150211 8155401
4013066 4019236
6160037 6163642
1613161 1618073
4473041 4476816
5690215 5702272
8494304 8504260
6883862 6889355
8594240 8605469
1463604 1475860
7631314 7639597
6019793 6023032
8025692 8035755
1635015 1640357
3637424 3647205
1984883 1992295
6438537 6447986
945264 964689
3049554 3053427
488254 498311
6505840 6514968
4654576 4659469
9120821 9125737
1847034 1850976
5877658 5881331
4086479 4094769
151536 158934
3195357 3201964
8492982 8496289
5711510 5714510
2383876 2405805
7211063 7224878
8637646 8642447
3254433 3258249
5245703 5258322
3536807 3544759
2611877 2616402
6344477 6349520
1832311 1835847
7738793 7748794
3031959 3044483
2344102 2348319
6693284 6700775
5726226 5734965
8168603 8177907
5772262 5781206
431333 439438
3796515 3800958
1908198 1922825
3100624 3116455
7608793 7612896
4890323 4891058
8118976 8120727
2047250 2053969
3579862 3590288
133687 134137
8841410 8845290
7595607 7599390
4735570 4738691
357801 360692
4016783 4022721
3267044 3269856
6428704 6441647
632653 641631
8968021 8975121
3181808 3193039
452544 463364
4285682 4291365
8121672 8130925
3671434 3692684
2052359 2058630
2692640 2702309
7658053 7662476
7516818 7525678
8231727 8237662
4439537 4443736
6423478 6426840
7728145 7729263
684819 688241
2406237 2412305
5758872 5765809
5351157 5354924
6880893 6888814
8819664 8839282
2932725 2939469
187884 198956
8588799 8593863
6298884 6304240
4992255 4996878
3569319 3574231
3776141 3781866
8607003 8611612
8689206 8705668
8214377 8225068
134397 140628
4343873 4347686
2234461 2257366
3802927 3803572
4745471 4750738
4183840 4195135
5083664 5089129
5249195 5272228
2861731 2868046
3574582 3582892
3238516 3245301
1110350 1119835
2403833 2406217
5335061 5343378
6731621 6734934
3055422 3061826
517058 520938
8630418 8632069
1528770 1537727
73200 80832
1552716 1568694
5672865 5676277
8264384 8267622
8782295 8798616
744211 751266
5013384 5025941
7163411 7173618
5826991 5833721
3256762 3263455
329020 337763
124907 129585
4364374 4369037
4119714 4126959
8897724 8903116
1692935 1699188
5164459 5167890
3089741 3096414
7860557 7868527
3593460 3606192
5986123 5988801
1761811 1770537
5664697 5669853
10212 18521
3879996 3885161
7814134 7817994
5058733 5064391
1738257 1744105
4583667 4586097
9079342 9087547
5589290 5596766
7189811 7194861
5031490 5040541
2513429 2520821
790651 793408
3566239 3571279
5209793 5219989
8662169 8667701
5190753 5197435
1087029 1093881
4859759 4864417
5157174 5162358
4427313 4441337
3062390 3071218
305066 326469
4717648 4730494
7100769 7105892
8892964 8896361
5419282 5423990
7024532 7025558
4610172 4612606
5114577 5118027
2899414 2908395
8902946 8904358
7942392 7956510
6788644 6792978
5592725 5598581
6803846 6814836
528030 530343
7407400 7415847
4554842 4562887
2661782 2662100
4639352 4641431
3078347 3091339
2719386 2729642
8645669 8653003
5714430 5718113
4567733 4573100
7469434 7478369
6424903 6433961
8161665 8170630
4223354 4234176
4266508 4274285
2572661 2584295
3394438 3399327
8022850 8028248
730710 735485
7719748 7724470
2631644 2634996
7378249 7383853
9064232 9073807
6727124 6733995
9014980 9020611
934849 944703
5997415 6001597
6712324 6721563
4525224 4534589
1136042 1138174
2501649 2510307
4477736 4491583
6082749 6088476
3617169 3621186
3560213 3562155
3692872 3698542
6444754 6450182
5231760 5236289
4959679 4965146
4608504 4611720
4591908 4594803
6292449 6299281
7332052 7333007
508208 515530
7842935 7855796
4588641 4591777
2980940 2991814
2092390 2097806
7359650 7364986
8182980 8193548
3573385 3578536
5218255 5222823
6420495 6422583
719497 726841
2183481 2185916
5224547 5230864
2061550 2070366
6488759 6494597
7679359 7688072
863402 867392
8296789 8302834
3841461 3847175
8257828 8264151
7426394 7433581
3724011 3730514
7104528 7112568
2211077 2225850
5281976 5287845
4987649 4992526
8559906 8573538
5029057 5030834
365900 372166
1426018 1430486
7248504 7256016
9163526 9170495
1319253 1322948
1624566 1631584
5391144 5393093
4022109 4025766
8615726 8620629
3506474 3516093
3709428 3714434
4469031 4470809
4751497 4753512
5381959 5385847
5079234 5083578
6616258 6617406
1184707 1189146
5909240 5920826
2233723 2245281
7972871 7979207
7257040 7258533
4305668 4307955
4760500 4773083
5875375 5879302
7299901 7307423
1382903 1394365
6526541 6533936
2748548 2753094
5767759 5774576
1419877 1426301
5957454 5961005
373215 382135
6484203 6487187
6125701 6130626
7277024 7295292
6146017 6152479
3164762 3168542
4596871 4607678
8551476 8558899
6486951 6488631
5521221 5526761
2833360 2841053
3071511 3075820
1743409 1747161
3125846 3128948
8245572 8257729
4349968 4354603
3369967 3371193
7686860 7692113
1124164 1134311
7172098 7178309
8277191 8285823
2070218 2079943
3755665 3758596
447720 453826
7911065 7923900
3140532 3144187
4894553 4921729
8813969 8823657
4791519 4799267
5489136 5494337
1013221 1022777
7628291 7634268
6903966 6915672
4570322 4579273
3771510 3775883
7610779 7614160
569597 576870
4979496 4981276
3919325 3926441
3830483 3832680
3290351 3295711
9028458 9034214
823015 834234
1629773 1634466
3849766 3863641
3999645 4012135
6607383 6615031
6480514 6484430
8498243 8514613
2709601 2711621
3962777 3985857
7460883 7468311
2169906 2172676
6452990 6461949
5664032 5664742
4028025 4041294
3844240 3849490
1473868 1478139
5785872 5789756
1141341 1145057
9043399 9052389
1976105 1980294
1092402 1100591
5392527 5395134
4071843 4082193
3804902 3808750
4932043 4937771
1966187 1973059
7267187 7275949
515236 518228
42097 45502
3512739 3522099
4328357 4339729
5900091 5902596
7332626 7345339
6744395 6748959
6780436 6790406
5806511 5814698
6755885 6758380
5792949 5796930
642711 648389
5320199 5328269
7312364 7318595
4976757 4980405
6227105 6230900
3763565 3771971
7435406 7439440
8696704 8707631
6235907 6244308
7708483 7715439
5278729 5282334
181503 193370
5041331 5043719
3269823 3274794
5294363 5300278
1373586 1380625
4871245 4879796
8749498 8754665
4800753 4808121
294059 301880
8460290 8468124
6794993 6802202
2745298 2748597
2368560 2375035
7033686 7039275
7884114 7895090
900261 903154
4212178 4223138
1140777 1141684
2126435 2133925
478172 485360
6538887 6545892
2793893 2800201
8967131 8973267
4831952 4836982
1713768 1733031
1786377 1792437
5988228 5992394
34983 38664
4179022 4185018
771160 782084
986770 997939
735244 738616
503450 515004
791975 798599
5972192 5980145
1346668 1354474
4641409 4642179
2405944 2406561
4270475 4278024
7879549 7891391
1728712 1739317
1150904 1156437
4362010 4365384
5540299 5545265
4798985 4805607
7563735 7576148
157852 163288
7555237 7563580
8759464 8764754
7891595 7901623
9069525 9079146
7234077 7238100
2485994 2493149
2042955 2048672
1136352 1140831
6102957 6108073
4954132 4959034
8853361 8857067
2520055 2524078
2345733 2356590
3715396 3721066
1879582 1883158
129426 133694
6276380 6283666
8344977 8347975
3890863 3897547
6978756 6982454
7021483 7024680
4842458 4849613
8855743 8860016
913785 919043
1948647 1953395
606871 620123
4585089 4590918
5586751 5591594
5084656 5093266
670845 680937
6912898 6916655
1281674 1296424
1501312 1509703
2776462 2779931
3178159 3190989
113728 116974
5362668 5368933
3869383 3873588
8348303 8358497
2208319 2216672
7078206 7083111
392281 402287
6572466 6584583
3155228 3162608
1328163 1333741
7575637 7579860
8708681 8725692
8009626 8019649
5883614 5886764
2709226 2710847
3338001 3341550
3505118 3509561
6919312 6921609
8735409 8740421
8574438 8582119
2622336 2634112
4408238 4413129
1599862 1603032
1240535 1260934
8888662 8893372
4635486 4639807
4689758 4701719
1747824 1752213
7382815 7384617
3908923 3916382
7094897 7098223
7046751 7054238
4617113 4629899
2001395 2012688
9133464 9140910
1791410 1802580
3832857 3843910
2481990 2487600
8135761 8142128
2698645 2706863
6546750 6562911
2145414 2148036
4494345 4498018
2171832 2178436
8655115 8657664
1315101 1321446
4365385 4370484
4594896 4596398
1498204 1501610
5114801 5125178
2835049 2847726
4995318 5000439
2864872 2875976
3412464 3416510
2054970 2065234
2413052 2421955
1189351 1189941
3276449 3288867
6033330 6042464
5228671 5234535
8113134 8119867
2088490 2093700
2201537 2206712
1938835 1946956
8328129 8332622
5096772 5109630
4296201 4303805
2587953 2594987
2646207 2660615
236271 243506
6646232 6651022
8069253 8080235
8303400 8310828
8395535 8401020
1071621 1076859
6316009 6325350
3066551 3071682
218549 229590
619406 625058
360664 364954
6323178 6333619
2554983 2558990
5890788 5902082
3463520 3473683
8635466 8637763
8747729 8750894
3306259 3315599
7639625 7645263
8155437 8157612
5499412 5506907
8416877 8423052
8620588 8622023
3662005 3668928
6214175 6220390
31416 34263
6129220 6135948
3099114 3112348
6325467 6345402
6653326 6656575
3343763 3367462
6057497 6061670
5861665 5863434
3073486 3076807
3561023 3564449
7449093 7460649
8424009 8434617
968976 971330
7805822 7814813
5638278 5646415
866999 870776
8957603 8963145
3793607 3796903
3556142 3558946
2851576 2857123
474845 480366
8333298 8338823
5199493 5208094
1745843 1750095
4562671 4564903
6738187 6740444
1996094 2009228
1455268 1458063
1353077 1362244
3213941 3225695
5863202 5871685
8740351 8747800
139859 142619
3634256 3639941
8100832 8105937
8382815 8395036
8655816 8661588
629042 631982
7757188 7765067
7501831 7513633
5077857 5081749
6134803 6136432
5839132 5846529
1512356 1521824
5504099 5513359
369996 373619
34147 36647
6379528 6388601
3251042 3255018
7984588 7986899
7897424 7912324
2239 11707
3461583 3463549
8910291 8917066
6306957 6320795
6046368 6057674
7303220 7310698
551938 559391
5953093 5958211
8123837 8131701
8621182 8626172
661773 671036
2262206 2270676
4786575 4795337
8210067 8215656
576766 578585
1707240 1717299
5599018 5602112
6849545 6858210
892893 900967
90803 100836
4613262 4615731
6244769 6255710
5000950 5003883
8908110 8909862
1117941 1121179
5528970 5534613
688742 693421
1070821 1071773
4497120 4510123
8964984 8967654
7707395 7708875
8046200 8064261
2504837 2516995
6077912 6079597
6879254 6883039
1519728 1524512
3621935 3633398
5395353 5402300
5272548 5274501
5407871 5416619
7616702 7624071
3803121 3807504
1704468 1713575
1691899 1695356
4938979 4945431
2909545 2923135
796522 808470
5602923 5613665
4195772 4209711
4474726 4480215
7308085 7314805
8104426 8108318
7969014 7975500
8528115 8541960
4160030 4161949
8568115 8579074
8905724 8908520
7625260 7629846
9118482 9124189
2634859 2643943
2331989 2333659
7478620 7481498
8236878 8245545
2849314 2853358
44495 47303
340110 356450
2565456 2575452
5356515 5365955
7097361 7103622
8506590 8524104
5647616 5657357
6147287 6159124
6097701 6105406
1397070 1403495
2609579 2612731
5482736 5488469
4125516 4133190
1173986 1183849
4161145 4173715
8869976 8872359
8447636 8459002
549012 555387
3453122 3458726
5368777 5379724
5042075 5047227
1120344 1129606
7562745 7565434
851732 866613
4134187 4149159
5347576 5351939
4565513 4568172
4710827 4716731
6080429 6084445
3781506 3787400
8189995 8194097
7025294 7030912
301644 305182
8805236 8808175
7400482 7413731
1011109 1017511
3666554 3677549
4210513 4212512
3934255 3941375
6532454 6538117
533673 540088
6928985 6934957
8032980 8041334
4755611 4761295
6422570 6423676
4942432 4946923
6095525 6100000
1666909 1670856
67139 67753
5412227 5417370
3818125 3822854
2854990 2861607
2375443 2380702
3487925 3497854
7338304 7346435
4890808 4902821
7853168 7858972
5188586 5192308
5982259 5987035
529986 533696
2711193 2713923
6414149 6420218
6398699 6404429
6448048 6455445
1405690 1419276
518705 528481
5072321 5076769
7826176 7841962
2711724 2720769
7744881 7755694
2640139 2653007
6682363 6693925
2449076 2456583
9110522 9117878
2537022 2545610
3128600 3137872
7639394 7640688
620236 627239
3814583 3820201
8107619 8112957
4149448 4159849
2886467 2892476
3800444 3802608
1655394 1661195
4090203 4099825
4980626 4991258
4157993 4160800
1599065 1600955
5167163 5176428
380538 389649
4058176 4068776
383679 392948
6022717 6024691
5782015 5786571
3787529 3796102
7151930 7156217
1444349 1448768
6191741 6201662
6927731 6929585
1223537 1225109
7931788 7941183
3115806 3121286
4079041 4089001
7749850 7757390
1024646 1032056
3590623 3593238
2737420 2743525
2962481 2964004
3323085 3327770
2740672 2746001
484396 486552
9034579 9041756
6822353 6839537
1536036 1538212
5928431 5941994
3700082 3708880
7613560 7621910
8652829 8655723
1335844 1341277
4044143 4049504
5445622 5449618
7871785 7883633
3331146 3335265
7298524 7301718
7500665 7509743
8793949 8804170
6663205 6672426
2081315 2086046
5803620 5805935
3476564 3491391
7987890 8000830
2115375 2118693
5458207 5474163
6257988 6272103
8325528 8330555
1884851 1897522
3193259 3198026
8755641 8762400
7244479 7249453
6916575 6919676
3541919 3547464
6164792 6170914
6611642 6616766
8600127 8607311
2490027 2496455
2803481 2806800
1674808 1680473
2954733 2959625
4514648 4528522
5314142 5318330
3760623 3761538
2414764 2424073
9160468 9163228
4593859 4595069
8154850 8155589
8364690 8366713
6979381 6990257
2453728 2466440
1595402 1597883
2196557 2203454
8308541 8312773
6394088 6399049
4750227 4751972
1546939 1553540
8974204 8978983
2106384 2112276
8583254 8592443
4099569 4114774
1837001 1842348
4276796 4279616
6618714 6630861
249688 261704
2366131 2369417
2436312 2448382
4935168 4941896
7348298 7351768
1993074 1999925
939517 947400
2591162 2599096
2758577 2762097
5709633 5712132
2287047 2302817
4470741 4473479
811521 819396
277202 283758
2141505 2143683
4289141 4294345
6802285 6811422
3395795 3405920
1368043 1377400
5438490 5443717
5708662 5710195
4399846 4407486
5045706 5048857
6003140 6014138
8608165 8620518
7653240 7661299
5740679 5747860
4741409 4750122
1695811 1705101
1815829 1828510
5478065 5485191
4615414 4621558
6626139 6636900
7224564 7233255
6699782 6703884
7459943 7463147
3200728 3207353
9061224 9069194
3240786 3252812
7760633 7770616
6203218 6212393
4563025 4566767
5118151 5132259
5979295 5984428
5762502 5769999
6078262 6082375
7949984 7958710
1767331 1772318
777393 784228
6375623 6380214
4858393 4861444
3802391 3803120
1203165 1214734
1265183 1275752
3995704 4009555
6930016 6951280
8995222 9003288
