2000 1000000000 89
125487875 587679316
44234739 807882184
770081867 846810825
244776837 768206072
383950867 653905408
272490693 565164217
414426199 769996675
900886650 996167515
380345368 706460653
774689620 874186905
259109570 428371231
233048926 773852315
457015973 501792356
95692378 285110603
273171180 853795659
185798039 288054175
464622541 707933900
573719118 610833909
230231634 674368606
556366516 719531104
29683422 273586223
64420563 387834789
374160142 804208082
709229784 742916668
36392404 935150860
273573718 868142116
658351207 893919644
266430346 655588544
86574820 105264654
417539420 634053814
157044205 900113948
141026099 743636096
265535690 662192666
650954453 863778821
278621376 281057591
798997644 864805638
329696012 384622487
3127098 639089238
496379745 824631901
816726664 985469183
209289289 930744742
494119465 784952677
555003424 938192191
207925457 995622551
49053910 823639314
183644524 909497862
361771823 958563521
261402875 891548732
17024166 86426488
452203038 841244797
835733553 896743095
120942073 682770415
409038151 471757633
742947942 870590665
59910839 420918758
539813907 847348537
9241810 169788096
291084401 993136293
19609162 663805697
578425169 736383554
16649859 551484561
393799868 829846487
113393328 588072728
521164915 574475356
23485629 768147893
1285030 29452612
131689158 530385912
18758832 652565574
406319794 594482854
90170319 894867413
378727721 916308784
521711390 575060843
108647375 284035811
206286776 519593157
631645985 983392521
10645763 266398061
194211526 458621212
102067594 573179165
464301669 977463756
99334086 978586389
483796882 812581115
124489606 401875355
417155720 623955752
741798741 810734344
95051799 885212779
83451732 754084726
257784706 608994067
148177140 691546483
154451355 504846384
317892012 856402248
907076348 941488304
472662334 505111936
86702065 615215626
913408079 995992422
1498213 620113283
402281873 704154351
305803283 996482481
687430516 727368628
79377477 977397069
594150852 747418337
329258297 812050144
92569931 685821477
314190781 739832561
110817132 845706738
531447402 794700841
90781192 781817553
568988446 834002715
10824647 96019812
85627036 633809039
107198454 497103056
258412963 319748135
42849394 54257337
569478230 699799406
286916222 970581716
208755581 244826533
98661394 243379133
67855084 188629918
169785293 805019358
430867218 739144355
454794571 769957276
196583284 859746740
98154516 509371343
98315267 405378245
508887690 596681068
375323989 698156592
424559486 599388562
689667179 939078265
132554763 894385401
157719508 883189127
279587140 804144650
2536069 175562639
454100470 798316591
450770143 700840364
4194736 716347878
155445218 948274415
396279285 657641448
138715809 302281352
252669130 975444332
103692559 684688855
595858506 987643919
719674741 822717612
361090021 458002162
111900725 612170479
35829082 944318303
410217551 933110451
646388301 713469547
16920727 766745506
492153892 819709518
767004141 778644312
413175016 673026637
340012332 602937882
6822943 504538748
895483238 967987104
592685706 722850256
104066526 441726882
17221201 483405208
63691557 231449488
107368499 563953265
4374595 214431327
527224763 781922342
243795917 331010449
63753129 99646137
168404767 957529953
467615915 872534157
851000009 852504965
168997626 393616899
690538527 847998367
589711175 714629039
731075447 900089263
273994112 417968087
448758790 909491087
282652534 382907238
645889034 692047239
330703201 876230186
137986897 182224485
187051406 227609181
79112342 696150723
249159750 724495814
422812765 766527226
513874705 996775013
110593497 118771107
90741713 982629953
472538333 662389710
483817224 595231945
235968184 690277587
410648377 586961579
204947896 775258997
595659183 959392722
403512070 498354768
210955117 728029736
74867999 947445337
221639384 970253722
29512833 302003788
294090777 491600486
307318161 795203522
72119087 603997146
426990335 696520004
87927078 897237506
439025637 570311817
217567321 368956119
132625871 834452849
742057837 971285114
176052660 843401933
142826237 580707613
87978310 546450332
186211638 482730244
294744606 964376222
395487301 475043896
677572645 781531277
956835852 990479446
297313793 548429137
674736171 822575110
208250762 230628124
157518713 503253908
98294849 102707192
483255682 872421759
125032303 282771290
271740908 883609386
286994974 927867870
402030646 547358752
160996980 627470617
167827462 701226186
43968682 484789762
235047535 397403560
406936269 577546856
794972699 832043029
50273650 952344540
136222598 648260795
557186525 687492029
42660111 352032806
425781226 958849949
815510913 928257098
45395143 438430800
156775176 899775644
214837395 699834157
454756927 763875131
37850200 663113069
32947499 738347902
161233607 209068831
264483298 345964576
166360932 716407834
56372615 140405333
284445936 393262576
456657622 649039977
13331428 233385956
139918521 432012274
328264029 496314298
95728372 821805968
48234752 493121490
16374412 473346405
214439837 922192823
663316958 880672918
419983392 951842931
137952828 436704898
128944294 524855484
332817384 443557698
540351158 999925852
195483703 621745411
596907578 847297988
111328718 704434250
346018509 959123462
54915187 475490331
342078330 647714938
185927173 654874140
50005799 501690484
150327614 740338732
8691079 55475128
226621270 599763546
124710827 551450045
14360992 419121830
316234543 345594301
215470216 458160782
236124648 847507403
54491017 795841050
703690217 707029195
110409442 386582561
729999922 882173912
184931678 876750099
197630489 513263226
1828350 790254024
59847760 726504795
46697307 976671393
72793294 987839414
554587252 787096630
596408825 645209460
717545308 932935513
422620211 838958356
128092485 201522630
120397921 319982809
254913087 970329657
305637669 430437339
135152718 448004738
766245035 880438934
829209242 970758732
176686984 323997114
171168076 767841997
19010562 469934058
333741037 409421055
207488257 930911129
127625791 582111978
368222156 468066764
360853323 836857312
516600550 593680409
37240913 311728833
201427812 562940505
14949744 471686992
266219545 791520078
519306302 935863378
149943380 217635066
357692289 495046832
500430940 564329709
264680596 347645781
1229741 111417932
37064539 623601612
107809659 952205284
946242536 992155379
256320051 711460095
37907102 460562579
214827560 286164427
312624399 457873393
236671477 698442016
120284718 235932552
327190621 748372535
150852630 236746584
804972296 925421681
270847336 866564582
13455757 368483569
453839618 581615078
394861012 810499808
107868866 944477331
176595537 276768023
117320896 834472896
611823388 775535237
449264172 616884495
136664881 979557042
914840781 923700432
72698090 125883108
474908982 613983156
322137453 907210541
53157981 386970455
356538013 440470461
235074531 287330158
28856630 910633688
444963610 918247322
188226271 675556124
96574753 647497966
383499370 895691389
448701967 905591022
322535835 486655744
520028428 632152425
890018319 972851643
656862177 728001880
358232132 961793731
57290096 783812505
48441995 134128176
80699399 660215877
151963271 648343076
255060671 472922016
722433668 971221752
54956819 443317157
471918963 947836603
9570328 458702743
200056252 480942017
46260404 535082846
209128315 279178821
89677442 911133202
352652942 391532670
11120182 472248340
71648174 928465355
784794212 984710903
382489352 510120004
425226576 621421678
634684171 700926156
435424104 874130655
21091906 771907669
8064998 440312776
644516003 650673768
230081237 755287552
81949299 180724268
805212930 899857058
687983405 763642903
470285506 977979071
345103229 937439776
511078123 713029015
282858217 428335025
210612833 441886591
172670084 829728774
117588128 119003213
625869349 679422768
445548166 608515831
262700620 547376367
734761661 781831100
110500493 960973487
620515614 890288959
443023688 647842112
14628438 500784375
231766609 833009914
173181814 838193584
269289232 596009364
595169519 982921580
245502051 769330346
484471171 577147556
131137892 167553387
149186731 795749178
683810372 693387148
209126946 489742179
54548478 809893848
27934797 581368836
488634798 932283771
221428880 277247817
186297498 281192932
687181887 703141157
25911227 508161317
359678456 475531891
445038444 877568128
861096638 949498472
215284597 694531328
122419335 961196037
569797267 850540661
617900765 788237138
20699773 106754965
207245926 570425818
476787589 953155850
38661316 997104957
443812909 743227075
44609514 739170926
10263149 559212599
181549035 714926441
722137712 778952704
780472660 922553255
205713980 462049257
222294351 337370146
76095456 541391822
134963695 536536349
354699507 696770616
213242170 425515741
259962962 614644724
163447751 339354549
378426881 769871269
202357654 829354237
172875148 461721959
406678115 695971733
46214853 208941965
520806747 864737756
687119351 772340083
123120591 570041846
238348766 434259001
483849072 594489181
435765067 931764257
479153925 737096570
283031564 680338526
323527685 985489315
395112323 904370913
491091641 668392718
368942777 612982090
512302798 904668085
274052688 881452276
226781895 539421584
86597402 733511065
62976394 536465360
133827478 434296548
368065197 473943776
502581365 819861052
67688006 750751519
267846829 906236039
60045439 984762101
146249319 609558449
698491402 842361034
171330472 441608729
323703655 857748014
97532094 478717200
140389299 725418732
591932028 786123057
295147964 635422739
307991951 914513876
13119926 359266644
135358022 743870741
838180904 972082178
199076019 310714178
563468637 785967004
356119712 515090043
110420851 330014162
395437734 836465706
83917539 461079521
784978798 826888477
159248060 722892647
466097017 703617089
347938676 966731131
615099562 768180489
382690224 920899050
216966745 333190434
54695793 853451781
63364690 788306129
552188822 909649135
82177216 337822346
462619466 773246000
18014289 238504755
206896314 240208475
115568257 155914944
329818142 862590134
352754783 610199765
37977846 865681450
693704737 887974778
528754186 710811475
268840047 334485940
606335772 946851861
387081334 839749394
12219842 582356594
15137002 659679787
686947777 933425168
823325048 976438426
332328727 926221266
80444228 196495731
169093084 428116610
144571202 857790270
394158951 684370878
143484868 598816480
2324049 25204892
149137889 374057183
704521156 977304277
371724653 947829993
133745316 361030344
453000169 603748767
149744220 379523888
704414995 961224706
284718541 992370262
90861878 940633439
96220124 180782868
241673706 312753639
95817978 600740224
262946960 274451392
102901892 293520224
538134701 857529714
249732045 420119099
8053726 231065608
33308965 338738129
876330838 916635579
48180899 122945891
606760707 652686601
270547581 382329538
277874197 392944801
185764525 602549792
54988225 487424036
642718930 851485184
99797622 673893295
275691873 404758675
53905583 106140788
30697755 899585356
28985358 745481242
65373731 489928185
282358973 577317690
224348014 417813889
546909417 555074593
408850049 889928836
1577439 222215876
14406461 289174565
98001608 312977446
374328 426284741
562001989 898108555
317896095 494836166
58363977 851568924
10437337 273237495
602938022 758164947
525537083 620695532
754027149 916872960
175894569 968052703
86634461 376598765
301896103 629446646
202552486 837462995
130349947 903639798
230455984 287987213
393884495 594379379
482850705 955348327
269137113 487159937
97848231 467327395
251547714 346752819
552132040 584328682
683983893 700857086
507199159 712226553
22607469 971484764
155523064 477767529
26162679 78862477
98474151 249932123
460866270 680448204
168218735 419696470
109279061 986254811
91548914 814392973
392704624 770315353
235438237 305732460
514530573 792110399
522326800 896721357
142921279 229267709
217025524 713119055
179816864 993414346
176201589 875057191
505573939 712919377
156901746 462203931
278676478 569348734
602455520 955454449
167462363 645074390
9167259 239442547
453337192 592068957
114518794 322347350
893312917 990033378
427555233 570185850
348404113 781943673
276963575 304530374
201017578 984608609
180529174 215238840
61200393 77922547
94025909 740538516
130078321 350739646
548370005 597631191
163145182 967792941
447899593 897397571
2224572 141062959
63027218 590757773
28848465 91534716
819115865 929476897
832466325 925960089
270520023 364495346
88493082 393425737
106060008 883807270
396318666 895107037
122329794 411910690
134489482 151975583
270741731 330947018
265739530 523370138
244303803 569721147
446160077 720710885
143549563 676542616
711224806 966694476
437820410 453312701
397890212 830383844
46283475 934541427
5162690 178287612
617310192 815665494
101476709 603102469
186506712 215206643
63922818 177459171
88806264 713364084
252730455 538816828
150394595 317841304
340160489 604247899
147318447 878983349
864399338 900583886
209425412 505228464
246659753 719682995
124920671 358587955
706692517 710130967
9283104 451665462
292873554 488382853
918381168 964537475
787277641 999201795
416306447 821090558
13410386 29182057
24226255 462398520
63923344 106266913
621779507 850315472
230719705 942904936
48993110 665416667
596392076 992628425
157571258 943816831
49951428 56749416
78582901 681487076
764929450 852903532
24174247 46189492
78485780 751083902
380205139 449486343
586916237 589068920
903482833 955431950
875692715 952006390
617384129 686685924
802049001 906397040
322412897 816349751
621817905 944601431
675333919 721092722
232456360 841855437
204407976 212014943
841336185 977411166
170030267 296361731
561294704 583025431
259060794 909151060
246573236 731507670
227639178 588824414
418189340 582257848
16154962 490093080
122423923 981334315
17910484 350517142
19964451 851683724
10877475 633318699
138113851 934553289
285341583 783892719
385095271 605157403
77462608 981464091
107769983 260105046
30583856 51937631
9192861 640489086
232522593 712525933
225380130 933059093
50757403 318863750
240497783 762137164
405538458 850570879
478535282 515760533
163316200 275310849
128603122 962024798
56434850 239172855
301908901 464259249
105986208 915136777
295050836 714571519
50374541 917936703
220954785 476394810
93764010 193393490
118403104 911430674
261002767 661550837
690837692 863712866
142796337 721253422
114308322 653167672
141765911 377299524
23490718 276369865
16572989 322546612
73526416 736847606
193228556 848851137
143245998 946926592
15646116 27780463
110208223 135307818
23190976 392164873
644416445 959482706
432746796 807155636
398383278 591344005
46175478 171844958
157215565 469452576
71514691 751559795
220440068 893228994
488893544 923351869
293650418 344458260
317662353 439145098
202825651 944032228
81566903 132886117
176502118 573614863
31408375 917486909
466093168 470922032
200860166 377536458
157501965 456740632
462953734 558430251
553703595 616838146
465887370 876267770
260158414 791161156
211890643 763380050
88375233 165981359
341119634 948629838
33617744 527338884
63131550 626295815
138917576 458193708
317753244 697576120
61185964 166702826
227966294 576985224
332193313 798110647
460493273 985452228
477810288 535925415
886058472 897377106
213166587 960984431
54953371 423395400
149558745 556145281
198255302 303767134
37753196 140864201
60438308 389766759
64641021 653969108
102879757 293694322
476524876 640046259
185750175 991585494
277345681 482213816
61535379 501019826
31829802 573760423
647418928 685774607
310484056 633203148
123070346 993721270
692679068 997794736
110325913 377381588
84016002 532069803
323091597 814950153
476657658 770547636
426600978 755044955
289226676 649750942
200015074 875494299
776418461 852413394
406898965 603265624
497766574 790209028
272792014 638186727
218141679 796397430
712298446 748326860
515714792 801064498
262111659 359964090
536868057 681016398
275398794 862598458
901711313 904137438
250771514 911692057
527181932 971025483
388381894 525419420
308054723 531976529
24440310 932598149
520362887 786940859
352760522 658218201
287841492 435132917
141043626 850542518
41918070 553470890
203088534 679303725
45570006 141637075
8624821 907529126
175111397 519799048
266736349 724774630
337462126 886646354
343189828 867683329
236010232 593113540
353749323 575373006
185257216 411602278
496600048 688827871
178662134 269719794
21575714 335746539
252217432 619886225
79297226 584758041
198734254 654922282
94539994 128237168
505836215 840562066
116125274 526954888
55189305 594205622
216204170 588777197
95803180 186289208
588666657 605138902
542321893 831578716
892421292 936125872
579581806 621589808
556757131 669341461
241888390 551731457
62907080 235029569
28464644 526195655
146512152 201210614
134749425 489024212
119356562 487241614
577561103 813999880
244484059 502836184
107619720 337339236
22414445 198047658
312123379 827176033
131628404 499775909
102051452 849824144
374681759 732416734
236163648 500808591
559358780 603640760
74273463 968863037
151497260 548740277
147294701 926782449
289286335 547213514
235986510 883282800
269958011 859987489
245215852 793805796
347741539 690499201
95227841 932173688
55122410 587621521
524484911 802360169
17697795 72743008
215519105 560366422
584876283 705527353
329016944 542229908
285764813 504470682
246779434 476537407
180458516 396607789
74551758 324496236
567388292 646012092
10348715 817684736
380967707 901648943
114394005 433950440
155053639 527015594
127664772 883752941
713667727 978661759
108768752 222952264
629566859 846919372
6703575 789912139
810025658 873021739
102866202 484622023
59178686 282948355
156264570 274485676
467799220 506344263
170191498 431174096
404098511 731176352
288812092 670294975
42316421 181327711
354147562 851151796
410983256 460589570
331597428 925199610
144455824 963800743
383436228 720132242
647768599 856942377
159384108 527642052
90281217 337686720
389982898 741098482
116056216 874281644
561208248 741565444
322047385 332375103
42790805 445462660
792917750 831969657
45694750 985915597
627108482 636803870
186291856 609533542
191468412 803817209
25509810 499440024
70316388 309862577
90097375 630273259
847165494 855413169
298310495 477048599
873418699 992140714
570184716 828403156
16645092 664398413
93152296 272780050
143287924 430100941
323725964 837513907
147292982 213885575
61051879 413211309
73813752 76293029
169864175 393822162
79022866 351748560
160005320 859995375
759585258 815871434
824431155 879323181
611826108 830432407
219213264 233081402
627836030 914089796
26671866 755919891
488627704 938593451
27266426 108833330
5886382 87255913
336379471 831097685
32612384 425883389
105308630 315907781
192671017 690060337
447094284 984387919
281112202 839323008
107399765 802323432
204017822 703230854
304345814 390562380
192613329 564452773
691276447 993114840
47128741 423607777
332840517 960379684
347620369 368081836
108674893 124283590
141336928 679081739
479348791 902446062
121335834 580283127
421884799 563713565
889149120 918580713
235038128 390490258
222236676 597715171
32177862 439495911
153453772 900295796
109744571 636634293
258490032 470796967
884804421 934304975
43583219 918704133
181771728 923597693
452387319 649248702
763329226 862725876
319149101 622677321
313047947 352176024
2028038 321477750
199979819 898819697
362821616 646278776
970635846 981074601
754868546 970816399
554314903 560867294
230487661 817649896
172655903 870226528
72175761 139075159
59086211 939967697
224133257 297231300
624556249 864679043
281658159 437525448
158636756 850938452
373929139 735043900
127038634 930877194
518882273 655449561
248307380 859552613
417007758 467660971
262859392 746416829
16977550 993647336
806501249 893044052
37968859 180781437
758411376 851362623
433642854 796316500
43854958 257418651
199235967 963520472
225776845 403932391
302776830 705453331
83388189 744071897
573054581 682402243
40438106 207408219
296671397 614242642
58052141 679608471
87621704 767031754
880203859 960499203
294355638 529842491
236828349 739291170
433610771 722198645
804221098 963343999
291522202 894949101
151235940 598710315
423190173 730690995
150572757 805161468
39215506 142759669
348892881 947582364
212973295 994690461
415076326 714406130
54815541 700986865
374525382 465731236
565375911 589681004
104071118 549865729
222698227 968697875
353707128 979763407
17800390 988047408
679399894 756462235
53028253 179522447
69093793 456032556
385327237 641252924
156373059 556541570
197465611 915497591
334391456 417034759
40476978 65905018
481456248 592478795
22901946 265702680
320654400 932193489
236086857 328308512
144569797 149307404
504537697 542778440
320343266 792407648
59215578 134134587
37751798 333463192
116310289 469799881
70515894 132860115
689960792 886114497
594533325 952256701
197932678 660523382
59137202 238810238
111335887 415088216
554242221 606043577
187701213 516973116
198080532 389047695
390217660 567204966
560003205 717471936
89705808 417872650
496204250 976251274
266749755 376430476
80828086 601199013
114979330 375128735
168485729 551410459
268214526 813811533
46176450 239164210
185789524 559261092
31693384 60200878
125480183 907571621
406423681 572323073
346496131 347597051
122280581 304678643
4605006 732336583
157399127 747898703
73213131 760272156
83807941 953141286
54254201 591921105
31449339 542151412
212642647 328545462
157666171 227608561
96504175 676353775
11264046 280044003
130737100 732228583
248878533 841228744
37769369 196187588
651318847 767930524
141165440 244107733
142361591 429892930
103682757 731996577
344331829 970157798
140847978 331826488
21071495 636723934
163412092 177624957
423170365 737561264
364811097 501209761
392196224 762546179
60698995 505491834
15372182 15883860
580357596 718407468
222314143 436353306
130437819 590265601
776242687 952828567
241900413 696398364
274204499 784729796
301112401 303906077
134614805 509038647
183934040 225079365
152834821 659694459
534876614 966627257
289717931 575495412
389646069 483354860
357589918 531992147
258978733 733848633
157880687 204425521
165267496 228467018
2627645 435845045
174437398 809260178
301170370 675052271
610014315 629557748
230331179 736654923
38148767 130435964
662228290 774618382
469784809 994425429
537322418 976527221
332611525 551651829
596066948 875848877
92965240 670838504
342133529 834871781
788496596 866723170
379068958 868453748
178544235 193317952
381835041 811685920
77510481 102516182
54785639 883321988
255614543 642913291
192475093 330999242
425693952 851597633
123531366 156014329
262169978 837571292
801425427 965035578
158585412 695894049
71076591 93580747
186259295 548909930
122307245 904077256
557390605 853989001
149373212 189191168
21564951 43983145
81420956 518128731
99631448 894237240
135651549 380326266
676381069 798138773
456347510 577944180
169800890 937168379
328905949 589315981
94482403 951863503
34805015 760339826
241336968 821302111
537045656 795708166
205443249 235952561
293996377 702620708
73486537 467621830
127544123 784978653
194540757 944010499
264708050 748655669
309292423 314908589
330639161 716827428
675826303 691924139
402117 6223975
172354608 442793590
218729413 870539160
155489926 490974316
415197359 628697118
624537551 939419577
14389872 847961856
20023694 979973710
497565220 823343258
49634251 736728611
352014239 451495655
306104833 800442661
533104621 551010084
267786451 571395801
36567954 320144373
310961715 437164629
616764846 805385955
307528138 529146099
60497655 128557839
102046956 734539426
474578939 948607669
174054139 185219329
313836769 716293582
701146315 735972407
388541016 655235878
346812338 576688165
53993801 456801143
472322525 678259912
62111482 334379764
560718476 889439342
454738152 777251852
379461340 429462077
298557201 904835408
461244150 995526878
193243769 677120782
258866694 510226406
2718521 298288480
205554002 569525253
64194583 665451861
134720259 475594956
332233548 567481115
667020669 736224440
156083525 288842657
551346 948265771
149524231 933981898
262387153 289179506
43899725 983230941
588239115 864627386
210573345 923323713
11888710 625523015
239030778 826151273
123229555 713853792
252989768 926372275
420120664 452174436
123324604 279801546
10804674 413062591
420316731 562345511
233485844 441511256
276345697 991549975
33727117 992036446
468767625 826814055
205518630 455765361
462350377 763075502
723328621 834265106
28002701 932027930
265474224 745102428
65047849 304886917
75503632 636613421
272736082 644971950
315435938 986017550
148174113 346354800
304480042 496726912
582177387 619862613
521613440 951304827
149388485 274515381
418000135 708519831
852370629 986877267
727300831 944564515
155049136 284780433
121958332 805514283
347845522 511130690
393738515 643774011
130974609 885013971
293704204 438420952
158967409 439493108
190139642 583641404
282927962 931061298
469924032 806760385
212904263 466802862
15858307 315742400
19782466 338384400
144910065 841262722
173042166 332906020
34746740 366436198
266580797 279980125
666946332 707528334
50738617 415821466
126969643 942224671
75141787 284524147
71511561 95375874
347029070 676657434
459775655 463217052
135419216 906555880
501712565 841888835
98103210 536848805
315987094 722884419
220947464 973236735
79563580 606885674
113766240 744809042
540477992 635014431
100608693 651339287
1871601 107795405
348450931 905738865
113646079 937648748
36100798 405463322
66850391 606891426
76241725 315282740
787419039 971460055
690373172 775436028
64364479 773019720
23694299 695855732
45096531 575545729
11343660 719509342
409595599 695618822
616007026 981959793
225409450 581813345
219216223 463321783
588104794 981448806
190704859 892097108
157223573 835003676
35998232 362367114
45291446 571922372
52491652 103238487
6486119 188045880
103470892 396323085
205017472 582726568
460959801 592075188
49824577 567618123
126741188 641333493
481543675 504309327
434935948 926577653
302085369 573554623
93239528 786353766
140206359 581298257
696066256 991565046
206204875 645552533
660146794 937746468
199128967 696880480
602040226 875239174
455150034 918318452
768194324 934280316
338523722 449057045
463877063 805426701
455253660 782395328
435410402 683345982
67270036 775831149
63829374 284841686
477225739 811498354
146945921 482090579
296135420 616182302
60551063 262367158
791108524 991108044
149102355 841059789
880571542 994828014
611522424 637460415
292726402 630109656
130015527 259219183
178692510 770887285
462851699 634064071
183940628 363128516
179806242 987463488
351175199 950639985
218642 896162017
163115346 726281385
53317975 276908593
496255660 986982418
747477548 771221060
55869242 381910766
227396989 728364468
28484670 571532531
152979815 479646346
181010871 637058263
586583717 620468290
251796311 965783316
106134673 770266869
268979368 988549329
608418996 777391168
381342140 527663615
346220035 973627639
571853514 932594292
223370824 717260910
307305230 470017650
145789261 510324227
827633899 941668859
583013252 944887587
74631673 969850595
91006176 193412445
647312548 860519996
82202146 803627352
319928971 440913760
48420702 408829752
628279240 714743010
388856918 557580514
728467082 931750050
135744178 921437071
443118359 982733287
626024583 795280809
42733991 969662531
253525615 447535571
898952837 922102310
736936139 945197534
956387005 976857326
518379924 737243933
471765853 535742603
408146378 986532271
528599150 593341202
656741897 676953358
120370765 636822871
168146912 379522073
12730962 194748890
881945027 995544538
777747726 982807834
607736465 972880344
653658582 711069457
80491774 157812825
840673538 846350125
116094340 545213560
132944928 781560587
224190263 572598563
59664356 843317063
34447833 116954295
102272685 806140043
80766356 634362882
169649124 519382521
55977920 960861121
479122750 638024893
686859752 929703391
423147196 533615665
140263813 941848575
120065098 384537658
178602739 943427340
42358949 198650253
492613880 565801963
150492000 661719868
305805520 696997988
148297965 792080617
267813694 795481597
480407130 853222590
717002284 733335230
126029531 790641316
14026246 31532574
331141322 991208269
215027643 761352160
43930598 372278352
213294530 416879391
612425195 666937525
507737955 599882944
116695145 493075565
96154135 206117231
184146859 354260381
492064084 713208484
108439686 363339654
832588732 861281053
125035028 224032465
193101303 227173348
186734714 921996823
582731293 807099350
43118047 584860418
654196591 744941292
129909471 395586475
194632170 645230144
117582651 546592397
49266520 114567828
131322430 971564083
415888377 504117765
247071406 945521918
90070900 827396865
267835147 677225109
163164593 743529555
623559823 783024693
146920358 186348723
267046505 859613379
630379847 804889548
370582260 744557752
615234114 885270617
279881622 579601379
149605713 944650897
278055604 617408741
8144794 801946748
100095369 948473509
243470466 774482544
600139274 735836896
169778398 891016423
651913790 850888406
226160880 490386041
242085469 527282104
132552787 753256498
173090008 994959279
151048019 412569860
84921975 597897256
277693548 896834635
254958374 757863150
200468903 625146474
92763238 795124497
454184743 610803869
667335011 966784446
85409712 835151495
586945345 854231320
237489251 516980837
341128400 775967717
294596413 480174731
412215249 433326060
540051060 811974145
488237055 789405062
494427096 529255266
203928022 319141850
544587943 897126223
664131070 809018294
655886704 824288043
53110261 221078197
231617471 598238132
246398369 920980496
546313986 734742700
242193911 266603541
516844222 891628145
65780351 391018687
6907809 148995212
140524938 317661117
567416630 698269621
41122453 440818385
63910593 571700384
169641560 186964047
467553210 849378210
406735895 952126184
509145837 674252162
49357511 869738920
361644733 825751633
187747229 770052988
15595198 463535315
272436702 641420920
380533087 810871821
380597485 989614027
254545897 562287234
122941617 252955880
214877066 672412319
11371936 272182735
795701840 801408563
504453970 773855240
398355592 874659000
603781409 954108680
252712213 869097408
421688989 869156374
143887108 684725888
389077986 730566827
82711854 980538050
8496600 430724313
310428350 709365517
188223707 902432421
54085792 407909874
678836412 757625281
58354911 419594940
217863277 874751126
496001121 993734647
170690511 216248079
302287221 368172306
261035128 355456441
884414573 934405526
58701070 487849412
246321696 923394002
426325453 811417329
660665401 947043371
150766695 481672604
446119150 853374662
95335588 336494115
160383164 749460150
170108760 767784331
472299273 793012273
4232514 46668910
12218921 519071015
21064644 196663255
270345364 348003258
33047718 725541527
48005993 807875418
492229032 994032756
46838822 370044748
322628477 599166669
290069662 611725590
111983668 300106137
63018360 904277781
675872055 971506851
268771668 614044662
605458659 937716739
84716995 760450063
200465711 887862527
483501165 571916199
206772268 864204418
292260146 325439677
137029474 879324880
201819761 512965865
338994253 750211390
591120332 986565269
176552814 983362055
157187663 439990342
657878646 735973584
191314611 460088401
683242924 727221186
260601528 627408807
60753259 365097695
123205243 220760888
125836072 956119726
162007947 868641280
413061467 719866928
258915621 713523634
235478094 961445706
140083266 276727599
615227557 617187389
96774995 578320457
773359574 933308038
142716429 987400123
47399577 883487566
141706569 701218876
499972765 680602970
501562328 868653151
311477223 319548050
196194425 654591402
391775649 674516690
607683489 782161697
287943760 891781968
482146681 985086292
2130607 461194835
112202511 498258768
650229110 893940678
284838496 680505772
527180515 787903464
286685457 932950162
397350939 915252674
791909829 792642569
44897594 866923830
211448631 240089022
440666588 738364465
85589755 245507064
181469417 750803539
34030387 143735758
858334567 964775768
483266147 847157106
160870520 488047404
263278001 444465516
535679586 885174260
362348920 442614610
699461669 822131734
70852793 896236370
86189716 110968267
426242539 709112338
35500490 81050391
127915448 192324340
330007204 634722994
604210140 846402946
387429385 964440642
552574865 836096791
165461054 239322004
51144173 990404448
132536010 931178596
423492260 737352627
337583913 646021575
514019504 888454542
29793506 289814639
518435494 870439874
206080175 536159139
59283781 743164913
255484309 709974909
236879701 591287881
599571579 812550092
273388059 999875423
387344288 710506736
57583513 268656672
488760903 847816140
86450211 330256689
18413759 804202069
773622207 907497592
263290314 939265171
303164418 932929307
238089398 375745265
335958522 428202155
62871294 587353903
181696277 614938812
255148285 543463794
175770588 727266408
475672411 889443011
566320284 723992113
8035959 404409902
646432549 969058955
316079140 759493184
322866144 606445967
374295944 686585992
89389553 382979438
229950843 827805574
98102038 332869997
640207667 936707979
778343740 964008346
367730952 690716138
215549349 840946033
271138584 523507640
782489513 826984607
164749443 618339600
444369325 899668926
260591465 283067860
212016535 354021618
179750364 890140543
53127411 453073062
243263485 556906607
437075934 646815874
553403594 664385188
760283380 876358012
746708445 985244988
504197193 929172734
428457392 959460986
777723820 810876187
339590786 836228215
455094756 491186638
497937850 608862198
206315164 649884458
576656794 865467845
342680308 659023078
21495891 100098994
322916110 838412078
404772942 910476285
15247457 634333577
614110721 702261453
175573917 201978707
458858934 847141191
661221011 862971335
104189309 813617212
77436961 990733641
455831669 490759733
206400508 670274484
65446526 892728247
91150592 119291966
94592574 809600824
236597564 771955931
212533362 219268222
215217630 411311519
87513990 360345820
356972226 702171060
132037067 730473954
577949595 633330926
254385495 756171576
994487 588922684
143037354 678165710
118656236 145915927
601221300 879977314
49231078 806361917
406077567 716186258
108382133 588116255
575932515 971303241
286308172 632506989
193451598 883721565
327519213 557877738
91430178 938207312
728334725 759731340
126748403 573719018
26617984 902529408
288244859 517216803
322061008 672904992
56665810 864750970
698220122 829756057
470261707 662793558
294182658 743588132
194009664 341778196
461161291 510789755
116349073 754931262
21997176 268604665
154536276 350480639
45781029 80835069
343061908 752583374
1698744 58304557
412397386 587245992
795586353 823724687
188103864 982407963
543370553 955283969
753887539 829980434
724132203 954559115
278008487 415941616
201973852 370337139
381014030 935040771
621573342 954761425
234383336 560253276
355068126 435315340
105335901 664509680
710146806 974060260
51235484 469590323
276450550 462259142
857919640 895027021
82429970 143331390
451289068 452035726
324166542 929585382
1688140 6034340
206353612 816939390
367033357 863040366
29748321 115299622
26311523 878310628
158723142 810814953
156255510 747244370
96749639 426417402
127879665 804732839
562692677 650038737
426267269 463645868
247763393 567742286
125693056 133631902
411044083 855468482
123558652 672717289
424788167 491455129
202840030 612145702
541798437 635844605
60731522 522377357
179876293 410703279
41959309 586802025
33344409 380136165
105841716 126526186
428810995 658074773
296082915 476156634
342526677 541236498
342725554 417381837
537293942 765257866
671840708 698554849
477400437 565837607
173712628 345450693
6101280 898664844
556834406 633004199
804131952 932299677
658799362 794238499
72110249 437053102
430117673 842180594
720843652 810645146
49402902 941305772
148231829 607081664
163723685 620775198
338392500 554423781
75263117 99872657
226395072 285194181
49148734 642416144
280152217 519232127
622537511 753165034
341286193 578269301
494964286 607463620
249063968 504631973
75503577 376468382
134295716 697757589
50228635 415208004
449680782 541973120
280123360 584469150
321975950 764092967
166085332 793783309
209679882 742740966
379640789 916753123
498120627 502759339
233571233 943474369
236807736 758399173
294348032 385871392
21617344 520285960
276291372 761566628
514518470 949821316
272272169 777104042
263151942 345774547
8912065 154503260
830137054 892485869
65786134 286789167
16253352 361937352
67413443 396693229
147545599 286592657
281029948 607257560
511968334 801667890
232989052 254832772
418658683 455593524
628557243 877582766
510976701 792553309
33208210 688338506
50543929 794534737
192201460 530218332
465418920 838442454
181921907 986815541
133918166 450167448
260554203 395528734
62770946 433146554
194768263 311209296
353814480 949141687
319155687 610839301
211739503 352605878
737487820 970085771
586891151 777294683
116463405 911571896
24564365 140232688
224745021 347668779
363284217 520507914
112943763 198770363
58397615 886839897
110475946 255756098
23842497 53870003
86454780 388373643
52452080 130852797
74903622 414368439
26317350 525685830
283026174 449096073
407154157 758527180
339821651 340898707
690172258 979234791
182838522 364449479
417812826 513040269
506046816 590491295
125364796 184720096
551544826 693254933
203724077 517954758
810274323 954953391
124498338 451102900
301967320 393320283
199286775 325260547
125027895 644869590
176475764 690633364
170719870 740615719
352116469 981955709
263053628 684655544
225995638 358923193
60451356 443253804
478412129 520455041
837157948 854739628
97834472 237575892
58799918 825703132
537846286 624092265
185524421 690605045
202191614 679651870
295855687 926924734
677270262 823876775
98359864 219780129
246197774 406736828
10731934 420537229
594108629 666632834
238082014 332935903
50198676 767545386
567382014 995075378
40422891 423721804
244213625 440910946
50255687 646667325
564349486 834510586
121441897 328840588
213392210 899099028
377278704 670976451
659129429 962003266
23114082 515626482
8353728 946077108
107762121 856240913
139704367 363249229
367794505 613166358
75533628 714934794
341274177 452118982
143254025 622768204
535632372 557340830
58875412 152150216
690085138 834726555
119830413 972436832
356788055 490831429
389266431 942872290
268156521 712883328
20886154 628657426
461831996 630231299
822662670 876926145
115687568 279597739
636205784 659951169
13098523 414336494
548399458 581660910
210444584 359228668
357906122 708010373
408182880 535000157
765852849 926546206
746648364 828842758
175364659 241324719
694623905 722931197
53780367 474231484
50638449 356730722
57270219 923052474
416450131 702166190
299942732 962820625
239536050 575854064
280081453 294188499
468848981 764290639
250620224 990705744
485939341 859982650
122622288 350420403
726343798 815239076
67710676 969690336
107883675 921492371
907767445 975174267
696748186 868780273
10085554 316740258
327618286 721558625
473892049 667098847
687212908 793691078
476540222 835984608
244000786 522308259
89771893 595877135
91648519 242687832
225621491 547455183
669505413 836410954
112030662 980722542
63193397 867219623
234822118 900821523
546678950 861539854
38396282 983378431
101157718 289404651
592075105 889755176
537632523 823952752
94282484 592725390
871442833 984777603
160047819 830801262
660273659 846980906
30268513 750051828
132993076 456042266
922634794 993680093
235916195 593458196
260623671 770177191
136175630 408027897
239592961 949440640
544473991 798073082
632175338 926909607
387164590 723162923
588656883 939080872
145321801 849878688
227735308 237178223
22867989 260949801
673281036 850163488
34108775 45677806
329218811 467696245
533059130 624870911
597645757 695926298
176267113 519444078
64076537 211206576
183255714 649770656
68149147 918967306
226784637 617885316
412894425 519557979
669157448 880981884
407904148 916568866
401172382 954016125
385416072 516382657
25207755 361783554
