2000 5183 1922
3305 3306
2031 2032
1097 1098
550 552
3279 3282
1610 1611
1910 1911
5097 5098
4774 4776
4941 4944
4140 4141
4281 4285
2332 2333
1452 1453
880 882
3195 3196
2149 2150
2737 2738
52 54
786 788
4970 4971
3252 3253
3376 3377
4396 4397
2249 2250
295 296
4578 4579
4246 4247
358 359
3095 3096
3588 3590
2377 2379
3594 3596
669 670
1280 1281
196 197
1324 1325
1079 1080
1270 1273
682 684
4000 4002
1283 1284
1546 1549
4525 4527
685 686
77 78
2550 2551
2678 2679
2721 2722
3379 3380
1917 1918
3562 3563
1188 1189
5035 5036
2093 2094
3982 3983
1404 1405
1000 1002
691 693
1679 1681
2255 2256
3075 3079
808 810
4866 4868
3218 3219
2251 2252
818 819
963 964
3697 3698
1429 1431
2785 2786
3135 3136
2442 2443
3880 3881
4975 4976
981 982
4202 4204
2279 2281
1010 1012
2768 2770
806 807
445 446
2578 2582
40 41
2844 2845
4489 4490
1664 1665
4321 4322
2832 2833
4875 4876
951 953
601 602
3607 3609
2144 2146
2128 2129
1215 1216
1986 1987
4837 4838
515 520
3889 3891
3711 3712
194 195
2825 2828
4803 4804
4755 4756
2805 2806
671 674
5134 5136
1348 1349
4693 4695
705 707
3813 3814
1654 1655
3585 3586
315 316
2427 2428
2661 2662
1176 1177
1354 1357
1200 1201
2090 2091
3333 3334
2523 2524
3113 3115
4452 4453
481 482
637 640
2219 2221
4883 4884
4509 4510
2532 2533
3091 3092
1387 1388
3833 3834
411 413
1285 1286
3716 3717
1160 1161
3774 3775
4889 4890
3524 3525
2830 2831
2691 2693
2167 2168
2862 2863
3617 3619
1608 1609
992 993
1374 1376
1709 1711
424 425
618 619
1440 1441
309 310
1843 1844
1905 1906
1746 1747
3526 3527
4709 4711
3133 3134
513 514
1267 1269
1363 1364
957 958
4260 4262
2766 2767
5013 5014
3264 3266
5009 5010
1656 1657
3203 3205
1949 1950
4675 4676
542 543
3047 3049
994 995
3232 3233
2913 2914
737 738
3326 3327
2414 2416
3142 3143
4086 4087
2009 2011
3331 3332
2552 2553
3559 3561
1192 1194
1963 1964
4335 4336
4477 4478
242 243
765 766
1446 1449
391 392
2346 2347
3831 3832
1944 1946
1988 1989
851 852
499 500
4547 4548
2713 2714
3106 3107
2476 2477
625 626
973 974
5132 5133
5175 5176
4531 4533
2811 2812
4584 4585
2045 2046
1860 1861
4149 4150
1314 1315
2266 2267
4097 4098
3744 3745
3314 3316
170 171
1872 1873
1141 1142
3300 3302
4914 4915
4023 4028
3116 3118
2085 2086
635 636
5080 5081
1589 1592
351 353
3494 3495
1365 1366
4138 4139
4424 4425
2949 2950
2502 2503
493 494
3223 3224
1867 1868
2449 2450
4551 4552
3719 3720
1690 1691
123 124
1310 1311
4715 4716
2435 2436
3949 3950
1053 1054
4229 4230
3385 3386
3479 3480
1660 1661
3762 3763
835 836
1768 1769
1151 1152
4213 4214
5006 5008
1274 1276
3024 3025
1914 1915
3603 3604
742 744
5028 5029
5026 5027
2079 2080
1544 1545
3576 3577
3412 3415
1763 1765
4340 4341
321 325
1061 1063
1631 1632
3504 3505
1965 1971
1116 1118
326 327
577 578
1434 1435
2700 2702
128 129
3906 3907
4146 4147
1728 1729
5067 5069
4379 4380
4432 4433
3370 3371
3089 3090
1635 1636
3286 3290
3793 3794
2605 2606
3732 3734
2694 2695
2315 2316
4311 4312
4381 4382
861 862
2324 2325
271 273
2295 2296
1379 1380
2484 2485
2748 2749
1758 1759
2188 2189
4352 4354
4815 4816
5062 5063
2429 2430
3401 3402
3500 3501
3364 3365
3986 3988
1230 1231
2761 2762
293 294
4503 4504
2336 2337
1352 1353
3158 3160
4545 4546
3167 3168
3612 3614
3059 3061
4819 4820
2185 2187
3825 3826
55 56
3822 3823
2781 2782
3908 3911
1402 1403
166 168
5015 5016
3644 3645
1377 1378
1336 1338
4717 4718
885 886
4507 4508
2387 2388
1089 1091
328 329
3444 3445
3011 3012
901 903
4757 4758
2123 2124
4964 4965
2836 2837
3542 3543
2593 2594
281 282
4593 4595
4414 4415
207 212
1947 1948
2140 2141
1481 1482
1550 1552
46 47
1057 1058
5011 5012
3776 3777
1369 1370
1900 1901
3540 3541
662 664
4825 4826
2194 2195
4810 4811
5020 5022
1523 1524
1503 1504
771 772
4135 4136
1164 1165
4119 4120
3108 3110
4864 4865
3995 3996
331 332
1198 1199
2306 2307
2472 2473
655 656
1648 1649
3145 3146
3161 3162
5038 5042
2380 2383
1027 1028
3163 3164
4405 4406
3042 3044
1805 1806
4624 4625
3272 3273
4209 4210
175 176
687 688
4448 4449
4277 4278
1940 1943
506 508
4110 4111
1734 1735
2312 2314
1465 1466
4719 4720
760 761
1454 1456
2022 2023
184 186
4122 4125
1802 1803
3536 3537
3970 3971
3605 3606
784 785
110 111
263 266
1907 1909
1330 1332
4080 4082
4348 4349
1851 1852
10 11
2425 2426
4270 4272
1812 1813
4328 4330
1760 1762
3767 3768
3714 3715
3658 3659
2993 2996
4703 4705
3246 3247
4112 4114
4999 5001
1744 1745
4916 4918
3750 3752
582 583
2169 2170
3628 3629
1468 1469
2482 2483
5023 5024
2310 2311
4626 4627
1553 1555
3901 3903
1827 1828
3915 3916
254 256
564 566
4142 4143
3917 3918
1612 1613
4540 4541
539 541
4183 4184
2070 2071
4222 4224
3687 3688
535 536
4391 4394
2047 2048
2293 2294
841 842
646 647
136 138
1108 1109
2668 2669
4535 4536
4561 4562
2 3
2618 2619
447 448
2817 2818
2779 2780
3748 3749
3552 3554
3128 3130
3254 3255
1099 1100
3703 3704
1961 1962
1858 1859
4972 4974
4337 4338
2171 2172
4005 4006
3706 3707
4796 4797
2872 2873
4612 4613
1779 1780
3119 3120
2444 2445
4615 4616
2356 2357
946 948
473 475
4060 4061
5082 5083
2192 2193
67 68
998 999
4573 4574
2548 2549
1707 1708
2152 2153
134 135
3398 3399
436 437
544 545
1810 1811
3544 3546
1574 1575
959 960
2133 2134
4387 4388
393 395
3237 3238
4356 4357
4835 4836
594 596
4309 4310
172 174
2514 2515
479 480
3407 3408
2506 2507
3557 3558
3057 3058
2987 2988
4377 4378
3738 3739
3496 3497
200 201
2437 2438
3405 3406
3519 3520
108 109
3582 3584
937 938
2179 2180
4685 4686
4961 4962
525 526
2892 2893
486 487
5030 5032
3647 3648
2447 2448
2176 2178
2239 2240
1251 1252
3876 3877
2730 2731
4115 4116
776 777
2554 2555
1619 1620
4419 4420
739 741
4250 4251
4471 4472
4398 4399
3341 3342
4596 4597
1253 1254
1212 1214
2054 2055
1316 1317
421 422
5138 5139
4522 4523
2820 2822
1517 1518
833 834
2005 2006
407 408
5161 5163
2498 2499
4058 4059
3259 3260
319 320
4430 4431
299 300
2495 2497
1508 1509
2043 2044
1650 1651
2391 2392
1841 1842
1021 1023
3417 3418
4513 4514
3653 3654
2339 2341
431 433
3651 3652
438 439
2561 2562
912 914
367 368
2007 2008
904 906
2399 2400
4538 4539
1147 1148
1993 1996
1087 1088
4968 4969
915 916
2181 2182
3004 3005
2946 2948
3806 3808
1488 1490
3922 3923
3932 3933
3660 3661
3176 3177
4464 4465
1718 1719
4646 4647
1699 1700
5177 5178
4730 4731
2288 2291
3102 3103
501 502
778 779
2754 2755
4840 4841
3852 3853
1166 1167
5166 5167
1103 1107
1833 1834
79 80
780 781
2102 2103
4763 4765
3498 3499
3063 3064
4856 4857
3190 3191
443 444
419 420
3485 3486
2051 2052
4858 4859
3547 3549
3695 3696
1714 1715
5074 5075
1339 1340
599 600
504 505
610 614
4984 4985
968 969
831 832
606 608
3837 3839
349 350
793 794
5122 5123
949 950
3394 3395
223 224
2037 2038
152 153
3534 3535
4794 4795
1980 1981
2665 2667
511 512
2241 2242
1483 1484
274 276
4769 4770
2972 2974
156 157
4442 4443
2408 2409
5055 5056
3214 3215
4297 4299
3153 3154
4862 4863
3530 3532
1958 1960
1024 1025
2852 2853
3229 3231
2493 2494
154 155
4643 4644
5017 5019
2319 2321
2119 2120
1303 1304
1662 1663
824 826
4088 4089
3940 3941
2385 2386
897 900
3126 3127
3440 3441
2565 2569
48 49
3580 3581
3662 3665
2787 2789
1438 1439
1723 1724
3241 3243
3121 3123
2014 2016
4076 4077
4039 4040
13 16
3477 3478
1788 1789
5106 5109
4788 4790
2276 2278
178 179
26 27
3578 3579
1539 1540
527 528
3460 3461
3676 3677
4129 4131
4994 4995
277 278
2272 2273
355 357
1045 1046
453 454
2165 2166
4602 4603
863 864
4265 4266
769 770
3927 3931
3244 3245
4821 4823
4966 4967
3165 3166
1974 1976
1124 1127
4900 4901
3951 3956
4174 4175
730 731
1149 1150
4177 4178
2541 2542
346 348
1666 1667
4323 4325
4151 4153
2794 2795
4108 4109
4483 4484
1798 1799
633 634
4163 4164
521 522
188 189
2422 2423
4759 4760
2358 2359
2746 2747
2920 2922
2676 2677
4491 4492
3726 3727
1238 1239
1814 1816
1333 1335
3348 3349
3111 3112
4528 4530
4289 4290
4853 4854
225 226
3248 3249
1004 1007
4099 4101
3462 3463
2286 2287
3566 3567
3993 3994
2412 2413
2756 2757
1978 1979
333 335
751 752
3317 3318
2406 2407
694 697
3828 3830
1138 1140
2751 2752
531 532
2989 2990
874 875
1863 1864
4907 4908
2509 2513
1130 1131
1865 1866
1358 1359
2072 2073
2943 2944
491 492
4067 4068
865 866
2792 2793
4300 4301
4779 4780
1155 1156
2161 2163
2500 2501
1774 1776
4817 4818
1956 1957
2681 2682
4126 4127
4306 4308
2939 2940
385 388
1320 1322
2460 2461
5114 5115
2215 2216
2125 2127
4279 4280
252 253
31 32
3454 3455
2403 2404
1343 1344
855 856
2813 2814
4723 4724
5076 5077
4656 4657
3469 3470
773 775
2904 2905
2027 2028
398 399
3419 3420
562 563
3778 3779
1891 1892
4935 4936
1595 1596
2480 2481
4761 4762
2457 2458
975 977
3859 3860
2274 2275
161 162
1514 1516
248 249
1720 1721
2228 2229
4877 4880
1935 1936
4980 4981
2017 2019
1556 1560
1110 1111
2328 2329
1748 1749
3321 3322
3896 3897
4732 4734
2800 2801
4403 4404
2663 2664
401 402
257 258
2138 2139
2419 2420
2504 2505
1415 1419
3008 3009
2911 2912
533 534
3912 3914
1145 1146
4555 4556
2041 2042
3885 3886
360 363
4207 4208
4956 4958
4333 4334
3639 3640
1427 1428
732 733
1672 1673
2763 2765
2586 2588
4035 4036
1684 1685
3016 3019
4659 4661
573 574
1593 1594
2652 2655
1621 1623
4753 4754
3185 3186
1255 1258
2620 2621
4242 4243
4543 4544
3293 3294
2649 2651
2147 2148
846 848
943 944
3426 3431
720 721
1031 1033
2771 2772
1064 1065
1732 1733
4628 4629
3489 3490
4988 4990
4929 4930
2961 2962
2020 2021
813 815
803 805
1529 1530
2543 2545
4102 4104
4069 4072
867 868
2237 2238
2012 2013
3919 3920
3383 3384
286 288
3976 3978
1847 1848
2528 2531
4553 4554
569 570
2896 2897
2840 2841
4751 4752
659 661
3038 3040
931 932
3100 3101
2393 2394
4053 4054
2463 2464
75 76
4785 4787
3396 3397
1785 1786
417 418
4746 4747
3934 3936
591 592
4359 4360
3472 3474
648 649
4366 4368
244 245
4218 4219
2348 2349
4650 4651
2850 2851
3458 3459
2173 2174
4580 4581
5085 5087
4369 4370
2656 2657
5126 5128
4192 4193
3574 3575
5052 5053
3139 3140
221 222
5089 5091
1318 1319
126 127
5059 5060
2208 2209
4725 4726
4168 4169
837 838
844 845
4590 4591
24 25
4665 4666
1485 1486
2470 2471
1597 1598
3274 3275
4902 4903
722 724
3938 3939
1341 1342
5140 5141
239 240
1716 1717
1206 1207
484 485
1049 1050
3324 3325
1444 1445
3234 3235
4636 4638
1478 1479
2643 2644
2059 2060
2834 2835
2068 2069
3256 3258
1519 1520
163 164
1674 1675
461 463
2375 2376
3173 3174
3840 3841
1308 1309
2230 2232
236 238
3870 3871
629 630
3045 3046
215 216
3515 3516
3601 3602
2598 2599
4582 4583
1637 1639
261 262
1068 1069
4132 4133
2211 2212
3564 3565
202 203
3693 3694
1248 1249
4742 4743
1497 1498
5103 5105
1795 1796
1770 1771
2941 2942
2600 2601
853 854
4474 4476
4020 4022
907 908
1587 1588
1499 1502
5181 5182
1226 1227
3022 3023
337 339
754 755
3372 3373
2056 2057
2110 2111
4844 4846
457 458
2894 2895
2732 2734
4662 4663
1793 1794
1495 1496
1537 1538
1393 1394
2777 2778
2518 2520
415 416
144 145
2226 2227
289 290
1512 1513
5142 5143
3148 3149
3690 3691
2521 2522
5173 5174
2000 2001
3854 3855
1399 1401
4813 4814
2706 2707
985 987
4 5
2525 2527
2626 2627
3150 3152
2926 2927
4117 4118
2196 2197
1825 1826
4860 4861
2615 2616
709 710
1606 1607
57 58
1887 1889
4687 4688
1183 1187
1633 1634
2302 2303
1617 1618
1162 1163
3984 3985
2823 2824
1345 1347
450 452
2466 2469
4496 4497
4371 4373
2595 2596
2516 2517
3882 3883
372 373
3328 3329
1291 1294
2673 2674
1289 1290
1112 1113
3216 3217
1236 1237
4563 4566
229 230
4487 4488
476 477
180 183
3487 3488
1242 1244
2717 2720
5002 5003
5033 5034
2622 2623
5130 5131
1463 1464
4931 4932
2105 2107
557 559
4401 4402
1790 1792
1221 1222
2877 2879
2570 2571
3036 3037
2029 2030
1807 1809
3319 3320
1874 1875
816 817
4255 4256
4056 4057
441 442
4848 4849
3466 3468
1755 1756
3071 3072
2968 2969
2723 2725
2112 2114
97 98
340 342
1128 1129
2842 2843
1350 1351
4933 4934
1029 1030
3250 3251
1870 1871
4049 4050
4083 4085
1692 1695
920 923
1195 1196
4161 4162
1040 1044
1879 1880
2096 2098
1750 1751
3964 3965
2901 2902
553 554
4707 4708
4500 4502
42 43
4677 4678
291 292
712 713
1360 1362
3097 3099
3366 3367
1406 1407
4273 4274
2099 2100
4937 4938
2156 2158
3309 3310
403 405
2417 2418
703 704
4003 4004
3892 3893
970 971
301 302
3591 3593
2647 2648
3225 3227
2260 2262
5164 5165
1384 1385
939 940
2868 2869
2352 2353
4954 4955
4951 4952
1295 1296
471 472
1076 1077
4374 4376
2233 2236
2908 2910
5120 5121
2159 2160
2928 2929
3782 3784
369 371
3787 3788
4997 4998
2121 2122
1408 1409
4287 4288
2959 2960
2774 2776
4498 4499
4648 4649
4740 4741
988 989
2608 2609
1095 1096
2039 2040
2583 2585
652 653
1701 1706
3862 3863
3211 3212
641 642
1210 1211
1059 1060
283 285
2917 2919
3894 3895
4302 4303
2589 2590
983 984
1853 1854
579 581
118 119
3755 3756
2783 2784
3979 3980
689 690
3708 3710
965 967
4317 4318
4007 4009
2979 2980
2563 2564
4897 4899
2213 2214
3769 3770
839 840
616 617
4239 4241
2326 2327
1420 1421
2322 2323
1018 1020
3169 3171
3390 3391
890 894
1174 1175
978 979
4181 4182
4494 4495
1641 1642
4187 4189
3137 3138
3198 3199
100 101
4051 4052
1931 1934
3335 3336
4205 4206
1772 1773
2855 2856
5100 5101
961 962
1742 1743
3844 3846
2317 2318
3943 3944
2963 2964
1202 1203
5171 5172
2915 2916
3392 3393
4571 4572
698 699
1580 1581
1531 1532
1312 1313
307 308
1436 1437
3354 3355
1093 1094
871 873
3791 3792
73 74
4808 4809
4412 4413
2954 2955
1922 1923
2354 2355
2686 2687
3303 3304
130 131
4319 4320
5078 5079
3124 3125
4927 4928
4197 4198
675 676
4043 4044
4350 4351
3031 3033
2977 2978
3464 3465
3631 3632
4604 4607
1208 1209
64 66
1153 1154
2932 2933
4257 4258
3084 3085
269 270
5116 5117
1571 1572
3368 3369
1823 1824
2703 2704
799 800
4586 4587
1473 1475
4912 4913
246 247
4422 4423
3835 3836
878 879
2433 2434
4384 4385
3780 3781
4343 4344
1855 1856
3034 3035
4945 4948
4833 4834
2796 2797
3361 3363
3721 3722
546 547
1204 1205
1395 1398
3510 3512
4426 4427
2366 2367
3842 3843
3946 3948
2638 2639
4295 4296
849 850
1926 1929
4805 4806
1036 1037
311 312
1223 1224
4949 4950
4010 4012
2727 2728
317 318
2758 2760
3276 3278
3269 3270
3610 3611
1121 1123
4744 4745
4567 4568
1261 1262
1829 1830
1938 1939
3998 3999
3771 3773
3447 3448
3620 3621
2884 2885
4457 4458
4263 4264
2991 2992
4792 4793
3409 3410
2474 2475
2923 2924
4700 4702
4893 4896
3451 3453
4667 4668
620 621
4171 4172
4698 4699
2934 2935
1432 1433
2389 2390
4481 4482
2951 2953
92 95
3261 3262
859 860
4389 4390
1668 1670
4093 4094
250 251
1240 1241
4681 4683
2572 2573
4314 4316
1457 1458
4639 4640
2575 2577
1736 1738
4619 4621
597 598
1584 1585
869 870
4232 4233
467 470
4781 4782
4293 4294
3898 3900
2743 2744
5047 5048
2815 2816
4248 4249
3723 3724
365 366
3864 3865
3789 3790
3735 3737
3343 3345
3346 3347
455 456
2258 2259
4235 4237
3307 3308
4738 4739
2334 2335
657 658
279 280
3283 3285
1696 1698
3492 3493
2268 2271
1265 1266
2688 2690
725 726
3456 3457
2898 2899
734 735
2809 2810
2487 2488
1114 1115
3295 3296
4516 4517
3700 3701
4712 4714
3815 3816
267 268
1038 1039
2735 2736
4462 4463
4437 4438
37 38
1535 1536
2624 2625
2455 2456
3483 3484
1298 1300
1849 1850
560 561
2535 2537
3437 3439
343 344
3267 3268
1505 1506
745 747
3178 3179
3338 3339
4671 4672
1624 1626
1287 1288
4073 4075
1424 1426
748 750
3522 3523
4511 4512
81 82
4891 4892
3181 3182
756 759
3065 3066
1170 1173
4634 4635
1561 1563
4410 4411
5168 5169
4881 4882
1919 1920
1882 1883
3962 3963
1876 1877
3666 3667
5151 5152
2965 2967
4105 4107
4575 4576
3673 3674
3849 3851
4013 4014
4801 4802
259 260
2049 2050
3847 3848
509 510
4641 4642
4291 4292
1627 1629
1016 1017
2154 2155
303 306
2802 2803
1777 1778
4095 4096
1245 1247
204 206
3599 3600
2875 2876
3799 3805
3960 3961
4827 4829
190 193
3403 3404
103 104
1951 1953
1652 1653
1066 1067
3356 3357
3421 3422
4982 4983
4215 4216
4037 4038
4924 4926
4267 4268
2983 2985
2970 2971
2034 2035
650 651
1411 1413
1614 1615
3925 3926
941 942
714 716
3728 3731
2489 2490
1645 1646
2243 2246
5049 5051
2108 2109
3655 3657
895 896
1328 1329
3055 3056
4830 4832
3636 3637
3423 3424
139 140
627 628
3026 3027
3528 3529
5144 5145
459 460
4158 4160
69 70
3817 3819
811 812
3872 3875
227 228
4165 4166
1085 1086
3740 3741
3625 3626
801 802
1034 1035
717 718
4346 4347
1837 1839
4220 4221
4518 4519
4654 4655
4154 4156
3753 3754
2491 2492
1259 1260
4721 4722
1831 1832
1047 1048
2870 2871
3183 3184
2330 2331
1739 1740
3131 3132
3481 3482
2857 2858
3029 3030
4200 4201
1541 1543
4771 4772
497 498
4479 4480
665 666
4873 4874
1450 1451
2546 2547
3878 3879
2253 2254
3550 3551
3764 3765
667 668
3067 3068
88 89
464 466
4331 4332
19 20
4326 4327
1677 1678
3555 3556
2360 2361
934 935
1897 1898
4434 4436
2368 2370
2999 3000
3785 3786
728 729
383 384
4569 4570
797 798
2135 2137
2936 2937
5159 5160
1568 1569
680 681
4798 4800
3209 3210
4652 4653
84 85
434 435
909 910
631 632
4078 4079
409 410
1055 1056
2981 2982
3760 3761
887 888
396 397
4444 4447
537 538
3350 3352
790 792
3570 3571
1422 1423
1998 1999
2203 2204
1730 1731
3683 3685
1101 1102
529 530
1817 1821
1604 1605
3622 3624
4179 4180
3513 3514
857 858
4842 4843
1372 1373
2741 2742
571 572
3220 3222
218 220
3649 3650
820 822
3050 3051
1301 1302
4244 4245
4062 4066
1582 1583
2630 2631
28 30
2453 2454
3449 3450
50 51
2838 2839
587 588
4783 4784
4617 4618
1278 1279
1766 1767
1179 1182
3192 3194
1643 1644
3757 3758
2372 2374
4185 4186
2865 2867
3742 3743
4910 4911
2847 2848
2683 2685
5064 5065
2880 2881
2263 2264
2634 2637
2957 2958
4598 4599
1894 1896
3432 3434
2401 2402
2431 2432
1390 1392
1954 1955
1835 1836
1013 1014
643 645
2025 2026
2077 2078
4977 4978
313 314
106 107
876 877
4777 4778
2344 2345
2308 2309
2628 2629
4091 4092
1306 1307
1577 1579
2790 2791
4610 4611
4736 4737
2116 2118
1781 1782
2859 2861
374 375
4408 4409
1081 1082
3868 3869
5118 5119
3093 3094
3001 3002
112 113
4669 4670
1083 1084
1136 1137
1800 1801
2364 2365
3972 3973
5094 5096
4939 4940
1521 1522
2671 2672
1381 1382
3810 3811
4455 4456
1845 1846
589 590
4904 4906
2362 2363
2395 2397
5179 5180
2205 2207
3388 3389
1972 1973
90 91
623 624
148 150
44 45
4630 4631
231 233
3746 3747
3502 3503
1228 1229
495 496
1119 1120
198 199
1885 1886
4428 4429
33 34
5146 5149
555 556
4549 4550
677 679
2559 2560
3155 3156
3597 3598
3866 3867
488 489
3642 3643
5157 5158
428 430
4588 4589
1367 1368
1526 1528
1461 1462
1157 1158
2131 2132
2997 2998
827 830
3671 3672
2659 2660
3435 3436
2807 2808
2283 2285
3381 3382
3297 3298
2798 2799
763 764
5124 5125
996 997
3206 3208
575 576
3572 3573
4227 4228
3668 3669
1658 1659
1752 1754
2082 2084
1924 1925
4986 4987
376 377
585 586
3291 3292
17 18
3681 3682
4017 4018
990 991
2142 2143
4031 4034
3968 3969
3006 3007
1712 1713
4190 4191
1599 1600
3904 3905
426 427
5057 5058
2930 2931
35 36
1984 1985
3633 3635
4696 4697
2538 2539
701 702
4608 4609
4885 4886
116 117
378 380
158 160
927 930
121 122
3820 3821
4485 4486
4632 4633
1510 1511
4690 4691
1726 1727
4887 4888
1982 1983
767 768
3795 3798
4869 4871
2882 2883
1143 1144
2715 2716
4144 4145
924 925
3080 3082
1217 1220
2342 2343
1902 1903
883 884
2224 2225
2696 2699
2632 2633
4460 4461
1326 1327
2297 2298
2640 2642
1470 1471
142 143
2062 2066
1912 1913
3989 3990
5092 5093
1168 1169
4047 4048
1491 1493
389 390
4991 4993
297 298
3052 3054
3991 3992
4194 4195
3475 3476
3104 3105
4727 4728
3856 3857
604 605
5043 5044
4959 4960
4211 4212
3086 3087
146 147
4469 4470
4919 4920
2183 2184
4766 4767
954 956
3312 3313
3678 3680
4045 4046
5045 5046
1070 1072
132 133
1233 1235
2087 2088
2708 2711
60 63
1990 1991
4015 4016
4361 4364
2222 2223
4557 4559
4600 4601
