1987 987654321 1183
569581413 569589256
383934317 383980443
497431375 497437392
327329235 327813151
277898638 277918928
336959886 337050112
201199442 201278694
950150202 950242539
330609607 330755687
308903810 308929632
12441472 12524273
118023069 118137366
722258795 723337011
954554287 954727152
294580692 295038503
291436742 291443064
795166687 795548110
196551356 196562600
360750988 361113131
317441119 317597532
532274731 532685832
293219562 293293568
873854956 873925786
171529123 171559688
85941804 86040472
113304744 113371386
294285477 294439096
767239006 767771204
631162640 631398148
252080658 252414355
580642044 580870886
452632864 452702319
849985282 850808086
309013951 309369302
809616322 809629158
13905315 14519690
113423146 113433792
843688868 843849822
53243961 53482261
243629365 243792746
968664978 968671336
782678423 783740597
884046624 884085556
109220149 109323598
539980564 540043655
474308442 474774688
192472175 192666451
775076837 775190377
965776528 965871429
376670290 376727403
230920149 230941172
227843808 227945552
32652914 32936108
489792002 489793048
456368611 456560350
483378331 483541188
212116544 212130470
828342465 828517991
364897252 365091959
760298299 760699735
504942092 505095215
417336160 418206286
477991297 478147202
429720137 429729372
503034971 503067892
410121749 410551930
167782359 167925429
37254940 37310382
54651747 54756660
715128013 715309462
648465143 648629021
547795060 548584173
600384558 600565538
658234931 659070000
332632279 333111411
300558115 300775360
644327815 644564857
407067024 407083984
155633408 156056619
852079552 852462522
388819611 389991700
74449949 74516396
716260711 716792569
288297022 288689767
673155526 673228054
314962876 314973639
919059474 919079071
576327577 577524450
71532088 71781731
544486747 544753426
353038492 353657915
785459332 785508730
606895662 608067060
248329435 248336499
148874914 149032056
286641907 286755057
571721679 571951342
563420154 563671010
477238583 477566336
142091517 142657492
805311443 805679055
44043696 44094248
132535908 132685356
842210263 842356958
704105625 704406692
394392136 394452095
916880599 917269068
716882622 717058248
812613490 812687776
453006687 453130158
347035823 347037796
404562775 405321571
528784959 528918061
466699743 466967010
709593143 709809715
608202269 608280286
341374799 341435328
125321463 125324993
19834100 19895875
678197586 678276489
508210301 508453403
456975431 456979773
314503418 314824659
832141855 832142002
892138166 892293207
111387145 111592275
344017802 344096462
105410099 105441829
513795981 513926246
184286629 184457354
172585548 172822408
972992945 973084506
36951147 37083393
495927545 496006240
37918647 38017154
165636145 165907670
613563121 613563299
169366958 169737672
291937335 291994655
318493178 318741574
117290178 117792383
88124829 88182649
185213349 185326857
362157926 363096664
668205608 669089723
963199312 963265238
322134108 322158204
600759192 601054666
310634719 310658811
256483205 256603099
545092215 545245354
137414455 137740310
316186408 316201993
428716207 429114728
152269343 152871875
73663176 74080628
873799050 873820562
565675254 565980264
529176300 530452178
9150157 10386155
131388183 131483265
91971913 92130075
271926194 272079351
550147197 550343272
537911737 538020042
234678785 235138828
878309155 879375622
649259714 649521653
284993488 285004226
393582691 393771838
152001191 152099763
760019721 760036750
339018869 339318747
231150246 231658068
220702181 220834871
112936577 113061882
290075697 290307991
108514767 108607777
124175647 124439839
144707937 145211570
139165920 139308094
443396513 444031094
904321505 904435862
312048846 312079362
176636309 177040898
749357996 749990158
284569624 284851408
908659548 908723196
935978368 936407485
504750191 504931574
896647663 896663295
320023671 320439408
934427381 934683204
110817583 110909622
280510878 280680537
865106109 865130692
958456556 958981635
513593830 513779197
346138977 346441481
182800689 182815445
190505901 190758011
627054582 627214750
182835892 182882631
404139524 404388443
650815510 650852253
638333085 638407827
935356704 935664348
212955385 213155562
621089079 621579352
246230580 246425653
151284809 151592456
459266081 459306970
375513775 375678001
506505778 507282175
899685770 899729805
202998740 203408483
203449079 203452222
727984382 728118344
267627328 267866359
74559990 74590752
158831961 159021242
652535687 652536896
551540877 551544257
346452345 346928360
983859413 983879583
756021790 756127090
966805803 967215148
134778875 134829421
159474477 159808109
859168914 859335260
115346618 115918231
86614819 86729719
156369861 156486829
865722037 865911495
908354345 908514984
560703207 560999674
45398907 45457339
114124427 114224959
355461139 355580767
177922376 178016919
786011761 786764692
72656227 72935569
253348363 253351874
968745880 968751900
238547515 238755149
832188429 833002641
804913770 804973040
590235856 590815393
679322785 679334392
491814515 491893203
140534466 140616646
605920748 606163207
310204409 310426047
467781763 467814774
281679451 281817261
738217708 738550019
785752092 785925130
572820093 572904416
22431436 22468465
725363235 725469190
601736235 601926018
12355412 12439540
435266140 435467205
173526360 173676826
973479538 973817868
567413403 567476643
437304142 437415578
668144302 668199511
630812854 631079556
135576118 135588388
425668999 426058247
579332657 579469702
766746778 767063840
412523321 412766834
49675426 50051093
664151464 664167244
204930118 205209667
44659053 44752876
935720929 935913181
2665874 2950716
160682872 160707077
856502539 856696201
758635664 758646639
741775631 742130228
113825761 114014393
505596098 505693306
370760482 371321968
185377315 185380585
8104006 8427724
1202278 1207175
437972478 438071837
142062202 142085920
240368480 241265043
345788215 346115213
510857683 511708020
118572005 118858292
559877173 560144729
256994421 258066401
454839475 455039806
371891283 371930051
267215727 267474105
538207302 538418912
710007775 710241052
591483073 591488058
299587834 300362524
967585363 968193823
66840320 67005913
474884431 474987121
784914412 784977316
557266128 557289235
754355487 754394842
803261294 804539288
282134877 282507623
690493416 690661892
318135770 318353030
466487831 466621787
841361535 841584931
27797029 28014984
98456028 98509507
686188625 686598819
620000195 620556501
743853486 744572419
776741688 777080100
543908684 544013434
964036797 965140032
546791674 547031689
419028557 419101916
827627687 827806851
379425486 379901373
513227590 513353036
537163931 537189340
62052496 62263739
123142477 123249775
312730063 313358250
566968942 567162253
121562515 121629652
712744819 712899951
945852576 945989532
28665312 28682863
980568308 980724436
51566010 51722330
157847417 158030134
902794486 903437913
899783496 900342265
430084697 430434425
396704525 397982638
599975090 600041456
51153611 51427698
437156920 437195239
330170186 330567342
152958507 152980266
222351589 222387064
137741124 137965793
540742438 541116170
317222497 317223390
27388121 27739386
316928947 317105802
755599601 755685595
387134191 387144379
695532652 695741165
980787752 981114098
463594598 465126986
420361656 421087270
930393788 930474329
734450557 735254193
109442505 109446078
724765833 725073895
894299496 894811631
845284868 845802635
497613763 497888205
332280523 332559728
564549379 564829764
467019548 467777247
83455766 83673279
673298338 673470327
435554370 435955899
154793877 154814429
639050828 639310404
568813423 569030543
557412159 557441506
790909137 791225934
289901797 289902224
730294995 730773099
241311028 241352737
237050592 237354554
564991887 565034165
8827114 9075390
924180419 924722479
697212481 697213894
653781229 653865588
39679921 39801033
399367034 399545259
956004682 956024811
825015154 825266582
155116784 155350538
629351908 629971243
253451368 253660822
884988747 885125643
434531398 434593642
462268742 462315942
367877581 368033074
311848075 311873302
653452354 653619185
149483629 149776957
261660690 261729044
226805076 226936960
931982473 932168134
317737147 317874695
504462340 504731558
784455302 784639848
312224920 312243245
496691426 497121867
846744299 846818643
795830411 796156062
838944804 839402839
918916812 918980145
272470547 272808021
911692437 912266851
107001886 107242141
109516071 109581212
211124474 211386134
339718605 339895426
892429689 892476321
698460094 698674700
874838161 874967204
250566614 251547941
595218242 595474761
846429592 846500260
302323476 302370860
499242152 499559426
739099048 739205672
186826903 187116001
652218022 652511684
584396110 584403174
103998198 104021282
264860441 265487262
969541894 969801521
514174677 514558891
793809913 794084735
831692334 831802974
639923193 640224691
624590139 625347212
110334274 110579490
235842359 235846575
129244030 129674170
751174271 751345913
741151242 741446195
866622755 866903347
778737798 779053235
387819191 387840868
187736647 187860394
920753452 920810395
780997396 781187504
233003241 233603646
970415558 970600409
367090907 367389751
432452274 432469586
53846215 53942969
281202887 281281788
470086968 470516435
11338534 11697716
289964096 290021164
131535589 132244480
230945504 231096329
977277576 977292724
313486930 313586367
623710014 624030877
915298527 915697185
536966120 537063251
564131997 564147985
128473066 128575946
244615418 244989459
971506503 971553117
796263408 796722977
182950426 183009884
937904795 938438631
519436244 519476942
128008617 128052701
66769674 66780062
604136192 604546027
865198986 865409718
662624794 663503046
376145154 376620489
283941972 284465935
983547350 983554964
582051700 582151355
421214084 421898033
941704973 941757550
194552241 194557283
338749930 338787386
719479818 720312586
659716605 659922305
664193345 664398251
809867211 809879954
180964038 181283525
557131869 557200532
345050921 345393956
137790 157203
290970362 291041594
375160100 375337561
273493635 274732575
622140244 623537785
207972772 208142547
1000537 1064640
837179530 837257278
644025757 644098528
949358913 949832914
430847092 431332146
11099795 11237045
864043841 864619554
147942764 148280558
745304904 745546980
400134026 400144993
870030883 870052633
970231802 970283657
47660716 47737371
585351402 585783236
293762335 293953313
290527671 290575815
543880478 543885688
692612722 692708129
349659088 350646653
797439351 797706496
250341265 250554079
139551460 139590913
948399448 949324122
137074563 137191529
866509521 866529353
549089240 549910482
875639975 875736452
602331091 602502461
409842635 409866956
94438458 94443456
701773464 702827375
462811415 463277234
835474351 835780928
855166026 855180037
608377614 608511375
947266643 947372578
79253192 79275559
663938491 664026924
770954041 771006246
398841642 398935875
829065986 829115112
249738666 249891145
108938049 109168507
939273443 939313524
82344857 82476525
927272658 928149714
238372042 238435780
203994601 204196012
887097724 887147166
442922841 443007006
408837379 409241547
344117735 344594856
248954650 249044217
48396134 48642202
627329713 627338956
792516445 792663027
500952142 501546033
968860202 968929175
298410874 298630189
88830209 88992150
50534225 50638695
341508906 341908239
781556760 782455626
665716362 666871060
676275155 676816790
275518742 275526864
523661634 524384583
40185525 40620649
178528328 178665923
41100201 41103549
591050878 591365287
235239170 235798576
381293709 381330400
214546855 214909054
635540990 635603164
799573056 799576870
355273854 355421313
41185398 41253510
710633602 710695982
25484914 25851973
574771901 574898958
808055607 808289000
78412368 78759469
976645829 976911551
889452943 889806527
852916075 853442758
163369000 163422035
608540419 609134455
145953669 146439037
220196332 220472045
432953121 433401045
447063277 447405324
606216105 606630197
465556597 465664344
13291922 13359786
888241811 888533953
136432745 136891662
316576028 316672176
618068390 619058965
969898903 970088434
200197054 200662098
492594969 492605548
908275777 908333952
937210219 937239289
288757704 288784449
331190734 331455010
374939943 375157231
118251322 118309523
584570887 584791097
236203754 236334270
875206815 875258817
519809594 519844995
554317846 554370962
880550457 880972468
755245687 755426763
615471 651026
130986976 130987451
447627365 447648036
319033783 319107988
407822491 408251203
764790380 764907625
24880 114046
330822815 331039988
916306404 916510072
459455687 459768279
738849779 738893327
181899262 182125186
892817550 892981741
157778862 157794105
298860723 299128517
947480133 947490020
197353233 197599501
653148255 653398072
920627444 920670642
465897424 466044290
186668244 186757469
120259799 120696419
36333736 36408987
351646182 352256122
683599087 684265839
339438115 339594362
79072463 79151171
335479145 335630183
303035356 303426027
571477750 571585294
7149234 7565847
188856799 188892187
153014343 153398765
705622907 706057064
769334536 769363480
411678517 411918209
156202091 156230656
17225133 17322949
728258731 728266137
736094069 736687967
57413927 57932065
857235266 857655481
905920185 906087010
393127932 393182997
820838619 820910487
703350372 703370309
879561073 880011305
838330592 838502430
220173795 220195499
219327370 219499026
41647891 41980593
122029169 122497031
706277785 706464416
410644801 410855776
116228410 116247732
871480878 871702763
10782927 10877128
289049751 289515396
334459808 334597126
278340809 278606473
224170212 224393972
480901880 481044920
186469975 186662574
144066446 144102051
684840987 685439585
766056701 766589563
246063997 246189995
147171362 147910363
788777825 789060054
341042826 341372623
797788303 798088378
62313481 62612476
791286549 792454401
406376508 406427928
95506473 95578432
404412968 404494576
699165578 699361281
401199350 402146708
301067421 302261944
598055439 598918647
492463277 492527452
222574370 222939220
595039258 595044431
446264401 446272098
477704683 477907946
434167142 434345316
656855664 656900823
261436976 261473513
614309984 614871255
591626568 591985110
469107733 469479783
109593946 109603473
552311015 552450190
454184338 454291373
743203018 743336179
614969527 615036483
183405981 183653956
485073558 485830049
615069100 615138392
643379526 643632641
395316977 396007423
21330210 21448290
913766152 913883518
809421370 809434067
734007841 734172232
160851093 161259159
696636305 697106777
626411908 626593002
194080677 194087260
817817812 818284367
376926107 376975809
710583283 710626509
297355394 297886570
936631468 936859175
63655075 64148093
774799205 774976695
527415344 527985058
176587650 176595923
179739003 180113826
858524110 858611390
56571146 56738883
943005500 943115541
825277699 825563091
50766448 50855795
155372152 155568835
545704654 545738906
377287644 377391332
875823189 876086265
89621346 89632974
36234262 36246785
849540734 849923699
264619354 264784211
707347659 707488850
381127985 381188059
562354790 563124922
704912894 705069287
116983429 117143232
825827649 826173590
902550164 902650906
816951596 816967320
655593328 656375236
651868065 651948334
329684264 329782964
168771447 168916339
940631501 940638558
478197360 478973339
807571004 807676431
162825112 163081388
551017613 551439070
210437474 210762636
90540078 90674427
740056377 740953268
837487560 837543028
581927030 582007564
967397263 967460717
223199650 223339974
872797840 872911834
281854447 281953783
440763615 441255456
246432669 246623067
158055015 158414639
514777379 515030167
501974437 502335716
481163286 481949251
246907008 247314576
885553551 886542969
414707734 414829927
904588608 904921458
62834446 63645262
551784902 552078666
105038552 105235788
982753315 982838644
428330478 428620566
30101457 30142714
945127134 945764997
216615433 217918315
507688026 507725834
175089653 175204848
725627136 726183939
475812779 475969027
876189195 876255511
868831063 869007438
933650508 934161141
968276930 968451022
828541622 828806942
483081327 483160882
567478980 568177329
24421585 24538986
197901868 197946886
891979970 892111379
243977922 244549109
163648448 163858622
74882545 74900981
422471783 423614150
686660261 686886879
98775741 99336851
708689679 709256593
65758335 65789410
199822927 200079271
471304348 471983195
918684313 918690308
19344444 19539685
114570389 114613243
363366205 364007585
538854141 539052755
355995911 356277670
387741218 387810474
472554126 472650848
500745400 500817644
925157607 925569719
209781993 210229678
655172039 655508192
563806978 563876076
400342053 400426699
224446562 225009242
926964296 927220232
237477209 237678796
137336200 137338296
956042094 956359390
232863532 232981397
673515592 674772656
352602649 352884502
487556484 487567073
851933490 852030954
34420180 35031927
799990991 800118230
758080203 758161125
214216917 214438513
922832293 922878049
818959591 819226697
646248955 646285286
320863804 321055457
867362306 867716453
196440659 196453968
130807875 130850017
427681349 427757685
231743582 231866898
969039788 969151763
261935230 262241930
517882197 518353794
386072818 386079974
176356685 176580314
65040331 65367798
183122649 183400409
210903085 211039204
690929052 691207407
329597781 329598697
99836629 99947279
828034174 828107730
922479926 922804055
239276475 239642394
372033931 372324752
957631295 958004772
862753668 862946789
262282606 262650268
857656784 858466619
236072615 236075656
734354418 734373655
898742049 898782798
711946387 712309622
688431838 688452802
199525543 199698506
841986664 842106392
814169492 815431100
759355046 759902263
174185396 174507581
831027256 831619897
516984072 517324261
979071017 979136223
213797313 214064190
13488997 13659252
715352610 715679360
855891694 856253275
633236486 633277504
374660394 374895815
188773981 188819698
654528481 654603813
583190629 583251085
70628033 71446066
860868538 861352823
826730239 827351627
140625784 140704102
679338085 679565854
262950892 262960230
306750195 306810325
65425530 65519269
176283405 176324059
369741234 369910528
886776071 886781715
602054765 602096989
787508148 787563994
503535793 503739519
111819050 112133878
254020433 255074637
345716121 345781820
309430785 309552115
414121841 414504280
810211034 810353789
509354099 509679017
143278135 143867826
868000994 868054760
30029605 30068143
728691101 729105165
575227482 575372867
845100228 845254389
185721236 185931749
138040113 138100001
824830746 824832252
498639195 498958922
399609303 399869992
863000896 863057248
683229290 683288574
493934991 494207817
977395219 977403216
601508915 601723315
959208710 959555545
348151300 348506369
340581456 340968249
868534500 868821262
743756270 743795269
1835941 1946353
487907412 488013624
203560809 203842407
426609943 427307576
35203392 35512230
409738589 409738886
32971479 33366942
281340834 281568718
492614395 492638770
119056626 119097638
957265794 957456343
829630898 829667884
458301678 458560037
926904423 926949490
610915912 611146974
267871921 268023315
907625975 908255737
445267349 445563973
153526551 153564389
39298981 39321095
175257609 175293712
350885487 351325663
295776545 295919189
232662953 232765229
680046558 680591672
971357799 971423211
891654829 891885792
940878234 941607590
838299649 838327643
109775955 110095388
794456611 794563991
515891939 516707474
660965065 661001603
285269122 286216746
909736098 910107153
637377736 637628391
735695501 735871958
151960418 151974782
331074731 331090120
488744556 489065154
933201353 933587948
524506099 525317733
333741421 333931044
129791292 130717614
311687167 311803353
824608903 824620964
173220234 173466064
462352148 462502178
685450797 685593141
848673845 849359647
687008641 687093717
307437606 307551265
947077932 947155069
881537068 882346496
48999147 49244826
308236077 308354994
279505722 279579871
822752988 822778931
534809356 534818280
526721151 527184887
824857146 824954829
877715766 878203595
706909774 706975806
156606144 156918967
46369299 46457211
910167968 910377424
512022324 512160963
355689179 355878738
874034892 874114758
247685015 247843294
239942224 239980498
75001073 75204579
92196933 92198220
952208524 952715842
127549362 128007863
307614172 307951242
255797982 256376389
851360244 851886278
342713330 343385210
82637907 82867048
343397455 343406023
703786539 703963725
468813003 469076406
691419414 691855090
976324711 976570624
772474700 772485641
201736256 201773638
386211275 386223948
1216438 1598593
361331968 361477148
664768179 664981137
25165895 25242666
908874884 908929257
106142193 106746026
405805850 405991303
123964063 124058708
398078141 398260143
365944564 366524905
727011479 727093589
60816283 61253334
985371164 985590662
60308112 60618595
640357921 640809015
955481384 955603421
522916237 522981758
800629562 802295232
268464865 268604266
442794464 442906755
80568812 80728075
793102812 793270058
423629175 423731946
477125148 477205950
556560100 556940046
24113555 24126220
785512760 785635092
910989800 911134442
194700625 194753515
776238162 776323442
546044059 546076033
112351027 112492041
433444797 434077626
67725721 68197689
718182798 718522668
326090874 326286325
920201801 920526341
302576683 302775481
547140932 547336464
542955234 543569368
198522389 198543723
91019459 91121600
846190473 846343612
444731141 444814856
981891393 982220780
970780515 970992108
334147397 334381768
17376104 17621214
249128913 249259193
703216680 703247428
746156699 746442164
194812756 194948621
59005410 59115544
979794595 980077805
202910105 202956252
359114059 359164472
95820664 95837179
17837141 19250689
599723386 599726092
710881819 711025336
504076928 504135950
146507158 146940269
619633335 619801319
305282811 305579467
399120167 399349578
19583724 19755835
803094748 803101670
804743842 804874316
87435006 87699430
286513211 286580938
119948749 120145616
876278396 876488001
799094428 799400359
619249818 619317514
118180324 118184013
905448373 905815630
184463546 184724899
572008734 572641064
979238951 979706788
77708816 78007042
322575919 322635330
364330429 364774813
722116287 722250513
884559472 884895879
652030062 652203506
912399170 913107667
328147022 328243372
174639983 175020063
824434720 824469274
609792664 610552380
850928922 850935141
731829545 732071043
688458716 688571822
28134346 28199383
877522082 877546444
472022706 472343954
569131350 569170814
266709914 266938417
408403877 408731082
689671825 689881533
577818665 578180687
820910951 821207665
39826935 40173349
871792888 872437625
406488054 406873742
846975403 847233880
221174819 221923250
342502209 342683978
931643054 931653239
91851546 91854885
906227086 906235960
669682814 669712793
105003270 105036115
193334754 193978950
233937107 233967683
828267331 828276163
31424969 31492846
72397623 72623830
593141107 594206527
649101617 649173353
750535376 750574084
347702037 347983978
465695912 465870306
41987408 42008496
335987667 336907119
141568270 141574917
429972375 429975944
208682610 208826030
729729141 729972823
279729985 280084304
315765265 315894089
573969958 574458937
631459629 631643878
616640429 616678632
315052980 315377151
79890293 80149712
653715802 653772455
586436037 586760509
96814063 96969953
228072847 228853780
956613108 957224065
907484408 907563549
81299237 81509139
125122486 125303152
6531496 6718410
599852099 599875281
385642952 385866037
396056546 396297514
468360206 468386682
600253270 600319810
704630106 704709309
582731496 583095182
811224168 811426315
662067260 662569956
497973208 498067661
276855825 276929954
954108698 954322631
972679909 972928557
447730596 447766210
178678525 178697314
736954308 737659498
128363106 128441364
133764271 134313929
950523178 951131108
642340273 642568549
657090893 657302686
852507567 852914227
245014119 245270125
141288367 141405096
972612354 972643061
844240904 844468977
42743391 43021331
114780263 115136333
827453201 827502046
505926872 505971184
609401779 609462581
970143961 970225030
21660044 22109768
873596047 873671625
424295225 425139381
907159306 907244159
763419032 763963262
270198924 270221829
272361053 272415356
270429543 270557634
533551927 533635852
87853288 88104722
115241947 115264385
83257624 83354969
104054599 104358500
884108923 884384965
206820613 207242458
646343294 647469747
713206428 714270215
470897533 470984045
177062374 177379983
578923165 579237851
776384102 776675976
96443984 96482995
747509161 748127020
946582254 946786366
190298635 190314887
821306047 821352358
467926730 467952275
20833387 20860970
270638168 271050600
264017361 264136655
483941025 484257246
495369150 495610756
314246437 314301289
121133246 121358518
324114382 324267144
802343720 802370261
951330283 952144629
767961401 768551031
877121975 877400546
521804900 521971821
102856742 103081071
328704766 328921161
757261099 757495753
526278593 526382365
376790703 376878286
501674902 501780866
219676574 219986628
911165334 911255003
803189988 803216732
314123448 314184233
268614273 268672821
432603573 432696032
354744907 354913147
373048719 373421638
427845752 428025853
165152118 165471599
400190648 400243505
733042537 733218854
402239896 402365937
178409403 178417215
291866097 291877153
303682217 304213892
971854579 972045181
125431922 125615060
199128692 199140039
359955758 360544807
80369803 80535497
60080675 60219903
313672613 313832071
252473829 252737940
309889247 309967030
436480522 436847471
523267109 523536124
28857676 29120571
207403741 207469522
811528741 811581167
669965765 670553275
84639965 84874675
55654243 55887306
296658507 297124311
312351753 312378393
568641982 568714308
649591771 649948188
5149368 5272144
822336341 822680982
261163258 261303135
659214115 659587407
984116188 984343009
347466431 347475981
387917644 387928989
138419788 138921911
211650532 212046739
6809427 7101465
164526462 164661346
438135246 438160994
185490001 185653526
977854456 978190881
197963993 197989438
320640729 320820968
778405930 778600120
771937033 772374843
205646254 205748322
691920228 692526643
870461531 870511963
236385990 236705617
541431122 541748502
407302940 407307836
76158567 77045974
480522271 480543007
711189823 711807146
978551755 978563101
738621859 738746620
328284721 328315902
469708610 470082001
727743347 727975667
601084646 601471415
985907164 986088849
133308721 133456451
116935905 116960846
476039440 476088258
8587630 8744338
766647190 766653112
672747382 673149052
38873363 39142357
943942819 943985352
723568512 723607788
847304345 848203261
977340206 977381383
195439540 195618998
968990702 969019020
862057080 862136683
486184960 486190833
179521156 179726688
484497244 484696096
171609291 172235810
157519963 157603398
931294447 931523496
829748184 830052398
795676682 795678766
635746464 636820854
197648919 197701533
225139016 225745399
50238531 50378721
773632793 773802773
485837227 486117901
779177280 779329625
700481879 701061054
145423671 145495565
11736869 11984149
69204809 70281267
412115964 412326651
392464498 392632419
131192397 131319539
418271557 418555854
521606973 521632821
583840926 584142626
854067896 854894793
328506744 328580151
163126858 163318064
266387391 266681848
824472054 824474255
247360581 247406633
175988149 176082349
441661958 442613882
746991473 747287013
416037322 416074202
101917492 102348736
414553536 414657127
762419251 762908265
771323268 771614217
767794086 767943983
75783756 76118785
316394069 316475185
59268691 59349536
268884951 269292099
510031434 510139628
170002703 170492778
42494272 42583865
135812691 136227748
342484169 342488395
532993448 533399783
898381301 898738164
321436978 321587157
966166112 966537814
182166082 182313883
95933786 96105386
306238668 306320890
36524801 36600464
86964516 87068725
947546024 947899653
67630697 67653808
269593170 270084718
225867707 226127368
476299048 476921681
539155665 539469705
592115940 592798809
479694555 480170443
369346671 369366154
390481202 390634850
515115358 515713487
190769908 191819828
611392761 613309026
29153684 29159668
230182793 230387574
306473305 306495423
745601675 745777847
645499572 645562894
20101869 20177140
466405231 466427526
837077961 837125804
899407900 899662110
903771993 904270628
565244401 565326274
929861496 930273438
632636378 632739776
659976886 660435551
429780641 429959218
326333055 326452694
68445049 68969641
918092328 918130694
555050649 555471612
198306956 198369054
825608233 825638348
150770744 151165674
863058082 863463995
881808 972673
587434951 587569839
218620612 218682889
447792232 448024732
71792926 72161564
359848277 359891070
386116001 386119708
794203622 794282831
105319595 105338608
822909008 822944308
510267052 510359751
851130544 851138320
74214384 74406465
193033356 193072470
325869053 326058258
343467322 344005969
95613348 95793781
984820685 984933595
308119744 308171093
946895711 946993320
652888359 653109079
528416764 528728908
208512429 208633251
351449207 351488790
789786870 789840798
519506057 519584153
436005714 436092222
333560686 333671981
771660727 771665501
642803931 642820124
688585446 688984255
748545333 749295461
168009141 168480652
557718159 558139617
488123114 488276485
906354263 906675038
20329747 20625075
331583893 331776397
914298821 915186697
67091325 67603804
674957662 676082622
252945299 253014872
458818286 459030791
24552758 25024379
139327835 139356346
535247100 535921909
405427894 405718067
206707887 206781361
277363808 277614133
411175095 411536366
344640398 344744433
8032751 8042381
228866879 229309493
402794490 402888826
769382046 770117908
919724014 919939046
863776140 863834785
647866176 648344473
808806977 809026960
47856414 48153590
310894134 311152695
642575486 642729921
196690837 197196401
260293574 260785868
983056239 983306009
378059137 378440851
863466736 863641792
5944768 6068226
975586132 976301395
393283320 393386480
271839200 271845137
717237372 718117845
212693991 212792842
739336592 739675668
761186001 761529566
38061077 38784802
100970041 101476674
69065525 69159563
651453132 651505374
438687852 439075555
266333227 266348272
412780978 413093078
954347643 954475497
377874761 377917424
539502974 539582117
277115745 277165416
687279573 687765627
537412447 537633736
921043940 921587870
88415106 88756393
29288404 29668166
448097944 448141160
490808511 491079855
232346520 232525089
461973323 462188344
602843410 602992153
25907825 26054961
696442494 696543158
323257618 323454782
488026070 488107529
875433607 875590008
985718746 985866937
974067225 975054836
45005454 45118892
258796768 260264747
770728054 770834675
339603803 339675678
861739023 861904759
253824066 253864080
456648357 456908341
52081636 52182856
319633489 319650748
334961894 335251497
277048456 277066989
693352792 693957370
177473316 177494674
91499781 91781705
624154702 624493933
840626916 840629452
159122590 159433104
196032534 196162178
253388315 253394995
453773074 453923079
765191369 765830551
368838602 368981056
694506701 694507611
537197244 537383590
505730641 505852250
340024071 340146694
631990263 632451539
258275841 258523767
407119592 407184547
897736373 897824404
321888174 322080211
823504057 823635201
45609058 45759873
153682828 154081102
192685298 192715986
294153779 294173464
101498737 101619097
913233455 913736986
899004592 899064269
689058126 689424356
869396770 869956794
605052459 605204508
541753867 541821910
556048811 556525497
625511904 626280289
960510447 960686931
954969240 955344389
306523238 306733687
322305181 322477277
122574362 122867254
452297958 452352284
30229331 30434663
79521944 79694077
633570317 634589451
753940026 754335521
986163777 986208588
23556752 23717640
207295045 207309904
386955225 386980739
921947769 922294963
178069214 178125871
824645975 824769427
570397487 571327194
657864197 658019873
764284610 764361701
326836936 327267040
287311396 287690588
819458637 819480047
116518031 116817313
356892558 357052092
460631868 460869201
959708387 959843672
963820024 963931458
768960804 769059309
15467564 15596144
318062447 318080100
127053426 127540036
206507161 206548052
694730393 695260702
779439681 779446821
15120470 15205232
671587665 672160002
826257738 826662884
61285811 61590761
56009381 56264964
237936369 237944693
72180894 72203294
573244852 573550941
856745014 856889892
449280263 450574887
653935648 654072157
579895816 580612342
735254560 735401194
615224191 616102970
139674720 140046487
268330436 268463868
928339566 928844737
31579186 32023626
899198038 899276370
170713764 170758969
810832528 810870252
131025587 131080695
83999123 84519694
798819475 798850877
975464154 975471326
902318056 902425005
344796743 344987807
30704170 30737084
489982392 490385464
326739034 326749575
359787046 359805738
482447832 482557424
537722043 537832387
961391876 961578107
218209587 218558855
436208065 436415084
319668911 319698747
59856129 59941806
32202204 32356371
897907222 897916550
960928756 961083261
265924582 266193932
731049785 731454112
617385537 617473201
292317694 292655813
73569804 73634293
787763240 788007189
507500231 507644959
22583118 23488015
236028919 236046154
107991376 108314389
400578207 400922301
582209323 582462164
721407701 721563073
810560158 810572439
276039942 276450585
661346420 661397032
680891629 681277225
373567626 373708506
162215946 162363902
597154981 597481275
387246046 387624638
495746185 495817284
159816789 160558965
517782972 517881356
215947967 216402890
238120815 238245318
103119145 103283771
43086428 43862952
393427814 393529749
753488547 753853570
733551717 733806182
124896895 125082181
697935373 698108986
837839007 838166872
493198933 493465657
900695374 901680854
546544547 546664161
419420431 420223280
57294161 57408468
402436082 402612825
860100305 860219061
219526375 219581731
775486318 775576478
755576125 755582240
804552193 804684434
2131070 2389799
681548939 681718205
415685432 415724868
96640529 96776243
605362864 605620754
282611465 283397719
629059393 629060706
149914925 150304736
534076335 534743413
588820769 590144742
961691059 961771794
799413045 799553754
883213275 883217718
635207745 635213142
111262131 111316388
885143288 885195631
897260397 897528198
342138162 342317714
248616003 248772209
473096539 473286165
189361634 190016370
860682793 860823351
876815004 876913611
358071730 358732623
893659946 893868731
123276209 123618965
788377173 788433382
208881431 209202870
386293864 386447656
961798187 962041018
48901367 48914630
639835918 639889325
903530244 903530598
978564907 978701514
26931460 27262801
33436417 33461227
154478419 154628933
323644405 323955950
575957469 576317220
310821609 310834066
201910332 202200713
806206170 806315934
112507797 112772618
316124884 316164817
65689804 65706694
946160953 946514139
47545346 47570320
798867459 798918686
227057709 227725451
528057384 528238953
511812729 511870490
772711859 773156075
520810006 520859029
4507942 4879448
325285888 325557804
97131625 97844743
187257919 187596710
664632191 664718370
806794211 806899792
28562992 28589597
677317311 677882798
641568437 641763778
684391944 684562845
507381254 507391965
105495345 106112896
391435675 392210210
219596729 219643256
512529180 512651366
126332044 126401458
92866405 93960638
31060508 31164508
381379323 381493238
140171651 140381264
46576330 47353317
273004296 273026136
275361842 275390796
192254987 192465079
53616115 53665301
938685061 938957716
262913236 262926752
833041268 833126551
525615510 525800528
278844505 279365842
125703652 125789095
546110750 546500088
112168907 112346928
986613705 987245453
941778684 942021466
37767228 37817122
963016069 963173671
943411784 943594689
689607805 689618917
368047745 368585395
4916333 4969477
361727658 361835707
678665537 678887185
247849650 247992505
833390257 833657914
809981760 810014026
422012957 422024225
460035098 460095704
308422738 308462242
370519337 370593637
569406318 569433340
471084675 471261849
592933256 593119548
681885068 682078449
422055009 422393857
802737646 803033183
345581769 345692785
439184764 439953819
494412551 494553371
799692724 799844084
960289758 960376217
839692689 840429052
309991525 310061680
357808693 357894655
285235168 285254101
486207702 486475296
944093727 944425979
754940355 754947162
390158598 390302626
558575895 559168786
830369027 831011965
90162947 90297292
869180374 869388275
230624161 230765773
208830261 208874812
307290301 307402421
963443322 963721855
425567042 425617267
181631015 181727023
756272384 756621268
758700534 759263787
403173797 403755045
744936377 745144121
366857986 366944291
842514319 843463077
53979316 54452649
210242491 210379401
599017012 599250991
793346200 793365014
45373843 45388405
587966986 588453784
95363712 95496236
337320688 337595477
570063245 570365137
171057836 171437461
325697133 325845780
141197466 141213276
92349106 92580242
184839188 184896848
475592019 475796147
202449093 202467262
206080727 206312464
665033868 665118836
66405214 66428132
643908306 643974132
359525196 359785303
274744304 274843229
100337939 100903024
926324334 926661809
893433789 893479697
126486444 126772401
779132952 779161087
574489704 574603147
732496183 732960175
163868424 164510259
429216010 429715729
862348201 862393491
682880404 682992433
663927907 663935847
681778083 681871339
64216619 64378947
119144631 119344473
807000154 807316755
297972075 298345037
132923080 133168547
792850756 793051819
6086878 6381602
3526168 4143384
742348907 742724299
541951515 542472218
437238288 437288860
661828434 661989372
164797878 164971692
20865546 21261096
665363520 665491168
770319164 770323210
382467189 382698917
65878967 66218523
527240013 527263821
305971271 306008740
33746821 33949572
985066694 985228528
890085085 891189721
170859605 170989795
261757906 261772306
382840110 382947573
206427773 206502259
365477872 365857103
132254352 132408687
952722200 953986068
230439305 230565023
354585696 354695343
798100401 798574098
220042548 220131809
560452034 560633203
870199086 870366853
461327149 461407728
566151773 566609453
249402264 249662022
575420270 575467112
931667895 931787440
290580451 290681450
149274498 149399157
667290254 667590782
290748064 290788331
55553420 55585643
337891893 338487168
36156657 36223964
28829048 28841512
962213189 962399879
249935049 250307542
398718812 398759506
372552153 373046023
140908711 141049819
457026552 458013873
663587642 663678450
192776659 193018565
870656008 870776570
383150238 383676466
271164542 271320747
513374173 513539520
58014442 58918349
553163255 554112449
85752445 85842210
720649556 721198783
117168088 117184871
245583914 245876857
484935567 484975923
895417863 896587802
586272948 586330977
291538984 291559665
942234138 942340668
650095200 650471515
841085626 841355641
726267074 726313904
917352753 917629450
169235101 169239681
391168461 391211479
194956003 195108050
150600806 150651838
99642338 99660032
545778874 545938692
261346255 261357712
531384033 531952793
234039514 234214420
7589777 7712942
104361682 104510697
561063788 561388387
708006719 708188458
599270104 599633766
925002214 925024030
200891797 200956765
89775128 89852579
243009025 243321677
701332850 701592299
81171062 81247635
887423658 887951405
474157408 474275930
944647175 944686688
3031725 3380318
502513602 502894006
872533787 872694431
438185432 438381015
654852849 654897675
440154323 440372302
550025030 550136835
552731894 552922068
638543924 638711592
942821801 942989323
943177927 943345016
176189815 176273940
706714082 706781464
769187631 769242314
707014880 707287000
158775027 158781623
819855638 820560745
521079910 521235329
