2000 1000000000 1632
877903189 878719671
797997919 798261285
466750585 466869351
127154649 127288892
720673108 720723670
611411576 611571480
629330384 629720274
108745004 108779368
59749557 59851764
11679984 11783535
823204905 823334936
941224920 941356486
373174428 373195941
292110980 292274567
970101288 970218782
846800060 846884462
785959802 786276925
155976699 156180306
104767443 104860766
233504558 233684601
839251450 839499079
502756702 503034087
144402882 144603307
157418569 157663138
557893640 558495586
216489778 216489820
849176685 849322477
479057601 479458284
806024922 806432010
579623194 580029334
248620353 248662414
504156408 504205127
268028393 268141122
621782602 621858505
927257219 927665012
638880957 639272734
394012212 394146456
127981573 128044868
394513346 394817507
406269951 406886535
67235253 67283189
19626793 19841874
102525327 102635962
439956615 440117705
38974783 39036709
335644944 335725946
216611711 216663434
151203196 151274338
421626437 421854967
194845248 194879850
709720575 709906717
480198691 480474758
849070306 849083187
193621807 193693967
893278518 893295028
924828803 925524664
442428745 442895491
576079707 576521960
618541728 618727116
506007313 507225903
10404066 10611630
488741292 489033096
88388946 88629895
923994539 924065559
96964659 97309997
80900212 80977089
212514678 212726307
223050630 223452548
239807633 239937478
453771098 453788257
812352896 812354117
306024936 306386564
781912435 781964924
782895036 783124200
433339066 434168134
426107403 427537341
893499453 893715815
90386968 90435967
328318848 328442874
508482234 509109032
90124188 90204512
472937594 473036963
939354288 939694945
755903034 756135393
215837407 215860754
138700341 139050665
147049249 147566526
822681040 822721947
120924196 120925861
721158569 721397224
852050584 852092062
907668546 908617842
430208781 430369142
32681605 32765484
437708743 437808898
404511053 405184757
620973698 621668093
425054363 425628831
296919107 297094688
332181870 332225795
214084714 214269305
2609585 2616978
177807153 178037619
551752146 551794544
975364015 975565798
175860591 175867979
691750303 692208315
160546269 160813452
172665225 172675495
92685867 92866955
596992181 597097934
678773799 681450094
463127052 463301907
785737238 785803117
515124347 515327122
247516005 247560311
228969907 228970112
933301614 933795450
653719116 654108766
339625344 340271577
835646721 835849863
158947059 159071256
534648322 534837412
550018533 550454598
834080290 834125785
276456924 276689568
905025946 905097948
650415212 650784877
841126499 841321995
647895326 648131270
163360290 163565960
413566719 413573234
456827661 457095343
871482913 871529877
721445724 721858814
158508954 158910928
56471118 56802742
141017632 141263126
225295873 225333295
420460496 420982154
710711334 710869545
552629869 552733385
251591364 251698923
389742827 389773936
390733891 390753105
496998772 497068842
630118593 630360053
75941524 76115373
496452772 496454437
726324980 726590631
587353342 588069099
925547222 925868457
699286307 700109583
563017598 563122996
61848545 61998851
573887850 573933685
209171017 209440064
872234971 872517821
922935791 923000366
575212768 575302997
250138825 250296098
616327198 616391693
690087970 690185111
876608185 876863211
962736186 962748895
173170894 173180842
31857437 32385665
34235714 34414176
923469665 923725997
179511301 179559140
211463998 211469736
47371274 47837632
460606834 460991863
191389398 192060479
996640872 997085323
216313411 216394617
152656414 152813931
663000274 663696392
214779566 214818963
40345210 40542266
72539906 72718628
412507107 413539646
495910426 496240686
180754359 180883550
195990720 196341823
553821524 553849957
253424920 253581501
547071150 547663927
305343028 305476733
625471325 625503941
703187806 703561533
768466327 768509523
657618601 657646262
723057774 723101813
236021347 236574770
183084084 183136077
136595697 136948780
245504702 245604641
162346093 162550536
140866991 140897739
724472825 724524669
256572085 256781621
530251524 530474093
849934950 849950924
489724224 489759952
522279023 522798978
825311938 825491077
533902227 533945359
840039533 840114452
372328595 372335301
512987582 513001497
656343385 656441923
898057650 898260777
492490028 492809369
703010179 703090027
712709068 712819287
646381062 646855653
921104398 921244744
400556986 400953338
251758824 251786694
557776404 557785063
492157826 492172099
332685051 332806631
271110077 271132803
771143498 771641095
866408778 866433945
817890964 818246817
803757504 803766737
450109347 450547562
982950409 983119890
31034998 31272947
758217075 758305471
218082625 218166550
887431577 887718639
120572534 120718118
571323378 571474935
525749113 525751993
182286484 182883305
736964656 737419040
230981099 231260194
110112257 111455086
642808854 642965035
998409243 998617551
166377856 167059120
392545401 393025615
452334995 452497092
539223780 539453302
611572639 612130269
223771955 223807407
167347962 167404935
114626011 115590835
269937754 270709043
2033545 2309909
348373811 348559570
254212910 254244153
990869254 990960329
98290836 98947095
217635046 217993403
68772527 68989276
911255302 911382145
203497829 203687213
818733541 818777480
53454405 53550457
877565925 877602658
819645799 820356994
704579139 705047278
423391156 423585908
338172301 338410789
286475801 286544414
126581815 126869989
122024012 122046134
596400745 596593323
277591990 277940773
926218337 926297146
817583425 817742642
113855635 114341760
630670491 631053544
317165534 317303804
146137511 146162018
311828950 312078741
583961456 584312185
128501172 128673666
423879369 423885886
373016282 373113840
177331703 177467292
981483599 982027344
524307443 525537168
143097890 143357545
551836096 552064674
113168333 113492127
461903293 461969910
471208051 471276532
267189228 267765219
776167715 776234512
993734096 993945185
28310490 28410644
720796407 720852543
297532497 297559875
850308187 850371097
286986968 287114097
50819045 51186202
733015173 733030901
113516868 113543308
776461065 776483300
136211008 136290846
984287810 984484841
150048551 150695810
861367073 861792181
650260055 650321137
298781811 298937171
782523909 782842242
135427115 135812222
855624659 855735595
371386605 371692760
233316409 233497248
205752562 206052211
1206268 1274241
465887705 465956577
760979939 761030247
68257114 68662113
64386863 64619766
329628174 329818543
203284170 203484201
558823188 558946690
71102170 71286141
375445268 375672465
890171058 890958243
284729362 284866219
788494057 788535543
51525946 51729507
518513541 518746124
479585368 479807440
176563625 176756745
479920920 479937749
209541169 209811424
412236394 412455542
798574383 798641636
289231886 289801911
783582107 784056612
866863497 866876272
273468372 273832649
216725132 216836123
538051408 538828451
156935058 157223061
895722942 896058779
111990432 112079413
355264468 355327411
256854958 257891891
696458167 696667215
298937611 299209806
265688634 265776539
964767866 965114245
570581703 570710441
857285962 857626887
997162941 997240482
262694161 263202096
450948952 451174453
228884255 228933929
918300032 919223893
362831026 363485570
386535408 386684010
931865943 931923630
334701517 335054892
367448974 367564096
59552611 59591811
123558432 123746987
611028598 611346468
992913991 993051308
361563320 361690390
893877345 895220431
153288974 153293994
321508973 321917841
185955300 185994731
503385743 503391626
253935276 254059659
124613550 124663287
285146405 285213711
550638972 550771121
403415168 403434633
98982645 98990973
190965802 191147887
559589744 559898281
656567504 656968924
943273971 943322340
127020578 127138886
423206083 423390644
292661184 293134673
182951721 183016117
418462967 418801612
855083101 855141058
44432857 44481165
721025770 721114870
434714568 434816924
874806322 875156014
730915874 730963537
60717440 60981637
149273557 149622292
338839947 339155486
640427477 640570568
201315231 201407949
620467753 620818588
410022492 410378059
263490476 263555271
286056185 286454394
407484774 408311534
124410153 124435013
226567661 226964399
399451179 399531867
891290771 891556649
405901821 405942126
308703321 308804314
214479399 214587911
509114479 509571691
905201224 906338251
850646026 850774287
873075830 873232500
783346265 783415235
184337731 184388551
411313047 411316747
393187504 393425551
264493830 264528303
709954358 710001470
754243463 754400630
642245979 642310917
978240109 978744248
986995865 987409518
97357741 97426171
23255105 23363675
825035329 825053501
658094688 658168212
860792336 861062815
292583790 292588290
814390334 814499250
555364605 555370460
445423694 445651124
215200271 215422410
666586320 666759503
267785834 267786485
388188716 388788936
667480857 667623587
235458500 235834251
952248949 952531385
626377514 626844698
356433464 356589414
870326554 870893789
809317887 810692463
21075608 21103335
291685511 291960409
458937579 459722147
472545420 472781817
353200601 353334996
764974741 765284063
984885880 985228688
502236998 502397183
252644730 252681416
123230913 123411264
782008195 782244527
483853263 483889680
318263746 318328976
493744240 494285907
229933730 230143153
210740120 210792423
139967495 140232945
103736910 103755423
865005715 865090342
921484687 921587871
161119842 161180530
752595268 753011813
825760912 825903575
891185058 891219697
330795777 331075987
769047049 769364061
429376485 429401022
81642296 81831228
225188627 225254643
627328805 627813501
321026122 321353584
233947507 234370715
527862242 528352383
1531862 1654793
174843438 174884324
507398540 507580567
694781170 695681013
334301374 334500481
362184457 362240084
731683413 732207344
510390372 510557199
645371217 645799676
141417100 141516322
963688618 963897174
853349674 853379906
652125227 652222413
602759979 602883248
64621882 64882231
59918829 60365562
275827015 275923973
807253952 807649022
755461372 755502795
655033155 655173858
999646341 999892353
873750350 874179931
432231674 432444673
742473895 742561652
655883427 655935404
586135905 586329421
385320939 385401956
206955822 207188485
266817559 267100307
69204589 69336646
59235191 59488269
188677974 188773148
96823403 96859884
152908272 153132952
884586363 884760110
459780968 459923602
486480289 486503767
155190116 155255921
320105680 320122197
310595710 311144168
801843003 802242753
993180467 993400185
858252860 858626728
534053582 534144638
483138471 483322335
332292948 332436811
37832529 37978436
46939706 47034948
299839109 300452890
133239794 133473755
831675908 831784107
349735652 350004215
350219977 350527423
326303588 326503968
769560850 770383672
108881808 108920045
960727711 960776780
48013257 48576555
789004812 789160335
673941556 673952511
921950341 921971923
616247149 616266308
234548737 234605451
452594849 452630083
614456319 614681031
512539892 512675917
908874448 909023440
846273018 846335804
563185021 563590186
800453847 801485934
323835202 323941807
724079392 724414278
385619636 385631337
735820790 735823787
158236101 158508438
21378645 21565968
358473839 359164273
299534306 299673329
278231099 278238615
41594079 41892828
620852543 620871595
482751277 482969594
306838211 307567491
634268361 634331166
489987914 490119152
632005440 632346543
504766263 505642274
817240497 817252570
49581385 49582287
912580385 914104392
700560174 700621028
725349632 725380206
144698505 145120341
484963013 484990339
366395669 366415806
173514804 173952153
279187140 279417305
499421174 500249312
982509982 982785966
754831395 754987642
451258927 451422053
264572197 264859838
726962586 727056920
417405131 417656716
882982429 883223895
541369784 541467044
848881536 848933875
15904030 16449484
72771221 73058345
410457720 410918246
178233595 178371351
236702154 236756317
170253460 170848782
71941020 72156413
31473625 31541040
383478225 384087423
116294459 116877542
645925229 646348317
104931662 105509917
375931600 376053926
476675995 478403476
149686454 149804815
24689928 24834528
400289039 400376983
443688807 443819403
462560149 462619910
634694072 635280985
633012550 633395205
901397678 901469350
468727193 468805502
888872280 889419612
368929529 369190428
222545114 223014392
862226360 862788423
245861112 245960656
86217280 86226648
498595196 498715521
197424121 197453444
154058559 154535494
648730222 649093737
883721221 883760351
32808625 33283266
428576301 428746857
919836137 920111618
600339492 600628103
896674175 896709068
298466244 298690535
17999500 18434576
147628428 147805478
582514767 582917215
87741853 87755907
387462245 387832187
863244718 863741890
757304206 757592063
116207214 116221970
48579378 49134603
355676254 356201527
296479027 296707471
391691201 392492540
139330744 139339507
677568479 677604268
452859045 452962862
224875587 224896712
465667956 465704990
281911296 282327279
641839615 642091661
54065266 54479529
365821160 366003122
710168745 710179869
569588772 570069710
619433851 619530531
249723122 249924968
11884297 12322337
881440905 881606908
402305893 402760140
526299804 526807006
202447357 202571635
82703503 82852650
41422613 41571472
94891426 95480289
828389583 828539269
775217176 775617948
202872595 203137190
337939140 338103006
296053554 296232353
351120511 351245022
46031966 46354643
900246212 900274287
790855450 791518180
255262423 256234619
40717330 40810576
745595131 745640967
946774301 946883976
628291888 628349383
178497184 178518376
713056107 713917368
480888293 480909325
44060942 44176732
163981528 164090571
332501541 332506541
781287886 781392954
331166465 331744879
859483734 860369802
162986972 163111468
870932127 870937561
198402898 198692928
934102512 934125861
595982748 596230362
588079751 588201018
733334054 733432223
836239004 836930237
86453311 86524649
589566064 589839517
37312659 37321089
673015189 673914330
211659485 211798255
946249457 946267832
574134778 574217512
795342767 795392036
840964513 840985856
457839325 457902218
617108454 617209584
882459865 882490023
716363230 717211387
824012700 824300898
662716703 662732081
49730756 49784375
943826668 943915586
812711878 813674884
275721726 275809483
812408839 812425746
87624673 87715442
638698575 638786411
788557607 788559690
880710293 880930775
357120987 357401915
125991688 126047610
134256229 134626882
548663699 548959108
743304056 743654455
379410539 379646206
943994997 945283990
473404088 474074477
22210096 22593408
813732544 813933914
779787618 781264980
102022938 102196781
509637788 509693950
7376929 7639898
453082130 453207831
750102193 750621703
106576034 106589496
466286182 466633391
676491292 676581490
133579429 133618592
398824847 398912921
417092239 417326494
209846186 210231997
503542323 503584802
922478901 922529205
676629942 676835448
602971698 603088622
564380564 565060112
750689014 750756953
867499333 868015107
394277517 394488179
722686685 722888284
818929439 819557275
804883151 805477502
288992499 289082072
647005036 647448572
718274932 719035251
276022947 276367403
573037509 573466709
416743742 416872297
213668438 213720576
157373328 157379043
346150116 346322535
332680379 332681901
390110819 390392512
314570927 315605043
406898418 407185299
322318921 322849070
207546178 208475897
242626767 243208116
69554482 69726925
100643135 100672773
833376702 833488675
346647750 346979876
840146607 840354762
668556987 668765605
727523676 727630636
884157060 884572155
324697717 325265966
892472799 892986321
661376012 661430138
701268727 701552486
631146056 631517717
613020640 613169786
568343799 568660084
350031617 350119755
368716695 368763635
313277179 313448391
455423534 455729512
908634093 908774590
28273073 28277478
290340976 290405751
821477066 821538512
344270230 344534928
130785895 130877257
545318890 545405011
2752727 2903039
968657911 968725289
476503824 476510286
443975115 444686663
351346726 351883556
583615909 583690768
904046125 904107612
238201500 238343101
456089207 456505010
723402753 723495186
319890357 320000448
712061810 712111891
532786082 533402196
195845801 195914716
567257965 567275893
72441540 72464286
475947561 476206879
949517377 949759972
643345914 643352664
359326367 361037941
973048350 973084340
349524546 349571853
281164538 281642416
847742389 847789730
830268723 831241987
468469342 468679721
774436065 774976864
760195027 760520195
63958330 64368402
572203559 572379326
187698336 188063401
408621224 408906723
27312515 27345174
607381190 607925598
641557892 641650097
983591893 984062796
896161106 896355537
14548643 14578829
27497113 27571693
989434193 990173850
655671984 655740772
965215225 965545316
437843116 438006697
250004317 250095577
6100212 6643058
148032958 148682308
487208235 487537055
585500195 585825159
577891960 577966967
987541921 987634729
136132412 136197069
237050275 237223738
622453796 622705643
322922738 323750866
87132202 87186279
192092651 192904107
949293743 949389635
112399379 112566724
975244123 975292184
559072472 559193867
734434827 735682858
324501952 324633148
456592919 456688291
246123114 246816357
795046910 795164287
468918465 469352762
480807509 480881615
586370874 586401508
189165436 189469021
548647373 548660554
886452457 886617423
105576520 105630825
380268625 380615729
44504204 44829937
917297637 917341206
690995965 691379699
377383321 377560274
725471949 725868185
869774704 869874784
971004149 971092155
294770162 295251187
88913993 89185269
812440560 812451468
419898101 419992731
811313242 811444201
896425130 896532725
343663430 343875040
497136187 497308809
472077322 472311471
759598895 759995426
571665260 572050598
16484023 16620453
25601047 25637940
261537223 261774844
280256859 280507093
862813305 862819753
639309044 639508827
855256188 855292000
287450864 287730426
553607507 553766829
937075160 937198205
38822808 38883578
820772558 821473427
562525477 562673543
440633505 440691187
241995639 242494750
896848269 896848769
60410290 60704377
145207294 145380242
290713657 291373769
583226750 583606082
658975285 659448557
845928149 846126204
283562571 283853154
22681694 22723411
300565988 300823339
156327254 156604349
197094197 197104002
474784158 474966316
845272809 845440148
249175305 249278781
234785547 235009083
787518387 787631325
643398885 643552464
542736941 542907424
591711910 591865857
707285626 707533258
42608298 42836106
561824826 562408355
503999487 504015151
969541150 969726206
899740640 900068468
845508872 845630909
327843780 327863935
475144900 475767295
45813522 45953280
330091724 330126593
244952807 244993226
565198071 565373962
66320755 66329392
343935565 344038954
421059064 421352655
633512439 634097826
116015466 116140941
85873908 85980393
407340476 407479557
366575883 366791446
75234353 75512975
142825100 143006538
871659881 871779155
204064658 204753559
950444457 951527447
635796855 636289589
959567032 959970441
453962570 454093594
258045860 258148570
438420727 438559148
52273605 52375327
749584513 749925540
569055851 569065767
883529034 883714704
872160286 872169506
500677748 501333573
925911723 925935221
557062169 557148639
637178993 637300078
486248645 486407684
750801026 751760498
230564979 230675546
96122933 96204610
665359699 665375658
837035804 838001155
375188175 375253400
684930988 685122002
687996361 688587022
624703264 625005639
816528887 817116026
364967864 365708447
418034796 418157336
180279356 180609211
485939455 486068033
22723965 22873234
993999244 994226379
31560595 31816882
69767174 70129460
184285039 184321544
515661695 515735375
808758080 809176443
850546007 850624852
573744540 573833110
345215161 345592492
89276074 89585667
614087620 614189343
941623716 942131926
671661411 672379658
270823170 270833229
288911196 288980340
757800414 758100078
981146445 981416550
598752056 598807544
927964674 928214203
70243560 70764874
371026774 371295816
954462012 954723711
957042656 957615029
775647312 775951582
402134150 402134621
773931433 774034267
130890030 131027532
80523329 80529702
702566159 702654628
901643571 902953825
212832083 212894685
709369770 709395265
199947790 199954879
213852426 213883718
829695261 829874004
553251139 553308811
168117791 168171796
911096799 911216165
349615634 349691535
419472852 419663620
852491427 852655232
230284654 230329591
943541506 943650665
352364179 352715598
122905577 123066653
747953982 748018282
100921268 100994252
100255651 100291000
948720910 948834707
92889424 92921852
333424478 333688252
842770073 843046649
898778660 898907931
584615676 585352585
806676477 807145539
327169833 327195871
971368990 971557327
231423442 231736813
706993190 707244820
588792814 588835403
597207227 597426217
866892556 866975090
820677409 820717169
227393508 227824565
678157332 678445857
165524106 165966857
161719602 161985953
295353006 295573289
616529170 616763290
357722357 357979274
501352220 501848207
163275022 163335584
431519288 431657627
63879960 63880258
953245989 953304852
83485998 84135356
827798978 827943286
662077868 662098959
995813194 996408882
686214350 686982825
577693376 577775222
641155421 641489326
173988701 174363761
429203937 429331845
717216529 717453339
153384688 153977364
557216744 557584266
188400582 188445752
931936578 931972113
232099289 232328856
976802530 976949351
145494834 145666038
17223628 17891483
379967595 380169147
851759140 851925593
876179443 876350149
859051011 859266466
507920513 507940697
200091302 200106617
117110655 117522302
24893924 25124455
77223080 77833282
910489625 910634958
710349541 710604733
540668604 540679841
245360641 245431657
330127296 330275797
91222042 91341262
327198995 327610192
736350623 736575014
440996802 441322012
717894484 718239410
352259869 352342182
705602278 705968989
682428529 682669970
280543619 281026776
141882058 142164885
591125052 591173986
748944499 748961559
793306865 793623102
384496716 385137784
39414514 39439773
690364757 690392443
600112975 600336297
172041331 172100023
262041783 262244151
496563960 496787086
403871508 404140749
519474059 519522676
299783398 299833260
343405723 343525436
922009557 922375052
969869792 969910478
570757673 571043404
63198681 63629789
734340526 734428171
879864762 880107083
987824402 988854579
34975607 35578375
573476959 573479928
491988218 492033743
259644902 259657668
791905724 792485533
591407851 591539438
78391093 79477286
623805107 623886393
871288595 871297598
548424432 548461497
239999061 240032955
187141766 187358606
924166767 924451200
109409582 109500270
765544482 765942725
364223328 364464242
515880358 515898704
183531249 183535761
446523596 446585856
839050602 839224403
527081377 527311372
471396928 471890830
642192127 642232122
332933355 333314395
509877757 510067296
618961987 619043706
219978137 219990693
400967747 401090138
798763949 800362332
127632977 127746495
131061366 131177216
766036748 766153051
45168005 45593986
64888173 64922814
932945654 933111330
440311679 440527679
400522665 400540788
572715863 572808583
693452803 694395031
9400663 9494264
848557556 848798248
737547953 737688350
510806427 510953637
986732792 986849813
670376208 670420401
555411805 556300475
264933688 265075609
449986644 450048028
485037298 485317950
914399252 914785281
409382880 409668588
453286619 453414929
178678238 178826449
555071806 555179162
688734866 689696505
910387274 910445022
154825935 155071519
661524254 661937178
58201103 58238501
516583935 516755427
903821016 903902000
636322841 637106957
213140174 213624204
261813699 261881159
807664919 807745868
752350308 752533325
358094009 358146230
176770997 176825933
684176800 684298514
157708018 158013079
940695075 941099755
325412240 325426468
565817496 565833125
926510179 926656059
991689303 992734762
250917274 251486836
700940603 701227962
675491094 675681249
102811552 103701811
76227266 76462056
198159089 198294346
66675841 66697764
120439927 120514348
790579777 790772984
660789059 660922560
891715546 892457507
366136838 366395521
594327083 594422250
237454974 237569710
458176742 458195295
852451576 852467906
503783540 503834105
756690351 756756793
99015960 99020987
450553554 450647250
374281752 374333298
275105160 275258242
184883352 185018238
733231619 733329633
181463636 181882464
1389702 1463612
729380111 729510297
250602782 250738785
545730436 546169432
790122022 790309746
240061699 240099044
645055912 645177225
14876282 14953195
609452204 609458730
551433444 551474000
342368450 342540769
127326751 127573024
919285921 919540664
259823483 260123843
109647642 109825016
350997151 351050212
107959908 108223656
335852479 335895222
599747709 599863067
953716071 953998983
295689716 295737902
961693069 961714764
946360414 946525229
13452703 13457045
271157730 271488184
73326955 73706232
137302577 137542111
973109618 973319614
65915636 65945843
78026611 78134226
11319721 11445062
165344861 165463017
867183548 867220122
168696262 168984158
162577189 162985599
99996331 100082243
41158302 41221437
402943538 403091307
445245220 445308617
416074382 416306448
740753527 740820143
531838236 531905731
665765151 665880539
953424421 953546464
223577922 223718556
702087346 702408748
49372314 49502645
658694541 658830748
530511678 530818495
349699145 349720221
73856003 74239397
9596762 9722608
492838829 492974289
963962086 963974191
642579665 642595312
784762433 784765895
98035482 98250008
206157031 206199199
198774565 198980261
776940297 777095746
278339989 278605394
271542592 271763774
554608498 554982677
87328248 87589285
181950616 182249897
719442766 719562224
121221976 121270519
14256791 14548261
173136374 173143482
947012941 947660846
362273467 362605822
79504569 79930523
869056230 869474846
932676195 932778471
857804932 858116291
304400624 304667916
255089105 255110391
864125653 864302542
178860737 178863016
415327329 415714113
247718297 248182951
539534943 540117556
988871835 989123112
889940279 890116747
741944567 741955242
596597882 596913297
520958726 521092969
660390887 660479408
166079466 166101086
719805455 720425905
802417228 802532861
979988241 980084360
293697535 294408530
667739833 667872007
926955471 927232414
104255504 104307435
741105974 741905973
764779404 764973846
659737386 659770072
754681335 754766643
682796596 682919247
964222270 964260211
727970736 728383956
664123201 664570518
67371211 67638587
190108836 190111189
61357705 61499251
288035589 288744165
887744128 887789268
855858658 856457767
99398865 99419206
960813995 961016310
92868236 92870065
436900167 437529370
970314754 970467283
830009783 830192568
99061998 99108312
411760174 412068804
606614757 607345851
520684803 520732775
424710880 425041754
711785747 711946532
155398398 155949813
932285135 932328119
717639703 717764828
947808565 947811747
563747867 564111079
685930894 686210320
550922275 551005947
292310574 292408097
827971073 828152717
397662470 398565207
866437467 866523974
494382272 494427685
253191020 253380679
93042636 93058356
101461409 101806010
877655106 877778569
435017661 436616401
284050640 284461614
320524243 320879017
85187317 85281402
224147516 224174706
779283532 779595733
315694931 316080069
744668336 744694691
450897549 450900484
349117994 349146561
398576416 398655817
419075760 419098263
943379087 943407653
942742428 943207696
56329080 56343534
129658322 130026387
949985617 950208667
354518274 355026868
41951867 42302667
676075971 676332410
67187956 67210399
662353483 662500808
214876937 214981143
424213042 424260808
200876340 201040106
885798514 885941334
487567502 488663682
234608984 234611049
189498281 189560687
960369142 960484463
220331618 220611532
265974659 266059970
881634333 881642536
708054280 708368546
125687599 125707797
108291348 108566907
658275452 658545168
517923916 518418024
81005047 81315643
196529342 196743455
664942578 665037545
637325637 637404880
560245558 560247673
52629479 52857807
141814130 141875727
575572914 575621992
415727326 416002337
917810908 917872417
137754373 138079297
536343186 536511654
594528997 594933922
95749921 95857756
397300470 397651696
951602929 951840459
768346480 768375865
303301411 303323788
152207552 152328212
347153871 347639323
823351332 823982053
12822067 13132167
623337113 623380207
93416776 93629191
473238099 473242002
816251879 816523166
440225679 440238853
932456566 932460664
76549944 76715998
470601324 470640078
388992806 389223055
53219317 53379717
868423357 868967920
694434709 694600456
167512008 167830859
825137945 825243948
962014721 962337193
124926898 125374364
358238267 358278346
172316176 172543219
682935578 683110121
935177322 935282819
969090641 969202978
749013743 749448729
768917377 769045486
356652135 356747866
276858998 277440158
763642486 764005704
608023562 608384642
175063121 175517641
430537853 430987917
832075182 832096341
937405691 937634236
251946697 251996647
850837830 850938427
287176674 287260600
630410578 630574095
40327 1203761
225778256 226089853
962819574 963310251
193439893 193600100
882809414 882905593
38905428 38940174
848482338 848508472
17014476 17112483
518843921 519376167
945502846 946010267
995040924 995291999
934702274 934861612
826617757 827706739
429426597 430026401
248542649 248602291
522827099 522834079
408975751 409125200
763375156 763498123
448771640 449165536
777297808 777355820
431068767 431115242
58861029 58963441
342747695 343252213
299277849 299398287
26915684 27103381
238530391 239132953
761440922 761444866
983228945 983294981
578945921 579497400
258319296 258500571
540802152 540899781
227999180 228446747
622064401 622408644
20808727 20991285
915948875 916519682
201127413 201250376
952125692 952236554
950293705 950434880
948860019 948961313
219310254 219588342
336928620 337223704
957970575 958403685
804337852 804444450
972372400 972547625
369465520 370285465
843159235 843323296
181119389 181267042
844640865 844727016
446605265 447745875
346336016 346623113
253718998 253919706
753714606 753900501
935432525 936310574
151457188 151868888
113656415 113659011
8417334 8447391
53780316 53897651
16690275 16966225
784936623 785437691
10827890 11129684
834702845 834737832
95868254 95954086
907055911 907073389
649137881 649515530
291459065 291678987
29183597 29841821
493096821 493345651
216878830 217618999
745855930 746413526
312311695 312744629
66954446 67042661
454563384 455195726
797056241 797487401
461272326 461415169
4549719 4769363
424010496 424016966
590880828 590961154
930875692 931638296
972217961 972277236
612353139 612460231
964441114 964636422
340888256 341002449
938596775 939108203
177520149 177781676
971113541 971173535
542458578 542462580
128115818 128222171
67991564 68002071
742687640 742733307
929425036 930377840
132470339 133010265
81966901 82678131
778525332 779227664
170872287 171688518
832143505 832904950
290195072 290227556
732294121 732502723
467849989 468316420
76954143 77123395
546902224 546975250
971574661 971649046
308835503 309277817
239585187 239643280
84381042 84555727
956072151 956935835
613392970 613736946
557630324 557672153
84634449 84721678
805503250 805728274
83337992 83406222
6679967 6832816
847022138 847721516
795521716 796140156
567450250 567574216
111729099 111746448
601374104 601722223
353496095 353766095
667960938 668538982
265261749 265518854
148897153 149055577
730455192 730792029
244208202 244412340
200415304 200710581
190458244 190492748
97451226 97816812
729588341 729608840
67789386 67922744
172999825 173121910
91029064 91103352
553871484 554078172
378637980 379207121
241085811 241476000
345029244 345097569
175991017 176270866
719064257 719339398
143495894 144324415
710937082 710994557
305846814 305991287
34494532 34862406
535487575 535670719
419696958 419800307
632503656 632952041
179807672 180176009
270958187 271037572
309378558 309947140
495151707 495405435
396980739 397076878
519729194 520541505
210280967 210695358
91908195 91993539
123927711 124269388
457165454 457244720
532058331 532686043
101959092 101999176
758461369 758963385
592693265 594173111
483446635 483573645
377001724 377206361
383272917 383442097
887882414 888038670
914118300 914391901
344717112 344722969
977815808 977942751
269456122 269592069
220997049 221710873
756163472 756467715
760092083 760144318
33429100 33999515
655952641 656190382
975753401 976312798
581515294 582175053
948271144 948636592
128680711 128999778
587132478 587283476
259214701 259313592
310277736 310395392
405625772 405681760
734175452 734314336
932095662 932208119
231800028 231828025
131381857 131613252
772528063 772884760
728683270 728824501
603278663 603790832
438633013 438714178
705324162 705560315
318888957 319652248
997372767 997681910
230150175 230260645
117731160 118270375
186123608 186330902
197926316 198158910
105902538 106163779
826100945 826108506
268835915 269132867
43460843 43532641
130051933 130529947
75666743 75710646
399557794 400135553
642338886 642385476
204986903 205538883
898394654 898715744
380794318 381742878
193895150 193940264
617547064 618355014
508042514 508460888
729756392 730254269
228493549 228863468
937818728 938058459
225011268 225059587
38029862 38731076
650964277 651254406
451623954 451663508
904683011 904730722
35826177 36078534
731117100 731491435
395792483 396225170
893467706 893470494
376171195 376330143
690821686 690887166
588312498 588437494
977489705 977595904
928344662 928870658
260450774 260596887
595362656 595739589
821936847 822413418
56829938 57010160
566229937 566677319
580619557 580687347
511750622 511870652
517030688 517471278
439143759 439549717
293163926 293339835
489040684 489416425
856625392 857143267
23920241 24340642
40915401 40941257
39843875 39956669
214674583 214766466
146449234 146813817
260987628 261477599
811635021 811947607
263670434 263685807
1744753 1955954
622801112 622837383
543541119 544174189
236892150 237043436
263740740 263911353
142343590 142361880
260248993 260326279
714613078 714715108
751768369 752232910
822848741 823097656
401176406 401710895
393690697 393825169
490327413 491168003
386696017 386904223
18706179 18799894
530936419 531019077
81403594 81505855
20070660 20227963
215437441 215520600
706321160 706798562
766549573 767773410
724573232 725037265
304861298 304878668
541022396 541073449
21891177 21894296
578240294 578243897
451718152 452127943
986430432 986470640
317346776 317360135
875196399 875610608
171788925 171894902
38751245 38795580
5094754 5517979
9045547 9329731
521360179 521794535
273895512 273981410
370679150 370992091
18965427 19037379
808678342 808699314
220859155 220889275
754999469 755160405
244589027 244846754
639857769 640251354
141539588 141562381
814626730 814790178
828856598 829256828
57621639 58055590
47915487 48012435
787710314 788438908
644973902 645020865
376631285 376804283
498410617 498450040
989252972 989343481
947885958 948002304
711050466 711148529
540544341 540657965
74414411 74821865
683209984 683731411
958830987 959228016
93142510 93177137
697933959 698020508
898975881 899207831
921805733 921827121
125757512 125777693
669923771 670200501
965647252 966325499
985999437 986103003
305530470 305538991
682763589 682789105
601910155 602126151
551039086 551267052
547768542 547768593
574233453 575008615
510328778 510368101
845134157 845163748
848270845 848368236
352860693 352987026
590306769 590402267
372614403 372755530
912162527 912466527
978094529 978144811
762580093 762670775
995340685 995470937
760584886 760921006
50081237 50647752
640919626 641001825
399226965 399382310
727811717 727943761
23375265 23914173
535684192 535895996
692616479 693447626
304113041 304393975
481512962 482157688
835893805 836142328
491398855 491867378
89866907 89932070
955102852 955277340
439046346 439105953
285506247 285860825
684389165 684476899
948209444 948269270
307729598 308318521
909782239 910240001
899235319 899327601
625241422 625452680
507627018 507918550
225397167 225521292
65379071 65472553
675806247 676040756
961809607 962001331
93971191 94590689
952821853 952869274
260597173 260807754
484029093 484169474
906657179 906733187
933965017 934096886
549616051 549729232
320170033 320402226
397224574 397230033
565545625 565757482
126324479 126411939
803241518 803379633
13299588 13451318
230806651 230969596
184407151 184481709
36950574 37014091
637708673 637842731
29866352 29979972
196846617 197023801
341253507 341912776
936998352 937005743
980760101 981115948
712311896 712427170
218166807 219182059
714797077 714877960
619712260 620120012
777773075 778083324
904822315 904898719
195758052 195810116
497905780 498131109
732639336 732978324
104129907 104131249
854436779 854442612
363547411 364202203
906751831 906850112
789496918 789647794
232914391 232918136
434454828 434475709
325529826 325811048
100673080 100880466
144612910 144640859
342167394 342283685
674879848 675222193
8865285 9014656
134808917 135111548
284995847 285084201
738569132 740736709
333788747 334014228
485494215 485497470
108983859 109198219
910643140 910738922
535910707 536253027
199140935 199164970
551537933 551626023
99705039 99942306
684515701 684749918
183221954 183322649
984148360 984152105
463580309 464119628
449315208 449443433
412083657 412164164
663759955 663799443
252913058 253048342
843726995 843841732
521846627 522147362
194734833 194758217
248381007 248460812
889425788 889836107
865317811 866329680
876350912 876531919
13156464 13224784
181294060 181335119
610233901 610808976
30257315 30302231
215025746 215130208
55209028 56028752
403146735 403391937
835057096 835479796
369253642 369385572
861099712 861237143
669551153 669833305
920268542 920944687
796368787 796574229
817375453 817475377
222294063 222381633
366885278 367073441
881935543 881960666
107361119 107873238
703579401 703703171
37260249 37285197
240485321 240652669
441646165 442347757
430053178 430084868
71460979 71820759
318066654 318078111
464505971 465132589
886975792 887242896
793670723 794339138
19058953 19530230
628907151 629016282
382013998 382657277
942472494 942693903
46486925 46890734
250354893 250505971
559399565 559462607
223513480 223555725
615032829 615211803
967707358 967928398
600981627 601070218
189685241 189918647
215528994 215633105
652957366 653031455
529068970 529248364
648452201 648701702
991121797 991265482
754124917 754208195
194886301 194938087
974667252 975090790
839650342 840035952
744172325 744527397
280058969 280204369
936487088 936865025
974286399 974658347
103783259 103973545
704073663 704130900
712837465 712867568
628588770 628854537
396300029 396346712
150719596 150928002
195380439 195410492
267834431 267859552
301605488 301695567
571126268 571237919
186425182 187019797
897363691 897369618
971667095 972005436
738076364 738422147
262281207 262290532
190314628 190385472
162040635 162204391
605835528 606121965
915506331 915724534
895347670 895378361
860640543 860782677
28498012 29146432
467581928 467686980
368075040 368544456
65014825 65030883
980447242 980579540
979011028 979972345
240898066 241022349
528509610 528949690
458354815 458713230
221753856 221906177
681496190 682047634
139141460 139291488
537281055 537421070
686986172 687774333
54633541 54942634
443112581 443658965
821609320 821727600
18496655 18526306
589904569 590044126
613827872 613889908
26223211 26652170
112787749 113053358
169148333 169879490
164206470 165133620
229727251 229768416
580034400 580151657
910795630 910821968
159201358 160215423
764029559 764102700
616847104 617040866
853410954 853486896
298042400 298157218
745111519 745356555
692480718 692581809
374712633 374886536
421969069 422038793
651255548 651269986
608680991 608850248
101013412 101020343
784522465 784640111
106736164 107351465
544710289 545301243
591253059 591395359
748544378 748553822
58706503 58821048
966995109 967384664
387245671 387454907
960000411 960119297
88668510 88849552
413722489 414306211
310013126 310015696
577205877 577606853
63143839 63155808
470264360 470478947
841746958 842535527
558588872 558655655
639572432 639748497
857690434 857796152
129101214 129494187
824805220 824941625
