1000
52 66 64
51 24 58
89 99 24
53 27 83
20 30 60
38 42 86
98 84 81
68 94 75
34 95 60
49 82 12
60 4 35
81 40 88
10 19 24
93 7 44
88 63 65
46 14 64
54 55 33
90 44 46
3 89 23
93 56 33
76 77 17
98 16 96
18 31 51
59 32 12
65 4 76
95 48 22
26 91 72
63 75 64
62 61 67
28 17 87
11 77 41
95 96 89
15 6 27
45 82 8
87 83 49
36 58 52
42 58 88
78 36 73
50 38 54
64 73 83
34 89 12
30 0 85
82 44 80
14 1 59
79 81 48
10 79 44
18 96 78
42 65 77
3 86 8
37 29 28
81 90 78
83 24 51
84 24 61
71 40 93
90 98 71
23 19 57
3 77 61
65 84 22
68 76 80
83 72 84
29 63 55
74 7 14
41 12 4
94 67 3
78 53 18
89 52 1
49 49 33
94 82 66
68 19 45
76 51 97
98 15 44
19 80 94
19 9 37
1 73 77
15 15 46
5 35 61
40 3 32
56 74 7
17 16 19
88 24 44
96 51 7
6 69 15
19 94 37
36 99 2
1 64 62
15 61 37
51 60 67
37 3 77
21 32 50
33 99 22
9 16 0
62 58 66
29 16 32
66 57 63
24 16 87
40 71 79
81 21 21
36 79 59
35 1 19
9 53 19
59 63 97
56 57 24
63 54 6
80 7 46
71 95 19
46 31 59
82 8 84
38 53 96
34 70 9
2 38 63
87 5 76
1 27 69
14 67 54
58 70 33
5 51 84
79 91 84
13 15 35
8 29 95
23 17 31
81 90 30
20 57 11
20 67 95
60 54 0
78 44 39
60 78 81
64 3 3
27 35 94
48 54 82
33 16 40
73 82 8
41 44 8
83 30 2
77 73 66
27 81 49
24 20 52
79 11 97
48 11 20
34 57 56
68 43 91
30 3 70
92 92 58
41 94 30
70 89 53
64 43 25
95 45 90
32 83 21
67 91 55
96 52 85
98 57 64
20 67 11
12 99 35
23 14 3
91 97 29
20 56 43
38 22 88
5 50 38
36 3 50
72 33 69
34 56 54
42 26 70
5 53 48
20 81 7
56 20 9
16 22 92
84 34 4
8 12 81
33 67 75
61 83 18
77 70 22
52 55 83
55 8 73
95 90 62
46 84 88
3 55 11
5 75 75
69 19 14
85 69 54
37 44 51
58 5 83
39 44 63
99 56 65
63 72 34
82 16 56
12 94 9
82 34 55
31 20 20
97 33 41
86 9 3
44 2 39
15 63 69
33 71 57
94 38 89
81 29 20
74 41 21
74 99 59
58 75 71
11 28 69
7 67 39
26 77 26
77 55 34
2 27 52
68 50 4
29 40 12
52 68 0
12 66 73
70 35 42
25 92 97
28 3 30
48 16 38
31 22 4
81 5 39
37 61 32
96 86 91
15 62 47
95 75 1
91 42 57
77 70 9
29 65 89
24 58 58
93 88 82
8 15 89
80 42 83
68 49 1
4 23 18
13 34 80
46 93 41
81 45 53
51 79 73
55 85 59
85 19 86
88 73 85
39 43 92
7 54 86
42 17 11
28 58 19
70 75 85
46 34 35
24 44 64
48 55 87
54 44 33
6 76 54
32 72 95
60 75 71
77 62 23
30 70 89
34 60 74
81 40 26
64 11 72
93 37 59
76 70 19
3 85 84
70 83 56
41 23 27
99 49 72
48 21 10
13 15 38
66 54 80
52 8 34
45 24 8
86 57 2
66 44 81
1 35 29
34 8 52
11 80 24
45 15 77
47 24 84
60 78 19
2 86 99
61 73 97
9 73 11
28 3 5
10 65 69
9 87 83
3 58 96
19 4 36
91 11 41
12 56 11
86 30 55
95 16 40
64 35 97
37 21 50
10 23 27
11 38 65
90 54 20
98 25 81
13 72 55
36 11 46
20 40 59
31 60 29
60 1 19
92 38 58
39 90 36
42 66 63
15 55 25
4 40 8
50 69 82
99 3 71
21 87 24
91 8 90
5 46 36
92 14 55
91 62 97
48 35 76
44 69 4
28 8 56
17 28 79
47 39 88
83 1 40
50 37 49
98 20 31
45 45 81
37 89 89
93 52 97
54 84 34
26 37 39
72 74 58
59 81 95
85 52 12
88 71 11
29 49 27
52 4 86
46 21 57
48 86 61
95 52 57
91 33 77
39 28 76
22 47 28
54 18 10
97 45 62
90 59 62
3 57 46
42 50 68
7 93 98
92 40 98
45 4 67
32 3 57
43 40 81
80 27 25
3 20 49
54 91 86
36 91 12
79 63 17
31 33 83
77 18 98
49 65 40
12 78 51
26 23 5
56 13 22
64 27 42
70 43 87
65 58 56
1 30 33
33 75 75
39 26 78
88 1 84
16 5 8
51 7 24
58 57 49
29 64 80
78 92 5
92 53 42
54 6 38
67 64 38
10 45 69
39 90 81
67 42 76
61 80 98
75 60 36
39 74 6
30 78 84
87 44 70
27 69 6
31 36 83
67 42 81
62 44 22
95 3 98
18 76 51
28 4 35
63 7 15
23 34 37
74 31 73
51 87 61
26 78 85
46 56 90
71 48 77
50 31 45
0 49 8
85 32 29
76 51 71
66 86 96
71 36 44
95 85 98
22 87 25
39 82 85
80 69 43
19 14 81
26 74 12
29 64 9
90 30 2
52 66 22
59 14 72
98 45 58
92 17 68
90 15 92
62 63 90
85 9 79
57 8 92
68 85 16
86 22 71
19 30 64
47 77 34
27 50 58
64 54 60
61 12 57
63 38 83
94 22 64
5 95 38
75 92 42
25 32 67
95 62 8
41 37 90
9 47 1
2 85 41
42 27 37
45 72 5
15 63 66
68 88 31
11 34 71
2 68 3
20 2 64
19 62 81
51 56 66
71 60 37
89 0 99
60 65 14
67 65 81
33 29 77
21 44 36
40 19 99
58 35 61
55 50 95
60 40 36
84 98 4
18 90 9
70 31 80
86 16 19
12 19 61
13 64 13
99 44 28
71 62 1
66 5 59
23 93 58
50 6 42
3 20 17
50 33 50
48 45 71
85 31 61
61 51 57
17 54 44
45 19 3
51 96 94
98 61 89
73 92 81
16 86 32
91 28 39
85 40 33
5 32 8
83 24 28
24 37 61
99 16 42
32 60 86
63 65 87
61 44 31
35 67 90
97 1 3
96 59 90
24 71 3
77 41 59
25 70 27
81 90 52
82 8 79
85 51 15
63 89 51
22 60 58
91 17 26
18 10 67
81 27 3
28 84 2
92 80 65
85 0 30
74 50 98
53 8 54
83 59 22
50 76 57
30 49 41
8 65 88
43 75 98
32 44 30
42 68 74
93 71 41
35 15 16
56 52 95
71 11 37
43 52 48
6 28 27
88 2 87
22 66 75
99 84 82
39 76 15
86 38 14
67 8 85
52 61 90
68 62 21
33 73 83
28 62 11
7 7 72
5 42 13
52 64 31
45 92 72
19 14 64
20 23 22
76 85 9
92 72 23
0 89 86
32 83 94
21 91 59
56 80 46
98 67 34
24 12 48
37 68 73
4 19 60
77 34 96
31 75 53
35 12 15
19 33 77
28 3 51
68 82 12
0 1 9
55 29 14
17 58 92
62 40 83
50 51 47
57 68 20
45 40 66
23 54 84
75 12 21
78 14 4
2 14 5
31 21 74
0 7 74
65 22 62
55 57 73
20 69 98
77 18 35
53 5 29
21 74 53
45 90 75
57 30 95
98 29 3
90 34 63
89 35 27
29 36 22
13 20 91
67 86 10
67 53 97
64 24 88
75 48 40
4 54 20
38 51 29
82 45 74
49 39 70
9 87 36
33 98 20
67 64 78
83 95 19
76 39 83
34 68 87
99 46 37
7 88 53
12 82 83
89 59 42
86 69 74
74 67 12
38 48 75
68 37 11
0 84 75
83 31 94
36 80 19
94 15 7
76 10 45
57 13 64
28 98 58
82 97 46
82 57 58
19 99 94
12 78 97
8 78 22
47 45 24
68 74 12
2 1 64
65 6 14
98 12 33
55 58 86
87 21 46
12 2 92
43 30 99
66 75 14
38 58 32
58 53 38
26 49 84
41 96 78
72 90 56
51 43 43
31 4 13
10 50 18
87 32 76
84 7 53
85 10 65
49 4 53
89 18 42
60 39 60
61 13 57
43 6 61
93 53 56
52 72 26
10 66 80
97 88 1
11 98 27
20 57 54
29 30 6
21 35 37
14 65 10
99 91 7
21 40 47
17 68 94
75 99 35
8 13 1
49 0 7
93 62 85
1 86 6
49 59 9
43 44 81
16 71 91
54 70 3
6 21 60
98 99 23
91 48 20
78 80 75
41 79 62
25 32 50
60 19 95
37 68 80
33 64 5
72 82 44
82 26 94
35 1 15
26 38 41
0 99 4
32 84 17
20 26 20
57 90 23
5 59 83
77 21 97
4 60 62
46 63 5
77 40 22
88 81 31
34 77 34
24 22 95
30 42 9
16 15 84
99 2 23
77 24 77
2 55 40
6 48 61
30 2 45
81 53 49
99 10 90
0 19 79
24 79 76
46 14 60
83 2 16
74 65 2
11 35 16
95 88 78
18 6 81
85 8 48
17 81 77
96 18 97
77 88 34
43 62 76
51 22 78
18 10 57
23 36 69
55 98 50
61 44 16
25 61 3
56 61 12
87 35 20
75 0 47
92 89 40
77 17 9
35 94 48
83 38 14
21 0 49
24 67 34
89 79 27
76 87 44
28 16 7
10 66 20
49 61 78
88 56 47
79 39 34
71 13 41
25 72 29
47 73 38
14 63 56
46 94 88
61 85 54
88 1 53
22 17 97
87 78 23
65 50 72
73 55 63
27 20 82
27 46 74
88 17 35
12 45 77
92 61 41
97 54 48
9 48 65
14 79 74
92 86 50
38 99 51
99 72 92
54 18 3
6 77 81
4 90 73
8 88 49
61 36 98
76 9 16
15 57 44
39 53 13
70 8 17
53 6 92
85 75 61
96 58 76
73 64 43
76 19 46
40 95 22
80 16 72
30 81 15
77 58 69
84 92 37
25 17 4
65 96 10
49 88 72
42 92 85
10 42 52
53 69 4
92 19 79
21 74 31
13 67 94
52 90 36
53 30 60
61 18 4
14 64 97
27 63 14
86 53 18
46 30 3
95 88 59
68 61 3
67 0 66
7 1 50
93 20 56
22 21 85
26 11 79
93 35 2
31 22 35
82 64 65
35 6 92
84 92 86
44 56 26
53 54 44
47 44 98
71 18 98
76 90 69
59 1 72
71 54 66
3 74 82
48 18 66
12 70 73
68 23 82
23 4 87
44 64 55
91 53 80
6 43 70
2 42 79
38 42 61
58 52 4
63 95 50
30 79 3
71 98 66
61 34 21
75 49 33
37 34 22
59 72 4
12 58 55
68 3 25
40 58 70
87 53 19
24 99 86
54 75 74
71 46 76
72 72 93
60 71 70
22 78 95
13 4 78
88 45 98
35 11 51
33 50 57
22 32 10
34 31 27
86 83 0
8 2 21
99 41 78
28 72 53
97 93 30
23 59 28
66 29 68
51 98 82
79 73 64
48 4 63
48 51 78
47 54 85
45 80 14
31 81 35
70 2 1
21 67 4
29 35 28
47 13 16
37 73 8
39 1 27
6 95 34
9 70 4
64 27 48
81 65 56
92 52 15
90 49 48
12 79 83
0 42 31
86 85 9
19 41 19
88 15 52
96 67 1
62 60 86
24 67 36
13 39 43
4 82 3
1 97 38
60 42 23
88 81 67
47 37 15
74 14 86
46 90 64
73 48 2
63 20 24
23 66 73
28 71 26
28 35 6
20 36 44
36 92 22
89 81 8
69 41 52
55 40 47
1 19 7
65 51 15
99 77 26
57 65 47
75 38 87
89 27 69
14 50 27
28 17 64
75 79 5
78 2 46
15 54 56
91 34 20
0 66 54
81 34 67
61 21 67
4 30 37
24 97 89
54 46 90
28 33 61
8 1 28
72 80 22
31 51 58
40 65 69
87 77 47
83 72 66
20 79 65
53 48 21
27 60 80
22 18 91
96 47 83
82 89 55
99 78 39
42 15 59
20 15 86
76 23 31
58 19 83
83 28 8
57 39 23
50 21 17
12 99 85
6 77 27
0 29 77
37 77 34
98 22 22
1 48 72
38 88 87
48 3 8
1 32 68
5 69 86
60 61 29
87 89 69
25 45 86
32 65 89
65 98 24
29 46 39
40 44 67
89 62 93
81 13 12
36 41 15
42 25 1
85 28 55
63 60 35
74 86 27
36 85 52
6 91 45
24 49 30
60 54 86
7 7 38
42 25 76
65 53 76
1 56 9
29 63 79
23 27 60
51 99 65
13 33 39
33 37 45
75 46 24
47 28 59
21 53 20
85 40 59
40 18 61
78 94 80
11 65 51
66 10 64
70 84 74
48 99 65
77 56 30
88 57 54
66 9 39
87 66 47
1 67 46
97 81 10
15 62 52
62 83 47
12 74 14
21 83 25
28 24 49
1 89 89
94 28 16
29 81 74
40 24 22
17 25 63
13 60 32
94 37 65
39 42 39
31 98 44
64 44 38
5 90 48
4 36 7
32 38 31
16 72 50
70 75 30
37 70 86
20 93 40
50 70 4
64 45 50
75 58 1
22 43 52
47 1 48
5 12 70
84 64 67
52 57 31
45 25 92
8 95 15
43 48 16
