39 30 3 15 31
2345
16 39
40 114
20 39
40 100
40 99
40 52
40 117
18 39
12 39
40 73
40 92
40 41
40 105
40 53
10 39
24 39
40 113
40 109
40 47
40 58
23 39
9 39
40 71
40 61
40 46
38 39
40 90
22 39
37 39
31 39
40 89
27 39
40 104
40 84
35 39
40 76
33 39
40 98
21 39
6 39
40 62
40 82
28 39
40 107
40 91
40 110
14 39
40 94
70 72
16 69
70 114
69 69
70 99
70 117
70 75
68 69
18 69
49 69
70 101
70 96
5 69
70 79
70 73
29 69
42 69
70 105
54 69
10 69
55 69
48 69
23 69
65 69
9 69
61 69
43 69
62 69
47 69
22 69
67 69
31 69
70 104
70 84
70 95
35 69
70 85
21 69
17 69
57 69
70 82
70 107
70 91
70 110
14 69
70 94
16 72
20 72
51 72
11 72
73 103
64 72
73 117
52 72
68 72
12 72
73 79
73 77
73 105
54 72
10 72
24 72
50 72
48 72
59 72
30 72
23 72
46 72
73 108
73 80
65 72
9 72
43 72
47 72
73 102
38 72
73 97
73 90
22 72
37 72
31 72
73 89
44 72
32 72
27 72
73 116
73 74
73 88
73 115
73 76
6 72
17 72
63 72
4 72
73 82
73 110
73 86
73 94
16 87
88 114
8 87
20 87
88 100
88 99
51 87
64 87
52 87
68 87
49 87
88 101
88 96
5 87
74 87
29 87
88 92
88 105
10 87
24 87
50 87
48 87
59 87
46 87
88 108
81 87
9 87
47 87
38 87
88 97
67 87
37 87
45 87
15 87
88 89
85 87
88 88
35 87
60 87
77 87
88 98
6 87
88 112
63 87
4 87
83 87
28 87
88 107
88 110
87 87
16 99
16 50
16 52
16 63
16 117
16 51
16 67
16 17
16 48
16 101
16 18
16 96
16 79
16 28
16 105
16 53
16 54
16 23
16 49
16 109
16 47
16 58
16 108
16 60
16 61
16 46
16 102
16 37
16 44
16 89
16 43
16 31
16 26
16 116
16 104
16 84
16 74
16 95
16 88
16 115
16 85
16 98
6 15
16 27
16 107
16 91
14 15
16 86
69 114
100 114
51 114
11 114
104 114
64 114
115 117
76 114
68 114
49 114
102 114
19 114
5 114
74 114
78 114
93 114
106 114
55 114
24 114
114 114
48 114
30 114
23 114
46 114
81 114
65 114
9 114
62 114
47 114
38 114
98 114
67 114
37 114
45 114
15 114
31 114
90 114
32 114
27 114
115 116
105 114
85 114
115 115
35 114
60 114
33 114
86 114
99 114
6 114
83 114
14 114
87 114
95 114
8 100
8 99
8 50
8 111
8 52
8 63
8 75
8 51
8 38
8 48
8 101
8 96
8 77
8 28
8 92
8 105
8 53
8 54
8 23
8 49
8 109
8 47
8 58
8 29
8 108
8 80
8 64
8 8
8 60
8 71
8 61
8 46
8 97
8 90
8 21
8 44
8 14
8 89
8 43
8 26
8 84
8 95
8 34
8 76
8 32
8 85
8 20
8 112
4 7
8 91
8 13
8 94
20 100
20 68
20 50
20 111
20 52
20 63
20 75
20 51
20 67
18 19
20 92
20 105
10 19
20 54
20 23
20 47
20 29
20 80
20 64
20 46
20 102
20 97
20 90
20 66
15 19
20 30
20 84
20 74
20 95
20 88
20 115
20 34
20 76
20 32
20 85
20 20
6 19
20 62
4 19
20 27
20 107
14 19
69 100
51 100
64 100
76 100
18 100
19 100
5 100
80 100
74 100
29 100
93 100
42 100
10 100
24 100
101 109
23 100
101 108
65 100
9 100
47 100
101 102
38 100
37 100
15 100
90 100
32 100
27 100
101 116
101 104
85 100
89 100
101 115
35 100
60 100
33 100
99 100
4 100
28 100
101 107
14 100
95 100
69 99
51 68
11 68
69 111
69 103
64 68
69 117
52 68
68 68
12 68
39 68
69 101
69 79
69 73
69 92
10 68
55 68
24 68
43 68
47 68
69 102
67 68
37 68
45 68
15 68
44 68
69 74
69 95
69 115
35 68
69 76
33 68
69 85
21 68
69 112
4 68
57 68
28 68
69 110
14 68
69 86
69 94
100 103
53 99
76 99
52 99
66 99
100 101
19 99
78 99
29 99
93 99
42 99
54 99
59 99
23 99
46 99
100 108
81 99
65 99
9 99
38 99
22 99
67 99
37 99
90 99
44 99
32 99
100 104
75 99
89 99
100 115
35 99
60 99
99 99
100 112
63 99
4 99
83 99
28 99
100 107
92 99
100 110
14 99
11 50
51 117
51 75
51 51
51 65
39 50
51 101
51 96
51 79
51 73
51 54
50 50
48 50
51 58
51 108
51 80
51 71
51 61
47 50
51 102
38 50
51 97
22 50
37 50
44 50
27 50
51 104
51 74
51 76
51 98
21 50
6 50
51 112
51 62
51 56
51 82
28 50
51 107
14 50
51 86
51 94
11 111
11 52
11 63
11 51
11 65
11 11
11 38
11 48
11 101
11 79
11 105
11 113
11 109
11 58
11 29
11 80
11 60
11 97
11 66
11 30
11 43
11 104
11 74
11 95
11 34
11 59
11 32
11 85
11 98
11 20
4 10
11 110
11 13
11 86
11 94
64 111
52 111
66 111
18 111
12 111
39 111
49 111
5 111
78 111
93 111
106 111
54 111
10 111
55 111
112 113
50 111
59 111
30 111
46 111
109 111
47 111
38 111
67 111
37 111
90 111
32 111
112 116
85 111
96 111
112 115
35 111
60 111
33 111
86 111
21 111
112 112
4 111
57 111
28 111
108 111
95 111
64 103
52 103
68 103
66 103
18 103
39 103
102 103
19 103
97 103
78 103
29 103
104 105
54 103
55 103
50 103
104 109
23 103
46 103
104 108
65 103
72 103
43 103
62 103
47 103
22 103
67 103
37 103
15 103
31 103
90 103
104 104
96 103
89 103
35 103
33 103
86 103
99 103
21 103
6 103
104 112
4 103
28 103
104 107
92 103
104 110
87 103
95 103
53 75
53 65
18 52
39 52
53 101
29 52
53 92
42 52
24 52
50 52
53 109
9 52
47 52
45 52
53 89
53 116
53 84
53 95
53 115
53 98
21 52
6 52
4 52
53 56
53 82
53 91
14 52
53 86
53 94
64 75
52 63
64 67
39 63
49 63
64 73
42 63
10 63
24 63
64 113
50 63
48 63
59 63
64 80
64 64
61 63
43 63
64 102
38 63
64 90
22 63
37 63
45 63
15 63
64 116
64 104
64 88
64 76
64 85
64 98
21 63
6 63
63 63
28 63
64 110
64 86
76 117
52 117
66 117
39 117
19 117
5 117
80 117
106 117
54 117
55 117
50 117
110 117
48 117
109 117
9 117
43 117
62 117
38 117
22 117
44 117
117 117
75 117
96 117
89 117
116 117
33 117
86 117
99 117
17 117
83 117
18 75
12 75
49 75
76 101
19 75
76 96
74 75
29 75
76 92
42 75
10 75
24 75
59 75
23 75
46 75
76 108
65 75
9 75
61 75
62 75
47 75
76 90
67 75
45 75
15 75
31 75
27 75
76 104
76 84
76 95
76 115
60 75
76 76
33 75
76 98
21 75
6 75
17 75
63 75
4 75
57 75
28 75
76 107
76 91
76 110
14 75
76 86
76 94
52 65
39 51
5 51
52 77
52 92
52 105
52 53
10 51
52 54
52 113
50 51
52 109
23 51
52 80
52 64
9 51
43 51
47 51
52 102
52 90
22 51
45 51
31 51
27 51
52 104
52 74
52 88
52 115
52 59
52 85
52 98
21 51
6 51
17 51
52 112
52 62
52 82
28 51
52 86
52 94
18 67
12 67
49 67
68 96
68 73
68 77
29 67
68 92
42 67
68 113
59 67
30 67
46 67
68 71
62 67
68 97
68 90
31 67
27 67
68 116
68 84
68 88
35 67
60 67
68 76
17 67
68 112
4 67
68 82
68 91
68 110
14 67
68 86
68 94
18 65
39 65
49 65
66 101
19 65
5 65
66 79
66 73
66 105
48 65
30 65
46 65
65 65
61 65
66 71
62 65
47 65
66 90
22 65
66 66
15 65
31 65
32 65
35 65
66 76
33 65
4 65
66 82
66 110
66 86
66 94
12 17
18 38
18 48
18 18
18 28
18 92
18 105
18 23
18 49
18 22
18 45
18 80
9 17
18 46
18 37
18 90
18 21
18 44
18 30
18 89
18 31
18 116
18 84
18 88
18 115
18 34
18 85
18 98
18 20
6 17
17 17
18 112
18 62
4 17
18 107
18 91
18 110
18 86
12 101
12 96
12 28
12 41
12 53
12 58
12 29
12 22
12 45
12 64
12 60
12 71
12 42
12 61
12 66
12 89
12 116
12 59
12 76
12 20
12 112
39 101
19 38
5 38
39 79
39 77
39 105
39 53
10 38
39 113
39 49
39 109
39 45
39 108
39 64
39 61
39 46
37 38
39 43
39 84
39 88
35 38
39 98
21 38
17 38
39 62
39 82
28 38
39 91
49 96
5 48
49 79
49 77
49 53
49 54
49 49
49 109
49 58
30 48
23 48
49 108
49 97
22 48
45 48
31 48
44 48
32 48
27 48
49 116
35 48
49 59
49 76
6 48
17 48
49 112
49 62
49 56
14 48
49 94
19 101
97 101
5 101
78 101
42 101
102 105
10 101
55 101
24 101
102 113
50 101
102 109
48 101
102 108
81 101
72 101
47 101
102 102
38 101
98 101
22 101
45 101
31 101
90 101
44 101
102 116
85 101
35 101
60 101
33 101
86 101
21 101
6 101
102 112
63 101
102 107
14 101
19 73
19 41
10 18
19 109
19 64
19 46
19 102
19 37
19 90
19 21
19 36
19 31
19 26
19 116
19 74
19 95
19 88
19 115
19 34
19 59
19 20
6 18
19 112
19 91
19 110
14 18
19 86
19 94
5 96
74 96
78 96
29 96
54 96
23 96
72 96
97 97
22 96
67 96
37 96
45 96
90 96
32 96
27 96
97 116
97 104
89 96
97 115
60 96
97 98
21 96
17 96
63 96
4 96
57 96
83 96
92 96
97 110
14 96
5 77
5 41
5 105
5 23
5 109
5 47
5 58
5 8
5 71
5 42
5 61
5 46
5 97
5 21
5 66
5 36
5 14
5 43
5 26
5 116
5 104
5 84
5 88
5 115
5 59
5 76
5 32
5 62
5 56
5 27
5 107
5 91
5 13
5 86
5 94
80 92
10 79
55 79
24 79
80 113
50 79
80 109
48 79
59 79
30 79
80 108
9 79
72 79
62 79
47 79
67 79
37 79
45 79
15 79
31 79
80 89
44 79
32 79
27 79
80 104
80 88
80 115
60 79
77 79
21 79
80 112
63 79
57 79
80 82
28 79
80 91
80 110
14 79
80 94
74 92
10 73
55 73
74 113
50 73
74 109
48 73
59 73
46 73
74 108
74 80
9 73
61 73
72 73
43 73
47 73
22 73
67 73
37 73
45 73
15 73
44 73
32 73
27 73
74 116
74 74
74 95
35 73
60 73
74 76
33 73
74 85
63 73
28 73
74 107
74 110
74 86
74 94
78 92
42 77
78 105
10 77
55 77
50 77
78 109
46 77
78 108
9 77
62 77
47 77
78 102
78 97
78 90
37 77
15 77
78 89
44 77
32 77
78 84
78 88
60 77
78 85
21 77
6 77
17 77
78 112
4 77
78 86
78 94
29 41
29 105
10 28
29 54
24 28
29 113
29 109
29 47
29 58
23 28
29 64
9 28
29 60
29 71
29 42
29 46
29 102
29 97
29 90
29 66
29 36
15 28
27 28
29 116
29 104
29 84
29 95
29 88
29 115
29 34
29 76
29 98
21 28
6 28
4 28
29 56
29 82
28 28
29 107
14 28
29 86
29 94
93 105
54 92
55 92
24 92
93 109
48 92
59 92
30 92
46 92
81 92
61 92
47 92
93 102
91 92
22 92
15 92
44 92
27 92
93 116
93 104
35 92
77 92
33 92
93 98
21 92
93 112
57 92
83 92
93 107
93 110
14 92
87 92
10 41
42 54
24 41
42 49
42 58
30 41
42 45
42 108
42 64
42 60
42 71
22 41
42 66
42 44
15 41
27 41
42 104
42 74
42 115
42 59
42 76
33 41
42 85
42 98
21 41
42 112
42 62
42 56
42 110
42 94
54 105
24 105
106 113
106 109
48 105
59 105
81 105
9 105
72 105
62 105
47 105
103 105
38 105
67 105
37 105
45 105
15 105
31 105
44 105
96 105
106 115
77 105
33 105
6 105
106 112
63 105
57 105
83 105
92 105
14 105
87 105
24 53
54 113
54 109
48 53
30 53
54 80
9 53
54 60
43 53
54 61
47 53
54 90
22 53
54 66
15 53
32 53
27 53
54 116
54 104
54 84
54 88
54 59
54 76
54 85
6 53
17 53
4 53
54 56
28 53
54 110
14 53
10 23
10 109
10 58
10 22
10 45
10 64
9 9
10 71
10 42
10 37
10 66
10 30
10 26
10 104
10 88
10 59
10 32
10 85
10 98
4 9
10 56
10 27
10 107
10 91
10 13
10 86
10 94
24 54
50 54
55 109
48 54
55 58
55 108
9 54
55 60
55 71
43 54
55 102
55 97
37 54
15 54
55 116
55 74
55 95
35 54
55 85
55 98
6 54
17 54
4 54
55 91
55 110
55 86
24 113
24 47
24 58
24 29
24 64
9 23
24 42
24 61
24 46
24 102
24 90
22 23
24 66
24 36
24 44
15 23
24 30
24 89
24 43
24 26
24 116
24 84
24 95
24 112
24 62
4 23
24 56
24 27
24 107
24 110
24 86
48 113
59 113
30 113
81 113
65 113
9 113
43 113
62 113
47 113
103 113
38 113
91 113
67 113
37 113
15 113
90 113
27 113
85 113
114 115
35 113
60 113
99 113
17 113
113 113
63 113
57 113
28 113
108 113
111 113
95 113
50 109
50 58
50 80
9 49
50 60
50 71
50 102
50 90
45 49
50 89
44 49
27 49
50 74
50 95
50 88
35 49
50 76
33 49
50 85
21 49
50 112
50 56
50 82
50 91
23 109
109 109
81 109
61 109
47 109
98 109
91 109
22 109
45 109
15 109
31 109
90 109
44 109
27 109
110 116
96 109
35 109
77 109
86 109
99 109
17 109
110 112
63 109
57 109
110 110
87 109
46 47
48 108
48 80
48 64
48 60
48 61
48 90
48 66
15 47
31 47
48 116
48 104
48 88
48 76
33 47
48 85
21 47
17 47
4 47
48 56
14 47
48 94
23 58
59 64
9 58
59 60
59 71
43 58
59 61
59 90
59 66
15 58
31 58
59 89
32 58
59 104
59 74
35 58
59 59
59 85
59 98
6 58
17 58
59 82
59 91
59 86
59 94
30 45
30 108
30 80
30 60
30 71
30 46
30 102
30 66
30 44
15 29
30 30
30 43
30 31
30 104
30 84
30 74
30 115
30 98
6 29
17 29
30 62
28 29
30 91
30 110
23 80
23 64
9 22
23 71
23 46
23 102
23 37
23 90
22 22
23 66
23 44
23 30
23 89
23 43
23 31
23 26
23 116
23 104
23 88
23 115
23 98
6 22
17 22
23 112
23 62
4 22
23 27
23 110
14 22
23 94
43 45
46 61
38 45
46 97
46 90
22 45
27 45
46 104
46 95
46 88
46 115
46 85
17 45
4 45
46 56
65 108
61 108
62 108
103 108
38 108
91 108
44 108
32 108
109 116
75 108
96 108
109 115
77 108
33 108
86 108
99 108
17 108
109 112
4 108
57 108
87 108
95 108
65 80
9 80
43 80
81 102
38 80
81 97
22 80
67 80
45 80
15 80
81 89
81 116
81 104
81 95
81 88
35 80
60 80
33 80
17 80
81 112
63 80
81 82
28 80
81 107
81 110
9 64
62 64
47 64
65 102
38 64
65 97
65 90
65 66
37 64
45 64
15 64
31 64
65 89
44 64
32 64
27 64
65 116
65 84
35 64
65 76
6 64
28 64
65 107
14 64
65 94
9 42
9 61
9 90
9 21
9 66
9 44
9 14
9 30
9 43
9 31
9 26
9 104
9 84
9 74
9 95
9 34
9 85
9 20
4 8
9 56
9 82
9 107
9 91
47 60
38 60
61 97
61 90
61 66
37 60
15 60
44 60
32 60
61 104
61 74
61 85
61 98
21 60
6 60
17 60
61 112
28 60
61 110
62 71
72 102
72 97
22 71
45 71
15 71
72 89
32 71
72 116
72 104
72 84
72 95
72 88
72 115
60 71
72 76
21 71
17 71
63 71
4 71
57 71
28 71
72 107
72 91
72 110
14 71
72 86
43 61
43 97
22 42
15 42
31 42
32 42
27 42
43 116
43 104
43 84
43 74
43 115
35 42
43 76
33 42
43 85
6 42
17 42
43 112
4 42
43 56
43 82
43 107
43 91
43 86
62 97
62 90
31 61
32 61
27 61
62 116
62 84
62 74
62 95
62 88
62 115
35 61
62 85
21 61
17 61
62 112
62 107
62 110
14 61
38 46
47 90
47 66
37 46
15 46
31 46
47 89
44 46
47 104
47 84
47 59
33 46
47 85
21 46
17 46
4 46
47 56
47 82
47 86
67 102
45 102
15 102
90 102
44 102
32 102
103 116
103 104
96 102
89 102
103 115
35 102
60 102
77 102
33 102
86 102
21 102
6 102
103 112
57 102
103 107
14 102
87 102
38 97
38 90
22 37
37 37
15 37
38 89
38 43
32 37
38 116
38 104
38 88
35 37
38 59
33 37
38 98
21 37
38 62
4 37
38 82
38 91
14 37
91 97
45 97
15 97
98 116
98 104
85 97
75 97
89 97
98 115
33 97
86 97
21 97
17 97
98 112
63 97
4 97
83 97
98 107
98 110
14 97
87 97
22 90
67 90
45 90
44 90
32 90
27 90
91 116
85 90
91 95
89 90
91 115
60 90
91 98
6 90
57 90
83 90
87 90
91 94
15 21
22 89
22 43
22 26
22 74
22 88
22 34
22 59
22 32
21 21
6 21
17 21
4 21
22 82
22 107
22 91
14 21
45 66
15 66
31 66
44 66
27 66
67 116
67 74
67 115
67 85
17 66
67 112
4 66
67 82
67 91
14 66
67 94
37 44
31 36
37 43
32 36
27 36
37 104
37 74
37 88
35 36
37 59
37 85
21 36
17 36
37 112
4 36
37 56
37 82
28 36
37 91
14 36
37 86
31 44
45 89
44 44
45 104
45 95
45 115
33 44
45 98
21 44
6 44
45 62
4 44
45 56
28 44
14 44
15 30
15 43
15 26
15 116
15 84
15 88
15 59
15 76
15 85
15 98
6 14
15 16
15 112
15 62
4 14
15 56
15 82
14 14
15 94
31 89
31 31
27 30
31 115
31 34
31 32
31 98
21 30
31 62
31 56
31 82
14 30
31 86
31 94
44 89
32 89
27 89
90 116
90 104
85 89
75 89
90 95
86 89
6 89
17 89
90 112
90 107
14 89
44 116
44 84
44 95
44 59
44 85
44 98
21 43
4 43
44 82
44 86
44 94
27 31
32 104
32 84
32 76
32 98
6 31
17 31
4 31
32 82
32 91
14 31
32 86
32 94
27 116
27 74
27 95
27 115
27 34
27 59
27 32
21 26
6 26
27 56
27 91
27 86
89 116
116 116
60 116
77 116
33 116
99 116
21 116
63 116
4 116
57 116
83 116
14 116
87 116
75 104
60 104
77 104
86 104
21 104
57 104
105 107
92 104
105 110
14 104
95 104
85 95
85 88
85 115
35 84
77 84
33 84
85 98
85 112
83 84
14 84
85 86
75 115
60 74
75 76
33 74
75 98
21 74
57 74
75 82
28 74
60 95
33 95
21 95
6 95
17 95
57 95
83 95
28 95
96 107
35 88
60 88
86 88
21 88
4 88
83 88
28 88
89 91
89 94
60 115
33 115
86 115
6 115
113 115
4 115
92 115
14 115
87 115
95 115
35 76
21 34
6 34
17 34
35 56
35 82
35 107
35 91
35 110
60 76
33 59
60 85
6 59
17 59
57 59
60 82
28 59
60 91
60 110
14 59
60 86
60 94
33 76
6 76
77 112
63 76
4 76
77 107
77 91
77 110
14 76
77 94
6 32
33 62
4 32
28 32
33 86
33 94
21 85
6 85
86 112
63 85
4 85
57 85
28 85
86 107
86 110
14 85
86 86
86 94
17 98
99 112
63 98
4 98
57 98
83 98
99 107
92 98
99 110
14 98
4 20
21 107
21 110
21 86
6 16
6 62
4 5
6 107
6 91
6 13
6 94
17 112
17 62
17 82
17 110
14 16
17 94
63 112
28 112
92 112
111 112
87 112
4 62
28 62
14 62
4 82
4 27
4 107
4 91
4 13
4 86
4 94
28 82
83 107
83 91
14 82
83 94
28 110
108 110
87 107
14 91
14 110
87 110
14 86
14 94
