50 50 50 50 50
5000
66 142
66 203
66 244
66 85
43 65
66 137
66 122
66 75
63 65
66 219
66 107
66 113
66 72
32 65
66 178
66 191
66 68
66 163
66 143
66 212
66 134
66 105
66 204
66 82
55 65
46 65
59 65
66 242
66 158
56 65
82 233
86 233
43 233
162 233
138 233
155 233
76 233
177 233
234 249
63 233
220 233
233 233
14 233
114 233
179 233
164 233
81 233
209 233
54 233
205 233
83 233
55 233
7 233
59 233
159 233
124 233
12 233
151 233
41 244
41 102
41 159
41 42
41 161
41 137
41 75
41 176
41 62
41 124
41 107
41 72
32 40
41 178
39 40
41 68
41 163
41 143
41 80
41 53
41 229
41 82
41 198
17 40
7 40
41 123
25 40
143 203
143 159
143 161
123 142
76 142
143 246
13 142
143 219
143 232
108 142
73 142
32 142
143 191
69 142
104 142
135 142
54 142
143 229
61 142
17 142
90 142
59 142
143 200
143 242
124 142
204 244
138 203
155 203
76 203
204 249
63 203
204 231
13 203
204 219
204 232
87 203
108 203
14 203
178 203
114 203
132 203
179 203
39 203
135 203
68 203
106 203
204 204
204 229
83 203
204 222
17 203
7 203
90 203
201 203
204 242
56 203
25 203
177 244
245 249
63 244
125 244
87 244
108 244
132 244
32 244
192 244
209 244
213 244
106 244
54 244
205 244
230 244
61 244
223 244
55 244
199 244
17 244
7 244
46 244
201 244
124 244
12 244
82 249
63 81
82 231
13 81
82 219
82 124
82 86
82 107
82 177
82 113
32 81
82 178
82 191
39 81
69 81
82 103
82 143
82 208
82 212
54 81
82 204
61 81
82 82
82 198
82 200
82 158
56 81
82 123
12 81
25 81
82 150
103 161
103 122
84 102
103 176
103 246
103 249
63 102
103 231
13 102
87 102
14 102
103 113
73 102
103 178
103 191
103 143
81 102
103 212
83 102
55 102
103 198
17 102
90 102
59 102
103 158
103 123
86 159
43 85
86 137
76 85
86 231
13 85
86 219
86 86
14 85
86 131
73 85
86 178
86 103
86 163
86 143
81 85
68 85
86 204
61 85
83 85
86 222
86 198
17 85
7 85
59 85
86 158
12 85
25 85
155 159
160 246
160 249
13 159
160 219
125 159
160 232
87 159
14 159
160 177
32 159
160 178
39 159
69 159
104 159
144 159
135 159
160 204
55 159
17 159
90 159
160 242
159 159
56 159
124 159
43 122
43 154
43 176
43 249
43 62
43 219
43 124
43 232
43 107
14 42
43 177
43 191
39 42
43 68
43 103
43 143
43 212
43 60
43 222
43 54
43 89
43 200
43 242
43 158
43 55
43 123
25 42
43 150
123 161
76 161
63 161
13 161
87 161
108 161
162 177
132 161
73 161
81 161
162 208
162 212
106 161
54 161
162 204
162 222
55 161
7 161
90 161
59 161
12 161
25 161
138 154
138 246
108 137
137 137
114 137
73 137
32 137
104 137
138 163
138 143
138 208
54 137
138 204
138 229
61 137
83 137
7 137
46 137
59 137
138 200
138 242
138 158
124 137
12 137
25 137
138 150
123 154
76 122
123 246
123 249
123 219
123 124
87 122
14 122
123 177
114 122
123 131
73 122
32 122
69 122
123 163
123 134
123 222
17 122
90 122
46 122
59 122
123 200
123 123
84 154
84 176
84 246
84 231
84 219
84 124
84 86
84 107
84 191
39 83
69 83
84 163
84 212
84 134
68 83
84 105
54 83
84 204
84 229
61 83
83 83
84 222
55 83
84 198
17 83
84 242
56 83
84 123
25 83
84 150
76 154
155 176
155 246
13 154
125 154
155 232
87 154
137 154
155 177
114 154
132 154
73 154
32 154
69 154
104 154
135 154
68 154
54 154
155 222
155 198
17 154
59 154
155 200
155 158
56 154
12 154
151 154
76 246
76 249
13 75
76 136
76 113
76 178
76 212
68 75
54 75
61 75
55 75
76 198
46 75
59 75
76 242
76 158
12 75
25 75
76 150
63 176
177 232
137 176
177 177
106 176
177 204
177 229
61 176
17 176
124 176
247 249
63 246
13 246
220 246
125 246
233 246
87 246
137 246
114 246
132 246
69 246
104 246
213 246
205 246
230 246
61 246
90 246
46 246
59 246
159 246
56 246
124 246
12 246
232 249
125 249
87 249
164 249
144 249
81 249
209 249
54 249
90 249
46 249
59 249
25 249
63 231
13 62
63 219
63 124
63 232
63 107
63 136
63 191
63 68
63 103
63 143
63 80
63 208
63 105
54 62
63 229
63 82
63 198
63 89
59 62
63 242
63 158
56 62
63 123
12 62
63 150
13 231
220 231
73 231
32 231
179 231
39 231
104 231
81 231
209 231
213 231
205 231
223 231
17 231
59 231
232 242
56 231
124 231
13 219
13 124
13 107
13 131
13 68
13 80
13 212
13 67
13 105
13 82
13 54
13 45
13 58
13 158
12 12
13 150
125 219
108 219
14 219
114 219
32 219
192 219
39 219
164 219
81 219
135 219
68 219
54 219
220 229
61 219
83 219
220 222
199 219
59 219
151 219
87 124
108 124
125 136
73 124
32 124
39 124
125 208
125 212
68 124
106 124
54 124
125 204
125 229
125 222
55 124
17 124
7 124
59 124
125 200
125 242
56 124
178 232
114 232
132 232
73 232
32 232
213 232
135 232
68 232
54 232
7 232
90 232
56 232
12 232
25 232
151 232
87 177
87 113
87 178
87 191
39 86
87 103
87 134
68 86
87 204
87 229
83 86
87 198
46 86
87 200
87 158
25 86
108 136
14 107
108 131
32 107
108 191
108 163
108 212
106 107
108 204
108 229
108 222
55 107
7 107
59 107
25 107
14 136
137 177
73 136
32 136
137 178
137 191
104 136
137 212
135 136
68 136
137 222
55 136
17 136
7 136
46 136
59 136
137 200
56 136
124 136
12 136
137 150
14 177
14 113
14 72
14 38
14 68
14 204
14 60
14 82
14 222
14 54
7 13
14 45
14 58
14 200
14 242
12 13
114 177
39 177
104 177
81 177
178 208
68 177
178 229
61 177
83 177
55 177
90 177
46 177
178 200
178 242
56 177
124 177
151 177
73 113
114 178
114 191
69 113
104 113
114 163
114 208
114 212
61 113
83 113
114 222
55 113
114 198
46 113
114 200
114 123
114 150
73 131
39 131
132 163
132 208
132 212
132 204
132 229
61 131
132 222
7 131
90 131
132 200
132 158
12 131
73 191
39 72
73 103
73 105
54 72
73 204
61 72
73 82
73 198
73 89
59 72
73 200
73 242
73 158
73 150
32 178
32 38
32 68
32 143
32 80
32 208
32 134
32 60
32 198
7 31
32 58
32 158
32 150
179 191
179 212
68 178
83 178
55 178
90 178
179 242
104 191
81 191
192 208
68 191
106 191
83 191
55 191
192 198
17 191
7 191
46 191
192 242
159 191
124 191
12 191
39 103
39 208
39 212
39 67
39 229
39 82
39 54
39 198
17 38
39 45
39 58
39 123
69 163
69 143
69 212
68 68
54 68
7 68
59 68
69 242
25 68
69 150
104 163
104 143
104 208
104 134
68 103
104 105
104 204
104 222
17 103
7 103
46 103
104 200
144 163
81 163
164 208
135 163
68 163
164 229
61 163
164 198
7 163
46 163
59 163
56 163
81 143
144 208
144 204
83 143
17 143
90 143
46 143
144 200
144 242
144 158
68 80
81 105
54 80
81 204
81 222
55 80
7 80
46 80
81 242
56 80
81 123
25 80
81 150
68 208
106 208
54 208
83 208
55 208
7 208
90 208
59 208
124 208
68 212
106 212
213 229
61 212
83 212
199 212
59 212
56 212
12 212
25 212
151 212
106 134
135 204
135 229
55 134
17 134
7 134
59 134
135 200
12 134
68 105
54 67
68 82
68 222
68 89
46 67
59 67
68 200
68 158
61 105
83 105
106 222
55 105
106 198
46 105
59 105
106 242
106 158
106 123
54 60
54 222
54 54
54 198
17 53
7 53
54 89
54 242
12 53
61 204
83 204
205 222
17 204
46 204
159 204
56 204
124 204
151 204
83 229
7 229
90 229
230 242
159 229
124 229
25 229
61 82
61 198
17 60
7 60
61 89
59 60
61 200
12 60
25 60
61 150
83 89
83 242
12 82
59 222
201 222
223 242
159 222
56 222
124 222
151 222
55 198
7 54
55 89
46 54
55 58
25 54
17 198
199 242
124 198
17 89
17 58
17 123
12 16
17 24
7 89
7 45
7 200
7 242
7 123
7 150
59 89
90 242
90 123
12 89
90 150
59 200
56 58
59 123
25 58
59 150
159 200
56 200
25 200
12 242
151 242
12 158
56 123
12 55
25 55
56 150
12 123
124 150
12 24
67 186
4 66
67 182
9 66
67 97
67 111
67 240
67 70
2 66
67 228
67 180
67 199
67 173
67 129
67 189
16 66
67 130
67 112
67 226
67 169
67 127
65 66
67 174
53 66
67 224
67 106
34 66
1 66
67 104
67 120
18 66
67 152
52 66
67 100
67 126
67 141
67 210
67 93
67 243
67 110
67 238
45 66
67 156
67 216
67 181
58 66
67 214
67 187
67 235
67 117
67 119
67 179
40 66
15 66
67 146
67 164
67 241
8 66
51 66
20 66
67 248
3 66
67 167
67 223
21 66
67 116
67 101
22 66
67 236
67 140
67 155
67 144
67 234
67 96
67 165
176 196
185 196
169 196
9 196
35 196
112 196
29 196
71 196
197 228
174 196
130 196
133 196
131 196
113 196
37 196
197 226
170 196
128 196
65 196
197 213
175 196
53 196
197 224
107 196
34 196
1 196
105 196
18 196
197 205
109 196
93 196
101 196
142 196
197 210
26 196
91 196
94 196
197 243
152 196
149 196
111 196
197 238
45 196
79 196
157 196
197 216
182 196
119 196
115 196
58 196
197 214
88 196
188 196
118 196
120 196
146 196
40 196
15 196
147 196
165 196
197 241
51 196
197 248
3 196
168 196
197 223
21 196
117 196
197 247
197 236
141 196
156 196
97 196
166 196
176 186
4 175
176 182
9 175
35 175
98 175
112 175
150 175
176 250
99 175
176 228
176 180
176 199
174 175
130 175
176 189
133 175
27 175
37 175
128 175
65 175
74 175
175 175
34 175
105 175
109 175
52 175
93 175
101 175
142 175
26 175
91 175
94 175
176 243
149 175
45 175
79 175
157 175
176 216
176 181
119 175
88 175
176 235
176 179
146 175
40 175
15 175
147 175
176 241
8 175
176 207
20 175
134 175
176 248
3 175
168 175
176 223
176 247
22 175
176 195
176 236
141 175
156 175
145 175
166 175
185 186
163 184
169 184
9 184
35 184
98 184
112 184
150 184
185 240
185 250
71 184
99 184
2 184
181 184
185 199
130 184
70 184
185 189
133 184
27 184
131 184
113 184
37 184
170 184
128 184
65 184
74 184
53 184
107 184
34 184
1 184
18 184
109 184
153 184
93 184
101 184
127 184
142 184
96 184
91 184
94 184
185 243
152 184
45 184
79 184
185 216
119 184
115 184
58 184
185 214
185 187
185 235
40 184
15 184
185 194
147 184
185 241
8 184
51 184
185 207
185 215
134 184
185 248
3 184
168 184
21 184
117 184
102 184
185 195
185 236
141 184
156 184
185 230
145 184
185 234
97 184
166 184
4 186
163 186
169 186
9 186
35 186
112 186
187 240
187 250
71 186
187 228
174 186
130 186
70 186
187 189
16 186
133 186
27 186
113 186
187 226
170 186
128 186
65 186
187 213
175 186
33 186
53 186
187 224
107 186
34 186
1 186
105 186
18 186
187 205
109 186
153 186
93 186
127 186
26 186
94 186
187 243
152 186
140 186
45 186
79 186
182 186
115 186
58 186
187 214
88 186
120 186
40 186
187 194
147 186
20 186
187 248
3 186
187 223
21 186
117 186
102 186
187 195
156 186
187 230
145 186
187 234
97 186
4 162
4 182
4 8
4 34
4 111
4 149
4 250
4 98
2 3
4 228
4 180
4 199
4 173
4 129
4 69
4 15
4 132
4 26
4 130
4 112
4 169
4 127
4 64
4 73
4 174
4 32
4 224
4 106
1 3
4 120
4 17
4 205
4 108
4 92
4 141
4 95
4 25
4 90
4 243
4 151
4 148
4 110
4 238
4 44
4 181
4 118
4 57
4 87
4 187
4 117
4 179
4 164
4 7
4 50
4 215
4 19
4 248
3 3
4 167
4 223
4 101
4 195
4 230
4 144
4 234
163 168
163 182
98 162
112 162
150 162
71 162
99 162
2 162
163 228
163 180
163 199
70 162
16 162
27 162
131 162
37 162
163 226
163 169
128 162
65 162
163 213
163 174
33 162
163 224
34 162
121 162
18 162
109 162
52 162
93 162
101 162
127 162
142 162
163 210
26 162
94 162
163 243
152 162
140 162
163 238
45 162
79 162
163 216
115 162
88 162
163 187
163 235
163 179
146 162
15 162
163 241
8 162
51 162
163 207
163 215
20 162
163 167
163 223
21 162
117 162
141 162
156 162
163 230
145 162
97 162
169 182
35 168
98 168
169 240
169 250
71 168
2 168
169 228
169 199
169 173
130 168
70 168
16 168
133 168
27 168
131 168
113 168
37 168
169 226
169 169
128 168
65 168
74 168
169 213
169 174
33 168
53 168
1 168
18 168
169 205
109 168
153 168
52 168
93 168
101 168
127 168
142 168
91 168
94 168
169 243
149 168
140 168
111 168
169 238
45 168
169 216
169 181
115 168
88 168
169 187
118 168
120 168
169 179
146 168
40 168
15 168
169 194
165 168
169 207
20 168
169 248
169 223
117 168
169 247
102 168
22 168
169 195
169 236
141 168
156 168
169 230
145 168
97 168
9 182
35 182
98 182
112 182
150 182
183 240
29 182
183 250
99 182
181 182
183 199
174 182
130 182
70 182
183 189
16 182
27 182
131 182
113 182
37 182
183 226
74 182
183 213
175 182
183 224
34 182
105 182
183 205
109 182
52 182
142 182
96 182
91 182
152 182
140 182
111 182
183 238
45 182
79 182
157 182
182 182
119 182
115 182
58 182
183 214
88 182
120 182
180 182
40 182
15 182
183 194
165 182
183 241
8 182
51 182
183 207
183 215
20 182
183 248
3 182
183 223
21 182
183 247
102 182
22 182
183 195
183 236
141 182
166 182
9 34
9 97
9 149
9 240
9 250
9 70
9 98
2 8
9 228
9 180
9 173
9 129
9 69
9 189
9 15
9 26
9 130
9 36
9 226
9 127
9 73
9 213
9 32
9 52
9 106
9 33
1 8
9 104
9 120
9 17
9 205
9 152
9 51
9 92
9 126
9 141
9 210
9 95
9 90
9 93
9 243
9 151
9 148
9 139
9 238
9 44
9 78
9 114
9 57
9 214
9 87
9 187
9 117
9 119
9 14
9 194
9 146
9 215
9 19
9 133
3 8
9 167
9 20
9 116
9 247
9 101
9 195
9 236
9 140
9 96
9 165
35 97
35 111
35 149
35 240
29 34
35 98
2 34
35 228
35 173
35 129
35 189
16 34
35 132
35 130
35 36
35 226
35 127
35 64
35 174
33 34
35 106
34 34
35 104
35 120
35 152
35 51
35 92
35 126
35 95
26 34
35 90
35 93
35 243
35 151
35 139
35 110
35 238
35 44
35 78
35 156
35 181
35 118
35 114
35 57
35 214
35 187
35 117
35 119
35 145
35 39
35 194
35 164
35 241
35 50
35 215
20 34
35 248
35 223
35 116
22 34
35 195
35 236
35 140
35 155
35 230
35 165
98 111
98 240
29 97
98 250
98 98
2 97
98 228
98 199
98 173
98 129
16 97
98 132
27 97
98 130
98 112
98 226
65 97
74 97
98 213
98 174
53 97
98 106
34 97
1 97
98 104
98 120
18 97
98 205
98 108
98 152
93 97
98 126
96 97
26 97
91 97
94 97
98 243
98 151
98 139
98 238
79 97
98 156
98 216
98 181
98 114
88 97
98 187
98 235
98 179
40 97
98 194
98 146
98 164
98 241
8 97
51 97
98 133
98 248
98 167
98 116
98 101
98 195
98 140
98 144
98 234
112 240
29 111
112 250
71 111
99 111
2 111
112 180
112 199
70 111
112 189
112 130
112 112
37 111
112 127
74 111
112 213
112 174
33 111
112 224
107 111
34 111
1 111
105 111
112 120
18 111
112 205
109 111
112 152
93 111
112 126
112 210
91 111
112 243
112 151
112 238
45 111
79 111
112 156
112 216
112 181
112 118
58 111
112 214
88 111
112 187
112 235
112 119
112 145
15 111
112 194
112 146
112 241
51 111
112 248
3 111
112 167
112 223
112 116
102 111
22 111
112 236
112 155
112 230
112 234
97 111
150 240
150 250
2 149
150 228
150 199
150 173
130 149
70 149
150 189
16 149
133 149
131 149
113 149
150 226
150 169
128 149
65 149
33 149
53 149
150 224
107 149
1 149
105 149
18 149
150 205
109 149
93 149
101 149
150 210
96 149
26 149
91 149
150 151
140 149
150 238
45 149
79 149
58 149
150 214
88 149
150 187
118 149
120 149
40 149
150 194
147 149
150 164
8 149
51 149
150 207
150 215
20 149
134 149
150 248
150 167
150 223
21 149
117 149
102 149
22 149
150 236
141 149
150 155
150 230
150 165
29 240
241 250
99 240
2 240
229 240
181 240
130 240
70 240
190 240
16 240
133 240
27 240
131 240
113 240
37 240
227 240
170 240
128 240
65 240
175 240
33 240
53 240
225 240
34 240
105 240
18 240
101 240
26 240
91 240
94 240
140 240
111 240
45 240
79 240
157 240
119 240
58 240
215 240
88 240
188 240
236 240
118 240
120 240
180 240
146 240
15 240
195 240
147 240
165 240
51 240
208 240
20 240
241 248
3 240
168 240
21 240
117 240
241 247
102 240
22 240
196 240
237 240
141 240
156 240
145 240
235 240
97 240
29 70
29 98
29 228
29 180
29 129
29 189
29 132
29 130
29 226
29 127
29 73
29 213
29 174
29 106
29 33
1 28
29 120
18 28
29 205
29 108
29 152
29 92
29 126
29 141
29 210
29 95
26 28
29 93
29 151
29 148
29 139
29 110
29 238
29 78
29 156
29 216
29 114
29 57
29 214
29 87
29 187
29 235
29 117
29 119
29 145
29 39
15 28
29 241
29 50
29 215
20 28
29 133
29 248
29 167
21 28
29 247
22 28
29 140
29 230
29 234
29 165
71 250
2 250
229 250
181 250
200 250
70 250
133 250
131 250
113 250
37 250
227 250
128 250
65 250
74 250
33 250
53 250
225 250
107 250
105 250
121 250
109 250
153 250
52 250
93 250
211 250
26 250
244 250
140 250
45 250
157 250
217 250
115 250
215 250
236 250
118 250
120 250
180 250
146 250
40 250
15 250
195 250
147 250
8 250
51 250
134 250
249 250
3 250
224 250
117 250
248 250
196 250
141 250
156 250
145 250
97 250
2 70
71 228
71 129
71 189
27 70
71 130
71 112
37 70
71 226
71 169
71 73
71 213
71 174
33 70
71 224
71 106
34 70
1 70
71 120
18 70
71 205
71 108
71 152
52 70
71 92
71 100
71 141
71 210
71 95
26 70
71 90
71 151
71 148
71 78
71 156
71 181
71 114
71 214
71 87
71 187
40 70
71 194
71 241
8 70
51 70
71 207
20 70
71 133
3 70
71 167
21 70
71 116
71 247
22 70
71 236
71 155
71 144
2 98
99 199
99 173
70 98
99 189
16 98
99 132
27 98
99 112
37 98
99 226
99 169
99 127
74 98
99 174
33 98
53 98
99 224
99 106
1 98
18 98
99 108
99 100
99 141
26 98
91 98
94 98
99 151
99 148
99 139
79 98
99 216
99 181
99 118
99 114
58 98
99 214
88 98
99 117
99 119
99 145
40 98
15 98
99 146
99 164
51 98
99 207
20 98
3 98
99 116
99 247
99 101
99 195
99 236
99 230
2 228
2 129
2 69
2 189
2 15
2 132
2 26
2 130
2 112
2 36
2 169
2 127
2 213
2 174
2 32
2 52
2 224
2 106
2 33
1 1
2 120
2 17
2 152
2 51
2 92
2 100
2 126
2 210
2 93
2 151
2 78
2 216
2 114
2 87
2 187
2 117
2 119
2 145
2 14
2 241
2 7
2 50
2 215
2 19
2 248
2 20
2 116
2 101
2 21
2 236
2 230
2 144
2 165
181 228
174 228
190 228
27 228
37 228
227 228
170 228
65 228
74 228
175 228
53 228
107 228
1 228
105 228
206 228
52 228
101 228
127 228
26 228
229 243
149 228
140 228
79 228
182 228
119 228
115 228
188 228
120 228
180 228
40 228
147 228
165 228
229 241
8 228
51 228
208 228
20 228
134 228
229 248
3 228
168 228
224 228
117 228
229 247
102 228
22 228
196 228
141 228
156 228
229 230
145 228
229 234
97 228
166 228
181 199
174 180
130 180
16 180
131 180
113 180
37 180
181 226
128 180
65 180
74 180
53 180
181 224
107 180
1 180
105 180
121 180
18 180
181 205
109 180
52 180
127 180
142 180
91 180
149 180
140 180
45 180
79 180
181 216
119 180
181 214
181 187
181 235
118 180
180 180
146 180
40 180
15 180
147 180
51 180
181 207
181 215
134 180
3 180
168 180
181 223
21 180
117 180
181 247
102 180
181 195
181 236
145 180
97 180
166 180
130 199
70 199
190 199
16 199
133 199
131 199
37 199
170 199
74 199
200 213
175 199
53 199
200 224
34 199
1 199
105 199
121 199
18 199
153 199
127 199
200 210
26 199
152 199
149 199
111 199
200 238
79 199
157 199
200 216
182 199
119 199
58 199
200 214
200 235
120 199
180 199
146 199
15 199
195 199
147 199
200 241
8 199
51 199
200 207
200 215
20 199
134 199
200 248
3 199
200 223
200 247
102 199
22 199
196 199
200 236
141 199
156 199
200 230
200 234
97 199
130 173
174 189
16 173
133 173
27 173
174 226
128 173
65 173
174 213
174 174
33 173
53 173
1 173
121 173
18 173
174 205
109 173
153 173
93 173
127 173
174 210
96 173
91 173
94 173
152 173
149 173
140 173
111 173
174 238
79 173
157 173
174 216
119 173
115 173
58 173
174 214
88 173
174 235
120 173
174 179
40 173
15 173
174 194
147 173
165 173
51 173
174 207
20 173
134 173
174 248
174 223
21 173
174 247
174 195
174 236
156 173
174 230
145 173
174 234
97 173
166 173
130 132
27 129
113 129
37 129
130 169
65 129
74 129
130 174
53 129
130 224
107 129
34 129
1 129
105 129
130 205
109 129
52 129
93 129
127 129
130 141
130 210
94 129
130 151
111 129
130 238
45 129
79 129
130 156
130 181
119 129
88 129
130 235
130 145
15 129
130 146
130 241
8 129
20 129
130 133
130 248
130 167
21 129
117 129
130 247
102 129
22 129
130 195
130 140
130 155
130 230
97 129
130 165
70 189
16 69
70 132
27 69
70 130
70 112
70 169
70 127
65 69
70 73
70 174
33 69
53 69
70 106
34 69
1 69
70 104
18 69
70 108
52 69
70 92
70 100
70 126
70 210
70 90
70 93
70 151
70 148
70 139
70 110
70 78
70 216
58 69
70 214
70 87
70 117
70 119
70 145
40 69
15 69
70 194
70 241
8 69
70 207
70 133
70 248
3 69
70 195
70 236
70 155
70 144
70 234
70 96
70 165
27 189
113 189
37 189
190 226
170 189
128 189
53 189
190 224
107 189
34 189
121 189
18 189
190 205
153 189
52 189
93 189
101 189
127 189
96 189
26 189
94 189
152 189
140 189
111 189
45 189
79 189
157 189
190 216
182 189
115 189
190 214
188 189
190 235
146 189
15 189
147 189
51 189
190 207
134 189
190 223
102 189
22 189
141 189
156 189
190 234
166 189
16 132
16 26
16 130
16 36
16 169
16 127
16 64
16 73
16 174
16 32
16 224
1 15
16 104
16 120
16 17
16 205
16 108
16 152
16 51
16 126
16 141
16 95
16 25
16 90
16 93
16 151
16 148
16 139
16 110
16 78
16 216
16 118
16 114
16 214
16 235
16 119
16 145
16 39
16 241
16 50
16 215
16 133
16 248
3 15
16 167
16 20
16 116
16 247
16 101
16 21
16 195
16 236
16 140
16 155
16 234
16 96
16 165
113 132
37 132
133 226
65 132
74 132
133 213
133 174
53 132
107 132
1 132
105 132
18 132
133 205
109 132
133 152
93 132
101 132
127 132
133 210
96 132
91 132
94 132
133 243
133 148
133 139
133 238
45 132
133 156
133 216
119 132
115 132
58 132
133 214
118 132
120 132
133 179
133 145
133 194
133 146
133 164
133 241
51 132
133 207
20 132
133 133
133 248
133 167
133 223
21 132
133 247
22 132
133 195
133 236
133 155
133 230
133 144
133 234
97 132
27 130
27 112
27 36
27 169
27 127
27 73
27 213
27 32
27 52
27 224
27 106
27 33
1 26
27 120
18 26
27 108
27 152
27 100
27 141
27 210
26 26
27 93
27 243
27 151
27 148
27 238
27 156
27 181
27 118
27 114
27 214
27 87
27 117
27 119
27 145
27 39
15 26
27 194
27 146
27 164
8 26
27 50
27 215
20 26
27 248
27 223
27 116
27 247
27 101
22 26
27 195
27 236
27 140
27 155
27 230
27 144
27 165
113 130
37 130
131 169
128 130
65 130
74 130
131 213
131 174
131 224
107 130
34 130
121 130
18 130
131 205
109 130
131 152
52 130
93 130
101 130
127 130
26 130
91 130
131 243
131 151
131 148
111 130
131 238
79 130
131 216
131 181
115 130
58 130
88 130
131 187
131 235
118 130
120 130
40 130
15 130
131 194
131 146
131 164
131 241
8 130
51 130
131 215
3 130
131 223
131 195
131 155
131 144
37 112
113 226
113 127
65 112
113 213
33 112
113 224
107 112
34 112
1 112
113 120
113 152
52 112
101 112
113 126
113 141
96 112
26 112
91 112
113 243
113 151
113 148
113 139
111 112
113 238
45 112
79 112
113 181
113 118
113 114
88 112
113 117
113 119
113 179
113 145
15 112
8 112
51 112
113 133
113 248
3 112
113 167
113 223
21 112
113 116
113 247
22 112
113 195
113 236
113 140
113 230
113 144
97 112
113 165
37 226
37 169
37 127
37 64
37 213
37 174
33 36
37 52
34 36
1 36
37 104
18 36
37 205
37 51
37 92
37 100
37 126
37 141
37 95
26 36
37 90
37 139
37 110
37 238
37 44
37 78
37 156
37 216
37 114
37 57
37 214
37 87
37 235
37 117
37 119
8 36
37 50
20 36
37 133
37 248
3 36
37 223
37 116
37 247
37 101
37 195
37 140
37 155
37 230
37 144
37 96
170 226
128 226
65 226
74 226
214 226
175 226
33 226
225 226
1 226
105 226
121 226
109 226
153 226
52 226
101 226
127 226
142 226
211 226
96 226
26 226
94 226
227 243
149 226
140 226
111 226
217 226
182 226
119 226
58 226
88 226
118 226
120 226
180 226
146 226
15 226
195 226
165 226
8 226
51 226
134 226
227 248
3 226
168 226
21 226
227 247
102 226
22 226
196 226
227 236
156 226
227 230
145 226
97 226
166 226
128 169
65 169
74 169
170 213
33 169
170 224
107 169
34 169
1 169
121 169
18 169
170 205
109 169
153 169
52 169
93 169
101 169
127 169
142 169
26 169
94 169
170 243
152 169
140 169
111 169
45 169
157 169
170 216
170 181
58 169
170 187
170 235
120 169
146 169
15 169
165 169
170 241
51 169
170 215
168 169
170 223
21 169
102 169
170 195
170 236
141 169
156 169
170 230
145 169
166 169
65 127
128 213
128 174
33 127
1 127
121 127
128 152
52 127
93 127
127 127
128 141
128 210
96 127
128 243
128 151
128 148
128 139
111 127
128 238
45 127
128 156
128 181
115 127
58 127
128 214
128 235
118 127
120 127
128 179
128 145
40 127
15 127
128 146
128 241
8 127
51 127
128 215
20 127
128 133
128 248
128 167
128 223
21 127
117 127
22 127
128 236
128 140
128 155
128 230
128 144
97 127
65 73
65 213
33 64
53 64
65 224
65 106
1 64
65 104
18 64
65 205
65 108
65 152
65 100
65 126
65 141
65 95
26 64
65 90
65 93
65 243
65 151
65 148
65 110
65 216
65 181
65 214
65 87
65 187
65 117
65 119
65 179
65 145
40 64
15 64
65 164
8 64
51 64
65 215
20 64
65 133
3 64
65 167
65 223
21 64
65 247
65 101
22 64
65 195
65 236
65 155
65 234
74 213
74 174
33 73
74 224
74 106
34 73
1 73
74 104
74 120
74 152
52 73
74 95
26 73
74 90
74 243
74 148
74 139
74 110
45 73
74 78
74 156
74 216
74 181
74 114
58 73
74 214
74 87
74 187
74 235
74 117
74 119
74 179
74 145
40 73
15 73
74 194
74 146
74 241
74 215
20 73
74 133
74 248
3 73
74 167
74 101
74 140
74 165
53 213
214 224
107 213
34 213
121 213
206 213
153 213
93 213
211 213
96 213
26 213
91 213
94 213
214 243
140 213
214 238
79 213
214 216
119 213
115 213
214 214
188 213
214 235
120 213
180 213
146 213
40 213
15 213
195 213
147 213
165 213
214 241
8 213
20 213
214 248
214 223
21 213
117 213
214 247
22 213
196 213
214 236
141 213
156 213
214 230
145 213
214 234
97 213
166 213
33 174
53 174
107 174
105 174
121 174
18 174
175 205
109 174
153 174
93 174
101 174
127 174
142 174
96 174
175 243
140 174
111 174
175 238
45 174
79 174
157 174
119 174
115 174
58 174
175 214
88 174
175 187
175 235
120 174
175 179
146 174
40 174
15 174
175 194
175 241
8 174
51 174
175 215
134 174
175 248
168 174
117 174
175 247
102 174
22 174
175 236
156 174
175 230
145 174
175 234
97 174
33 33
33 120
18 32
33 205
33 108
33 92
33 100
33 126
33 141
33 210
33 90
33 93
33 243
33 148
33 139
33 110
33 238
33 44
33 216
33 114
33 87
33 187
33 235
33 119
33 179
33 145
33 39
33 194
33 164
33 241
33 215
20 32
3 32
33 167
33 223
33 116
22 32
33 195
33 236
33 230
33 144
33 234
33 165
53 106
34 52
1 52
53 104
53 120
53 205
53 108
53 100
53 141
53 210
53 95
26 52
53 93
53 243
53 151
53 148
53 139
53 238
45 52
53 78
53 216
53 181
53 118
53 114
53 57
53 214
53 187
53 235
53 117
53 119
53 146
53 164
8 52
51 52
53 207
20 52
53 248
53 167
53 223
53 247
53 101
53 195
53 230
53 96
53 165
107 224
1 224
121 224
18 224
153 224
52 224
101 224
142 224
211 224
96 224
26 224
94 224
149 224
140 224
45 224
217 224
182 224
119 224
115 224
215 224
88 224
188 224
120 224
180 224
146 224
15 224
195 224
147 224
165 224
8 224
51 224
208 224
216 224
3 224
168 224
224 224
21 224
117 224
225 247
196 224
225 236
141 224
156 224
225 230
145 224
34 106
105 106
107 120
107 108
52 106
96 106
26 106
94 106
107 148
107 139
107 110
107 156
107 181
107 118
107 114
58 106
107 214
107 235
107 117
107 119
107 179
107 145
15 106
107 146
107 241
51 106
107 207
107 215
20 106
107 248
107 167
107 223
21 106
102 106
22 106
107 195
107 236
107 140
107 155
107 230
107 234
97 106
107 165
1 33
18 33
34 205
34 108
34 100
34 126
34 141
34 93
34 243
34 148
34 139
34 110
34 238
34 44
34 78
34 118
34 114
34 57
34 187
34 235
34 117
34 119
34 179
34 145
15 33
34 194
34 164
34 241
20 33
34 133
3 33
21 33
34 116
34 101
34 195
34 140
34 155
34 96
1 104
1 120
1 108
1 152
1 51
1 100
1 210
1 95
1 25
1 151
1 148
1 139
1 110
1 238
1 44
1 216
1 181
1 118
1 57
1 187
1 235
1 117
1 179
1 194
1 241
1 7
1 215
1 133
1 167
1 223
1 20
1 247
1 101
1 21
1 140
1 155
1 230
1 144
1 234
1 165
105 120
105 205
105 108
105 152
52 104
93 104
105 141
105 210
96 104
26 104
91 104
94 104
105 243
105 148
105 110
105 238
45 104
105 156
105 216
105 181
105 118
105 114
105 214
88 104
105 187
105 117
105 119
105 194
105 241
8 104
105 207
105 215
105 133
105 248
3 104
21 104
22 104
105 195
105 236
105 140
105 155
105 230
105 234
105 165
121 205
109 120
52 120
93 120
121 126
121 141
121 210
96 120
91 120
94 120
121 243
121 151
121 148
121 139
111 120
121 238
121 156
119 120
58 120
121 235
118 120
120 120
40 120
121 146
51 120
121 207
121 215
20 120
121 248
3 120
121 167
121 223
21 120
117 120
22 120
121 144
121 234
97 120
121 165
18 108
18 152
18 51
18 100
18 210
18 95
18 25
18 90
18 93
18 243
18 151
18 148
18 110
18 238
18 44
18 78
18 156
18 216
18 181
18 118
18 114
18 214
18 187
18 235
18 117
18 179
18 145
18 39
15 17
18 146
18 164
18 241
18 50
18 207
18 215
18 19
18 248
18 167
18 116
18 247
18 101
18 21
18 236
18 140
18 144
18 96
18 165
153 205
93 205
127 205
206 210
96 205
26 205
91 205
94 205
152 205
111 205
206 238
157 205
206 216
119 205
58 205
206 214
206 235
118 205
120 205
180 205
146 205
40 205
15 205
195 205
165 205
8 205
20 205
134 205
206 248
3 205
168 205
21 205
206 236
156 205
145 205
206 234
97 205
166 205
109 152
93 108
109 210
96 108
26 108
91 108
94 108
109 243
109 151
109 238
45 108
109 181
88 108
109 187
109 117
109 119
15 108
109 194
109 146
109 164
109 241
51 108
109 207
20 108
109 133
109 248
109 223
21 108
109 116
109 247
102 108
109 195
109 236
109 140
109 155
109 230
109 144
109 165
52 152
93 152
101 152
127 152
96 152
26 152
91 152
149 152
140 152
111 152
153 238
45 152
79 152
153 216
119 152
115 152
58 152
88 152
118 152
153 179
146 152
147 152
8 152
153 207
20 152
3 152
21 152
117 152
153 247
102 152
22 152
141 152
153 155
153 230
145 152
153 234
97 152
153 165
52 100
52 126
52 210
52 95
26 51
52 90
52 243
52 148
52 139
52 110
45 51
52 78
52 156
52 118
52 114
52 87
52 187
52 235
52 117
52 119
52 179
52 145
15 51
8 51
52 207
52 215
20 51
52 133
52 248
21 51
52 116
52 247
22 51
52 195
52 140
52 155
52 230
52 144
52 234
93 126
93 141
93 95
26 92
93 93
93 243
93 151
93 156
93 181
93 118
88 92
93 179
40 92
15 92
93 164
93 241
8 92
93 133
93 248
3 92
93 116
93 247
22 92
93 195
93 155
93 144
93 234
93 165
101 126
101 141
101 210
96 100
26 100
101 243
101 151
101 148
101 110
101 238
101 181
101 114
58 100
101 214
88 100
101 235
101 117
101 119
101 145
40 100
15 100
101 194
101 146
101 164
101 207
101 215
101 248
3 100
101 116
101 101
22 100
101 236
101 140
101 155
101 234
127 141
127 210
26 126
94 126
127 243
127 148
127 139
111 126
127 238
127 156
127 216
127 181
115 126
58 126
127 214
88 126
127 235
120 126
127 145
127 194
127 146
127 164
8 126
51 126
127 133
127 248
127 223
127 247
102 126
22 126
127 195
127 236
127 140
127 234
97 126
127 165
142 210
96 141
26 141
91 141
142 243
142 148
111 141
142 238
45 141
142 156
142 216
119 141
115 141
142 187
118 141
142 179
142 145
40 141
15 141
142 194
142 146
142 241
142 207
142 215
20 141
142 248
3 141
142 167
142 223
21 141
142 195
141 141
142 155
142 230
142 234
96 210
26 210
91 210
94 210
211 243
152 210
149 210
140 210
211 238
45 210
157 210
119 210
115 210
58 210
88 210
40 210
195 210
147 210
211 215
211 248
3 210
168 210
21 210
211 247
196 210
141 210
156 210
97 210
26 95
96 151
96 148
96 238
45 95
79 95
96 156
96 216
96 181
96 114
58 95
96 214
88 95
96 187
96 235
96 117
96 119
96 179
40 95
15 95
96 164
96 241
96 133
96 167
21 95
96 116
96 247
22 95
96 236
96 140
96 96
96 165
26 93
26 148
26 139
26 110
26 44
26 78
26 156
26 216
26 181
26 118
26 114
26 214
26 87
26 187
26 117
26 119
26 145
26 39
15 25
26 164
26 241
26 50
26 215
26 133
26 167
26 223
21 25
26 247
26 101
26 195
26 236
26 140
26 155
26 230
26 234
91 93
91 151
91 148
91 139
91 110
91 238
45 90
91 114
58 90
91 214
88 90
91 187
91 235
91 117
91 179
40 90
15 90
91 194
91 146
91 164
91 241
51 90
91 207
91 223
91 116
91 247
91 236
91 140
91 155
91 230
91 144
91 234
91 96
91 165
94 243
94 139
94 110
45 93
79 93
94 156
94 216
94 118
58 93
94 214
94 187
94 235
94 119
94 179
94 145
40 93
15 93
94 194
94 146
94 241
51 93
20 93
94 133
94 248
3 93
94 167
94 223
94 116
94 195
94 155
94 230
94 144
94 96
152 243
140 243
111 243
239 243
119 243
58 243
88 243
188 243
118 243
146 243
40 243
147 243
165 243
51 243
20 243
134 243
3 243
168 243
21 243
117 243
244 247
102 243
196 243
237 243
141 243
231 243
166 243
140 151
45 151
79 151
152 216
152 181
115 151
152 214
88 151
152 187
118 151
146 151
40 151
152 194
147 151
152 164
152 241
8 151
51 151
152 207
152 215
20 151
134 151
152 248
3 151
152 223
21 151
117 151
102 151
152 236
152 155
152 234
97 151
152 165
140 148
149 238
149 216
149 181
119 148
115 148
58 148
149 214
149 187
149 235
118 148
120 148
146 148
40 148
149 194
147 148
149 241
8 148
51 148
149 215
134 148
3 148
117 148
149 195
149 236
149 230
145 148
97 148
149 165
45 139
140 181
119 139
115 139
58 139
140 214
88 139
140 187
118 139
140 179
40 139
140 194
140 146
140 164
140 241
51 139
140 207
140 215
20 139
134 139
3 139
140 223
117 139
140 195
140 236
140 140
140 155
140 234
140 165
45 110
79 110
111 156
111 216
111 118
111 114
58 110
111 187
111 117
111 119
111 194
111 146
111 164
8 110
51 110
111 207
111 248
3 110
111 223
21 110
111 195
111 236
111 155
111 144
111 234
45 238
79 238
157 238
217 238
215 238
188 238
236 238
180 238
146 238
195 238
147 238
165 238
239 241
51 238
208 238
216 238
20 238
134 238
239 248
3 238
168 238
224 238
21 238
239 247
102 238
237 238
231 238
145 238
97 238
166 238
45 156
45 216
45 181
45 235
45 117
45 179
45 145
40 44
15 44
45 241
45 50
45 215
3 44
45 223
21 44
45 116
45 247
45 195
45 140
45 155
45 144
45 234
45 96
79 156
79 216
79 181
79 118
79 114
58 78
79 214
79 187
79 235
79 117
79 179
79 145
40 78
15 78
79 241
8 78
51 78
20 78
3 78
79 167
79 116
22 78
79 195
79 236
79 140
79 155
79 144
157 216
157 181
115 156
58 156
157 187
157 235
118 156
120 156
157 179
146 156
15 156
157 164
157 241
8 156
157 207
157 215
20 156
3 156
157 223
21 156
157 247
102 156
22 156
157 236
156 156
145 156
157 234
97 156
182 216
119 216
58 216
88 216
217 235
180 216
146 216
195 216
147 216
165 216
217 241
8 216
51 216
216 216
20 216
217 223
117 216
196 216
217 236
141 216
156 216
217 230
217 234
115 181
182 214
182 187
182 235
180 181
182 194
147 181
182 241
8 181
51 181
20 181
134 181
182 248
168 181
182 223
21 181
182 247
102 181
22 181
182 195
182 236
141 181
182 230
97 181
166 181
88 118
119 187
119 235
118 118
119 179
119 145
40 118
15 118
119 194
119 146
119 164
8 118
51 118
119 207
119 215
20 118
119 133
119 167
117 118
119 247
119 195
119 236
119 140
119 155
119 230
119 144
119 234
119 165
58 114
115 214
88 114
115 117
40 114
115 146
115 164
115 241
8 114
51 114
115 207
20 114
115 133
115 248
21 114
115 247
102 114
22 114
115 195
115 140
115 155
115 234
97 114
58 214
58 187
58 117
58 119
58 179
58 145
40 57
15 57
58 194
58 241
58 133
3 57
58 167
21 57
58 247
58 101
22 57
58 236
58 140
58 155
58 230
58 144
58 96
58 165
88 214
120 214
146 214
40 214
15 214
195 214
165 214
215 241
8 214
51 214
208 214
134 214
215 248
3 214
168 214
215 223
21 214
117 214
102 214
22 214
215 236
215 230
215 234
97 214
166 214
88 187
88 235
88 119
88 145
40 87
88 194
88 146
88 164
88 207
88 215
20 87
88 248
3 87
88 167
21 87
88 247
88 101
22 87
88 236
88 155
88 230
88 144
88 96
188 235
180 187
40 187
165 187
8 187
20 187
134 187
188 248
3 187
168 187
21 187
117 187
188 195
188 236
156 187
145 187
188 234
166 187
120 235
180 235
40 235
195 235
147 235
236 241
8 235
208 235
216 235
236 248
168 235
224 235
21 235
236 247
102 235
22 235
236 236
156 235
97 235
166 235
118 179
118 145
40 117
118 146
118 241
118 215
20 117
118 167
117 117
102 117
22 117
118 236
118 140
118 144
118 165
120 145
15 119
120 194
120 146
120 164
120 241
8 119
51 119
120 207
120 215
20 119
120 133
120 167
117 119
102 119
120 195
120 236
120 155
120 230
120 234
97 119
120 165
146 179
40 179
165 179
180 241
8 179
51 179
180 207
20 179
134 179
3 179
180 223
21 179
117 179
180 247
22 179
141 179
180 230
166 179
146 146
146 164
146 241
8 145
51 145
146 207
20 145
146 248
3 145
146 223
21 145
102 145
22 145
146 195
146 236
141 145
146 155
145 145
146 234
146 165
15 39
40 194
40 146
40 241
40 50
40 207
40 215
40 133
40 248
3 39
40 167
40 223
40 116
40 247
40 195
40 236
40 155
40 234
40 165
15 146
15 164
15 215
15 133
3 14
15 20
15 116
15 247
15 101
15 195
15 236
15 140
15 155
15 230
15 144
15 234
8 194
51 194
195 207
195 215
20 194
134 194
195 248
195 223
195 247
102 194
22 194
195 195
141 194
195 230
97 194
166 194
147 164
147 241
8 146
51 146
20 146
147 248
147 167
21 146
117 146
147 247
102 146
147 195
147 236
141 146
97 146
165 207
165 215
165 248
165 223
21 164
117 164
102 164
22 164
165 195
165 236
141 164
156 164
165 230
145 164
97 164
165 165
8 241
51 241
208 241
216 241
20 241
242 248
3 241
168 241
224 241
21 241
117 241
102 241
22 241
237 241
141 241
156 241
231 241
145 241
235 241
166 241
8 50
8 207
8 133
8 248
8 167
8 223
8 116
8 247
8 101
8 21
8 140
8 155
8 230
8 144
8 96
51 207
51 215
20 50
51 248
51 223
21 50
51 101
22 50
51 236
51 140
51 230
51 234
51 96
20 207
134 207
168 207
208 223
21 207
102 207
22 207
196 207
156 207
208 230
145 207
208 234
166 207
216 248
3 215
168 215
216 223
117 215
216 247
102 215
22 215
216 236
141 215
156 215
216 230
145 215
97 215
166 215
20 223
20 195
20 140
20 230
20 234
20 96
20 165
134 248
134 223
117 133
134 195
134 140
134 155
134 230
134 144
97 133
3 248
168 248
224 248
22 248
141 248
235 248
97 248
166 248
3 223
3 116
3 247
3 101
3 21
3 195
3 140
3 155
3 230
3 234
3 96
3 165
168 223
21 167
117 167
168 247
22 167
141 167
168 230
166 167
224 247
102 223
22 223
196 223
224 236
141 223
224 230
145 223
97 223
166 223
21 116
21 247
21 101
21 21
21 195
21 140
21 155
21 230
21 96
21 165
117 247
102 116
117 236
117 140
117 155
117 230
117 144
117 234
97 116
102 247
22 247
237 247
156 247
97 247
166 247
22 101
102 195
102 236
102 140
102 155
102 230
102 144
102 234
97 101
22 195
22 236
22 140
22 144
22 234
22 96
22 165
196 236
156 195
196 230
97 195
166 195
141 236
156 236
231 236
97 236
166 236
141 230
141 144
97 140
141 165
156 230
145 155
97 155
156 165
97 230
166 230
145 234
97 144
145 165
97 234
97 165
