50 50 50 50 50
10000
51 100
51 150
51 139
44 50
51 111
51 168
51 143
18 50
51 81
51 85
51 119
51 188
51 195
51 230
51 215
51 151
51 247
46 50
51 145
51 211
51 216
51 234
12 50
51 212
51 108
51 223
51 67
51 130
51 116
51 154
51 199
22 50
34 50
51 80
51 162
51 65
51 174
51 163
42 50
51 232
51 187
51 184
51 78
51 84
51 227
51 72
51 144
51 120
51 213
51 164
51 198
51 186
41 50
17 50
51 219
51 141
51 158
51 181
51 93
51 142
51 131
51 83
51 226
51 92
51 153
49 50
51 170
51 185
51 88
51 191
33 50
51 103
16 50
51 135
51 207
8 50
51 114
101 150
101 173
101 180
101 111
101 126
101 168
101 160
18 100
101 157
2 100
54 100
101 246
101 133
21 100
101 208
26 100
5 100
62 100
101 215
101 233
101 247
101 102
101 155
101 240
101 211
10 100
101 234
12 100
101 175
101 212
101 223
30 100
101 116
81 100
27 100
66 100
98 100
101 210
101 176
101 138
37 100
42 100
101 152
101 184
79 100
101 171
65 100
101 136
85 100
32 100
101 227
73 100
38 100
101 177
101 118
101 220
101 189
11 100
101 219
101 222
92 100
1 100
101 231
80 100
101 158
29 100
101 217
101 131
101 226
101 205
101 134
20 100
40 100
49 100
101 229
89 100
101 179
48 100
69 100
101 165
33 100
55 100
101 103
101 135
95 100
39 100
101 137
3 100
101 196
101 114
140 150
151 197
53 150
151 173
77 150
87 150
151 180
112 150
151 160
63 150
54 150
151 246
74 150
23 150
21 150
151 208
129 150
26 150
122 150
118 150
62 150
151 233
46 150
146 150
108 150
35 150
151 216
12 150
151 193
151 223
30 150
151 235
151 238
151 182
117 150
13 150
151 162
66 150
102 150
98 150
125 150
151 163
42 150
151 171
85 150
43 150
145 150
128 150
38 150
151 204
119 150
151 189
151 186
41 150
151 156
151 239
1 150
142 150
94 150
56 150
151 221
151 205
150 150
50 150
151 202
20 150
151 228
151 194
28 150
89 150
151 179
48 150
69 150
151 165
55 150
104 150
136 150
151 207
39 150
123 150
9 150
87 200
201 241
181 200
112 200
144 200
74 200
23 200
21 200
120 200
5 200
189 200
196 200
91 200
118 200
201 215
107 200
103 200
173 200
146 200
201 240
96 200
35 200
12 200
176 200
75 200
201 212
109 200
78 200
30 200
201 238
183 200
13 200
81 200
163 200
141 200
98 200
175 200
37 200
42 200
201 232
185 200
79 200
64 200
65 200
113 200
105 200
43 200
116 200
201 227
4 200
88 200
121 200
201 213
165 200
110 200
119 200
201 220
90 200
11 200
157 200
17 200
201 219
201 245
201 231
80 200
70 200
191 200
47 200
56 200
201 217
201 203
201 249
167 200
15 200
201 218
201 226
83 200
93 200
150 200
201 202
20 200
171 200
186 200
201 229
7 200
16 200
39 200
197 200
44 139
140 173
52 139
140 241
140 143
18 139
82 139
2 139
19 139
140 208
31 139
26 139
61 139
140 188
122 139
91 139
140 230
62 139
140 233
140 225
140 145
35 139
10 139
140 193
75 139
140 238
140 182
117 139
34 139
27 139
125 139
42 139
140 187
79 139
140 171
64 139
65 139
113 139
105 139
85 139
140 227
140 144
121 139
140 213
114 139
38 139
124 139
140 204
90 139
140 189
140 222
140 245
92 139
140 231
29 139
56 139
140 249
140 250
140 218
140 205
83 139
93 139
135 139
140 153
140 202
20 139
140 228
40 139
140 185
140 229
7 139
140 248
6 139
39 139
123 139
8 139
9 139
140 196
24 43
24 173
24 76
24 86
24 241
24 126
24 160
24 143
24 75
24 81
24 62
2 23
24 53
23 23
24 208
24 57
5 23
24 244
24 110
24 121
24 195
24 230
24 215
24 214
24 106
24 151
24 155
24 240
24 95
24 34
10 23
24 74
24 77
24 67
24 238
24 130
24 66
24 154
13 23
22 23
24 26
24 162
24 65
24 174
24 124
24 163
24 36
24 41
24 187
24 178
24 78
24 63
24 64
24 104
24 115
24 227
24 209
24 127
24 213
24 123
24 224
24 109
24 118
24 186
24 243
24 222
24 91
1 23
24 231
24 158
24 181
24 93
24 99
24 142
24 217
24 250
24 131
24 221
24 56
24 226
24 205
24 92
24 49
24 153
24 161
24 194
24 170
24 167
24 68
7 23
24 54
24 103
24 94
24 38
24 137
8 23
3 23
44 197
198 241
181 197
169 197
161 197
144 197
18 197
158 197
82 197
36 197
63 197
2 197
198 246
86 197
31 197
26 197
120 197
61 197
189 197
160 197
72 197
111 197
91 197
118 197
198 230
198 215
198 233
173 197
156 197
198 240
108 197
35 197
198 234
75 197
68 197
198 199
34 197
163 197
126 197
177 197
125 197
37 197
172 197
64 197
65 197
113 197
137 197
32 197
170 197
73 197
4 197
128 197
121 197
114 197
198 198
110 197
190 197
187 197
41 197
17 197
198 219
198 222
198 239
1 197
142 197
80 197
159 197
94 197
56 197
100 197
198 249
57 197
198 218
83 197
150 197
162 197
186 197
89 197
7 197
33 197
55 197
104 197
6 197
136 197
123 197
197 197
53 76
53 86
53 241
53 180
53 111
53 160
53 157
53 81
36 52
2 52
53 246
53 73
21 52
53 128
26 52
53 70
53 119
5 52
53 159
53 195
53 90
53 215
53 233
53 247
53 95
53 211
53 216
53 175
53 74
53 212
53 77
53 67
53 182
53 199
22 52
27 52
53 162
53 65
53 97
37 52
42 52
53 171
53 112
43 52
32 52
53 213
53 164
53 224
53 177
53 192
53 189
53 186
53 243
53 156
17 52
53 245
53 239
53 231
53 69
53 190
29 52
53 83
53 226
53 205
53 149
53 153
20 52
53 161
53 228
49 52
53 194
53 88
48 52
53 68
7 52
33 52
6 52
16 52
53 207
53 122
53 137
8 52
9 52
44 51
44 126
2 43
44 246
21 43
44 57
44 85
26 43
44 119
5 43
44 244
44 110
44 61
44 147
44 106
44 233
44 155
44 145
44 240
35 43
44 212
44 108
44 235
44 182
44 154
44 105
44 80
27 43
44 125
44 140
44 97
44 176
44 163
44 138
37 43
44 183
44 64
44 112
44 84
32 43
4 43
44 144
44 113
44 224
44 204
44 177
44 109
44 186
44 243
11 43
17 43
44 222
44 245
1 43
44 69
44 158
29 43
44 99
44 166
44 250
44 218
44 226
44 82
44 149
44 161
44 228
44 170
28 43
44 88
44 191
16 43
44 135
44 94
44 207
39 43
9 43
52 173
77 173
169 173
18 173
174 236
36 173
63 173
19 173
23 173
174 208
86 173
26 173
61 173
5 173
72 173
111 173
91 173
148 173
174 225
146 173
96 173
12 173
174 175
75 173
109 173
174 223
68 173
174 238
174 182
174 199
13 173
81 173
163 173
141 173
98 173
174 210
60 173
37 173
42 173
153 173
174 232
174 187
174 178
174 184
79 173
113 173
43 173
73 173
128 173
121 173
124 173
174 224
174 198
174 177
174 192
110 173
90 173
174 222
174 245
92 173
142 173
159 173
174 181
174 190
29 173
47 173
143 173
174 217
132 173
84 173
174 218
174 226
174 205
83 173
93 173
135 173
174 202
162 173
174 228
28 173
69 173
33 173
104 173
136 173
174 207
3 173
52 168
52 160
52 81
2 51
52 246
52 133
52 208
52 85
31 51
52 70
52 60
52 159
52 121
52 247
52 102
52 155
46 51
10 51
12 51
52 175
52 212
52 235
52 66
52 154
22 51
52 80
52 65
52 101
52 176
52 59
52 171
43 51
32 51
52 127
52 120
52 164
52 198
52 177
52 109
52 118
52 89
52 189
41 51
52 156
17 51
52 245
52 231
52 79
52 69
52 158
52 190
52 93
29 51
52 99
52 83
15 51
52 221
52 205
52 134
50 51
52 170
52 185
52 229
52 88
52 167
48 51
52 191
39 51
52 196
77 86
77 168
2 76
77 246
74 76
77 119
77 159
77 106
77 151
77 172
77 155
77 240
10 76
77 193
77 108
77 154
77 199
77 80
66 76
42 76
77 232
77 184
77 78
77 171
77 84
77 169
77 127
77 120
77 213
77 113
38 76
77 198
77 192
77 109
77 243
77 156
17 76
77 219
77 245
77 239
70 76
77 190
56 76
77 142
77 82
77 134
77 202
40 76
49 76
77 170
77 167
48 76
77 103
16 76
77 135
39 76
77 122
77 137
3 76
87 241
87 160
87 236
87 157
2 86
19 86
87 246
23 86
87 133
21 86
86 86
26 86
71 86
87 188
87 159
87 110
87 195
87 214
87 147
87 233
87 151
10 86
87 108
78 86
68 86
87 235
87 130
87 182
87 154
87 199
22 86
34 86
27 86
87 162
66 86
87 140
87 210
37 86
42 86
87 232
87 178
87 183
85 86
43 86
87 115
73 86
87 87
87 127
87 213
87 113
38 86
87 123
87 198
87 177
87 192
87 220
87 189
87 186
17 86
87 219
87 222
87 239
80 86
87 181
87 93
47 86
56 86
87 142
87 217
87 203
87 249
87 250
87 131
84 86
15 86
87 221
57 86
87 218
87 205
87 149
87 153
14 86
87 228
87 194
87 170
87 185
48 86
69 86
87 191
87 103
87 94
39 86
87 122
87 196
181 241
112 241
127 241
161 241
76 241
158 241
82 241
63 241
242 246
209 241
58 241
26 241
120 241
5 241
189 241
160 241
118 241
234 241
46 241
146 241
96 241
212 241
35 241
235 241
224 241
30 241
68 241
183 241
67 241
155 241
66 241
102 241
141 241
177 241
37 241
233 241
179 241
172 241
184 241
65 241
85 241
116 241
228 241
210 241
170 241
4 241
128 241
114 241
38 241
165 241
124 241
193 241
190 241
242 243
41 241
242 245
92 241
80 241
47 241
56 241
143 241
84 241
222 241
57 241
135 241
150 241
14 241
162 241
49 241
171 241
186 241
28 241
168 241
166 241
192 241
7 241
202 241
123 241
138 241
242 242
127 180
158 180
82 180
2 180
134 180
181 208
129 180
86 180
31 180
26 180
72 180
122 180
181 195
91 180
62 180
152 180
181 247
156 180
46 180
108 180
35 180
10 180
181 234
75 180
109 180
181 223
30 180
181 238
13 180
22 180
106 180
163 180
102 180
181 210
177 180
60 180
181 187
181 184
172 180
137 180
85 180
181 209
145 180
121 180
181 204
181 198
181 192
181 189
181 219
181 239
1 180
80 180
181 190
94 180
47 180
56 180
100 180
181 203
181 249
181 250
84 180
15 180
181 226
135 180
20 180
181 194
48 180
69 180
181 248
33 180
181 201
123 180
138 180
3 180
9 180
181 242
112 160
112 236
76 111
112 157
63 111
54 111
112 246
74 111
112 128
86 111
31 111
71 111
61 111
91 111
112 233
112 247
112 155
112 240
10 111
112 234
12 111
75 111
112 212
109 111
13 111
81 111
66 111
102 111
98 111
112 210
112 176
112 124
42 111
112 152
112 232
112 184
79 111
112 171
65 111
112 112
73 111
112 127
112 220
90 111
112 189
41 111
112 156
92 111
112 158
94 111
29 111
47 111
100 111
112 142
112 217
112 166
112 250
112 131
15 111
112 218
40 111
49 111
112 170
112 185
112 229
89 111
69 111
33 111
6 111
112 135
95 111
112 201
39 111
3 111
76 126
82 126
63 126
19 126
74 126
120 126
127 244
72 126
122 126
127 195
62 126
127 147
127 151
127 225
127 247
103 126
127 155
46 126
127 145
127 211
127 234
127 193
127 238
127 182
127 154
13 126
27 126
127 162
66 126
98 126
127 163
42 126
127 152
127 232
127 187
79 126
127 171
65 126
113 126
105 126
127 136
43 126
73 126
4 126
127 127
127 213
127 177
110 126
119 126
41 126
127 219
127 239
127 141
80 126
70 126
127 158
94 126
127 217
15 126
57 126
127 218
127 153
14 126
127 228
40 126
127 185
28 126
48 126
69 126
55 126
16 126
127 207
127 137
9 126
127 196
115 126
144 168
169 236
36 168
63 168
129 168
31 168
169 244
111 168
169 195
118 168
169 230
169 215
148 168
169 233
169 247
12 168
169 193
78 168
169 223
30 168
169 238
117 168
155 168
106 168
163 168
66 168
141 168
169 174
125 168
139 168
169 187
169 184
169 171
64 168
65 168
113 168
137 168
32 168
4 168
145 168
121 168
114 168
38 168
165 168
124 168
169 224
169 198
169 177
90 168
17 168
169 222
92 168
1 168
169 231
80 168
169 181
100 168
169 203
169 249
15 168
57 168
169 205
83 168
154 168
14 168
169 202
162 168
169 228
169 194
28 168
48 168
69 168
7 168
16 168
169 201
39 168
8 168
3 168
115 168
161 236
82 160
2 160
54 160
19 160
161 246
129 160
111 160
122 160
161 195
91 160
161 230
62 160
161 215
161 247
161 172
46 160
161 193
161 175
161 223
68 160
161 235
131 160
13 160
22 160
81 160
66 160
161 210
125 160
139 160
153 160
161 187
161 178
161 183
43 160
32 160
161 169
73 160
4 160
145 160
88 160
128 160
161 204
110 160
161 189
41 160
157 160
161 219
161 245
161 239
80 160
56 160
100 160
161 217
161 250
84 160
161 218
93 160
154 160
20 160
40 160
49 160
161 185
48 160
161 165
33 160
55 160
161 201
39 160
3 160
115 160
144 157
2 143
19 143
129 143
86 143
5 143
72 143
111 143
122 143
118 143
144 230
144 215
144 214
107 143
144 225
103 143
144 240
108 143
10 143
75 143
109 143
78 143
144 223
30 143
68 143
144 235
144 238
144 182
117 143
144 154
144 199
22 143
34 143
81 143
27 143
66 143
144 210
125 143
139 143
60 143
144 232
144 183
113 143
43 143
32 143
116 143
144 227
73 143
4 143
128 143
114 143
144 164
144 224
119 143
144 189
144 186
144 156
70 143
94 143
29 143
143 143
144 203
144 166
144 250
144 228
49 143
144 185
89 143
144 179
69 143
144 165
144 191
144 248
33 143
136 143
138 143
9 143
144 242
18 236
18 35
18 18
18 20
18 57
18 85
18 121
18 147
18 225
18 247
18 172
18 107
18 211
18 234
18 193
18 212
18 77
18 238
18 130
18 199
18 33
18 162
18 176
18 138
18 41
18 178
18 171
18 183
18 63
18 64
18 104
18 136
18 209
4 17
18 87
18 213
18 37
18 164
18 123
18 198
18 109
18 89
18 189
18 186
18 219
18 239
18 91
18 231
18 190
18 28
18 250
18 205
18 92
18 202
18 19
18 161
18 194
18 68
18 165
18 191
7 17
18 248
18 54
18 103
16 17
18 135
18 207
18 201
18 38
18 242
18 114
158 236
36 236
63 236
237 246
21 236
209 236
31 236
160 236
237 244
72 236
111 236
122 236
196 236
91 236
62 236
215 236
234 236
152 236
237 240
96 236
235 236
213 236
78 236
224 236
117 236
22 236
34 236
81 236
27 236
126 236
98 236
125 236
164 236
60 236
37 236
153 236
185 236
79 236
172 236
85 236
145 236
88 236
214 236
225 236
205 236
199 236
193 236
110 236
90 236
187 236
237 243
157 236
237 239
92 236
232 236
80 236
182 236
94 236
29 236
100 236
218 236
84 236
227 236
83 236
154 236
195 236
171 236
28 236
69 236
7 236
104 236
6 236
39 236
123 236
138 236
9 236
115 236
76 157
76 81
2 75
19 75
76 246
23 75
21 75
76 85
76 119
76 244
76 121
76 90
62 75
76 215
76 106
76 247
76 102
76 172
46 75
76 216
76 193
75 75
76 212
76 223
30 75
76 235
76 238
76 130
76 182
76 116
76 105
27 75
76 101
76 97
76 174
76 176
42 75
76 187
76 78
76 183
64 75
76 112
76 104
43 75
4 75
76 87
76 127
76 213
38 75
76 123
76 198
76 192
76 89
76 186
41 75
17 75
76 219
76 245
1 75
76 141
76 231
70 75
76 158
76 181
76 142
76 203
76 166
76 131
15 75
57 75
76 218
76 205
76 149
50 75
14 75
76 202
20 75
76 161
76 228
76 185
76 229
76 167
76 165
7 75
76 248
76 103
76 207
76 122
82 157
63 157
134 157
129 157
120 157
158 188
158 159
158 244
111 157
122 157
62 157
158 215
158 214
158 225
158 247
103 157
158 172
146 157
158 240
10 157
158 234
158 175
109 157
78 157
158 223
131 157
67 157
158 199
81 157
27 157
158 162
141 157
158 210
158 176
125 157
139 157
60 157
37 157
153 157
158 232
79 157
113 157
137 157
32 157
145 157
88 157
121 157
114 157
158 164
158 224
158 204
158 177
158 192
158 220
158 186
11 157
158 219
158 245
158 190
94 157
100 157
158 203
158 249
158 166
84 157
158 221
158 218
93 157
135 157
150 157
50 157
158 202
20 157
158 161
158 194
158 170
89 157
158 179
48 157
158 165
7 157
158 248
33 157
138 157
3 157
9 157
158 196
115 157
54 81
19 81
82 246
74 81
23 81
82 208
58 81
82 128
82 85
26 81
82 121
82 195
82 90
82 230
82 147
82 233
82 247
82 102
82 172
82 155
35 81
75 81
82 212
78 81
82 182
67 81
82 116
82 154
82 199
82 105
81 81
82 176
82 138
82 184
79 81
82 112
82 104
82 84
43 81
32 81
82 209
73 81
4 81
82 144
82 213
82 113
82 164
82 224
82 177
82 156
17 81
82 219
82 222
82 245
1 81
82 141
82 231
82 158
82 93
29 81
47 81
82 217
82 249
82 92
82 153
82 228
82 185
82 229
82 88
82 167
82 165
7 81
33 81
55 81
6 81
82 201
39 81
82 122
82 137
82 242
36 62
36 53
19 35
23 35
36 133
36 57
36 128
36 85
36 121
36 61
36 151
36 247
36 155
36 240
36 107
36 211
36 175
36 223
30 35
22 35
34 35
36 162
36 65
36 125
36 174
36 124
36 138
36 59
36 36
36 41
36 183
36 64
36 112
36 227
36 144
36 37
36 164
36 123
36 204
36 198
36 177
36 89
36 40
36 156
36 239
36 79
36 99
36 166
36 131
36 83
36 56
36 134
36 149
36 153
36 202
36 39
36 194
36 185
36 88
36 179
36 167
36 47
36 165
36 191
36 54
36 207
36 201
36 122
9 35
36 196
23 62
63 133
63 208
58 62
31 62
63 119
63 188
63 110
63 121
63 195
63 90
62 62
63 214
63 106
63 172
63 155
46 62
10 62
63 234
63 74
63 235
63 238
63 116
34 62
63 80
63 65
63 125
63 140
63 97
63 163
37 62
42 62
63 232
63 184
63 78
63 183
63 63
63 104
63 84
32 62
63 115
63 209
63 169
63 72
63 144
63 127
63 164
63 123
63 224
63 177
63 118
63 220
63 89
63 189
63 186
17 62
63 245
63 239
63 69
63 93
63 250
15 62
57 62
63 218
63 92
63 202
49 62
63 170
28 62
63 167
48 62
63 191
63 135
3 62
63 196
63 114
2 246
2 208
2 57
2 128
2 85
2 30
2 188
2 110
2 121
2 117
2 106
2 151
2 225
2 247
2 102
2 155
2 145
2 95
2 74
2 238
2 66
2 12
2 21
2 33
2 80
2 26
2 97
2 210
2 176
2 124
2 138
2 41
2 152
2 232
2 187
2 136
2 209
2 169
2 72
2 3
2 113
2 123
2 224
2 204
2 177
2 109
2 220
2 89
2 189
2 222
2 245
2 239
1 1
2 141
2 231
2 28
2 99
2 142
2 131
2 83
2 221
2 205
2 82
2 92
2 134
2 149
2 202
2 19
2 39
2 48
2 27
2 179
2 167
2 68
2 54
2 135
2 94
2 207
2 38
2 122
2 2
2 242
54 73
54 128
31 53
5 53
54 188
54 71
54 110
54 121
54 90
54 61
54 215
54 151
54 225
54 155
46 53
54 145
54 211
12 53
54 74
54 235
54 182
54 154
13 53
22 53
54 105
27 53
54 162
54 65
54 101
54 140
54 210
54 124
54 163
42 53
54 183
54 63
54 104
54 136
54 84
32 53
54 227
54 169
54 72
54 127
54 113
54 164
54 123
54 204
54 198
54 177
54 192
54 220
11 53
17 53
54 219
54 245
54 69
54 190
54 55
54 142
54 249
54 250
54 131
54 221
54 218
54 149
54 153
54 161
54 228
49 53
28 53
54 88
48 53
54 68
54 165
7 53
54 248
54 137
3 53
9 53
54 114
19 133
19 20
19 208
19 85
19 30
19 25
19 159
19 110
19 121
19 230
19 215
19 240
19 34
12 18
19 175
19 29
19 235
19 199
13 18
19 33
19 105
19 65
19 101
19 97
19 174
19 210
19 176
19 138
19 36
19 41
19 187
19 184
19 78
19 183
19 64
19 112
4 18
19 164
19 224
19 204
19 109
19 220
19 243
19 156
17 18
19 91
19 231
19 158
19 190
19 93
19 55
19 217
19 203
19 166
19 250
19 131
19 83
15 18
19 218
19 92
19 134
14 18
19 19
19 170
19 179
19 68
19 165
19 191
19 54
19 135
19 38
19 122
19 137
3 18
9 18
23 246
21 246
209 246
129 246
31 246
26 246
71 246
5 246
111 246
122 246
118 246
216 246
226 246
103 246
146 246
35 246
176 246
213 246
78 246
224 246
236 246
183 246
67 246
13 246
163 246
66 246
102 246
141 246
98 246
175 246
177 246
125 246
188 246
85 246
43 246
32 246
170 246
73 246
4 246
88 246
128 246
121 246
114 246
38 246
165 246
225 246
193 246
110 246
190 246
41 246
246 246
142 246
80 246
29 246
56 246
100 246
218 246
15 246
222 246
83 246
93 246
150 246
162 246
40 246
49 246
230 246
28 246
168 246
69 246
192 246
55 246
16 246
8 246
23 73
74 128
26 73
71 73
74 119
74 110
74 195
74 90
62 73
74 147
74 106
74 151
74 102
74 155
46 73
74 240
74 211
74 175
74 74
74 108
74 223
74 235
74 182
13 73
22 73
34 73
74 101
74 125
74 174
74 210
74 176
74 124
74 138
60 73
37 73
42 73
74 232
74 187
74 178
74 84
32 73
74 115
73 73
74 213
74 113
74 164
74 123
74 204
74 109
74 186
41 73
74 156
74 219
74 222
74 91
74 231
56 73
74 249
74 250
74 131
74 83
15 73
74 218
74 82
74 92
14 73
20 73
74 228
49 73
74 170
74 229
74 179
74 191
7 73
74 248
55 73
16 73
74 135
74 207
74 201
39 73
8 73
23 159
23 71
23 121
23 117
23 61
23 151
23 172
23 240
23 107
23 95
23 77
23 223
23 130
23 182
23 66
23 116
22 22
23 33
23 80
23 26
23 140
23 97
23 210
23 176
23 124
23 41
23 184
23 112
23 104
23 84
23 227
23 209
23 120
23 204
23 220
23 186
17 22
23 219
23 222
23 239
23 141
23 231
23 69
23 158
23 181
23 28
23 46
23 99
23 142
23 250
23 131
15 22
23 92
23 149
23 153
23 229
23 179
23 165
23 114
86 133
71 133
134 159
72 133
111 133
62 133
134 147
134 233
134 151
103 133
134 155
46 133
35 133
134 193
75 133
109 133
30 133
131 133
134 182
134 154
134 199
106 133
134 162
66 133
126 133
134 140
134 210
125 133
134 138
37 133
42 133
134 152
134 232
134 178
134 184
79 133
134 183
64 133
65 133
113 133
134 136
85 133
134 209
121 133
134 213
114 133
38 133
134 164
124 133
134 224
134 204
134 192
134 220
134 186
134 239
94 133
47 133
134 217
134 249
132 133
134 226
134 205
93 133
134 134
134 149
134 170
134 185
28 133
89 133
134 167
69 133
134 165
134 191
33 133
55 133
104 133
6 133
134 135
134 207
134 196
21 85
21 70
21 119
21 195
21 90
21 117
21 61
21 214
21 151
21 225
21 247
21 155
21 45
21 95
10 20
21 234
21 74
21 212
21 223
21 176
21 124
21 36
21 41
21 152
21 187
21 184
21 78
21 183
21 112
21 136
21 115
21 227
21 209
21 144
21 87
21 213
21 113
21 164
21 204
21 198
21 243
21 40
21 156
21 219
21 239
21 231
21 69
21 93
21 46
21 142
21 217
21 203
21 166
21 131
21 83
21 221
21 226
21 205
21 134
21 153
21 202
20 20
21 161
21 48
21 170
21 185
21 27
21 167
21 165
6 20
21 207
21 201
58 208
26 208
71 208
160 208
111 208
118 208
209 215
209 214
209 233
209 247
156 208
209 240
108 208
209 211
35 208
10 208
209 234
12 208
194 208
75 208
78 208
209 223
30 208
209 235
209 238
117 208
13 208
22 208
163 208
66 208
175 208
209 210
177 208
125 208
37 208
188 208
172 208
64 208
105 208
85 208
43 208
32 208
116 208
209 227
73 208
121 208
38 208
209 224
178 208
193 208
119 208
209 220
41 208
157 208
209 219
209 222
209 239
1 208
80 208
191 208
29 208
47 208
100 208
209 217
204 208
209 218
206 208
150 208
154 208
20 208
162 208
49 208
171 208
89 208
180 208
69 208
209 248
136 208
95 208
202 208
8 208
3 208
58 85
58 70
58 119
58 159
58 71
58 110
58 121
58 214
58 106
58 233
58 151
58 225
46 57
58 240
58 211
35 57
10 57
58 193
58 74
58 212
58 108
58 77
30 57
58 66
13 57
58 105
58 80
58 125
58 174
58 210
37 57
58 232
58 187
58 178
58 184
58 78
58 63
43 57
32 57
4 57
58 113
58 123
58 224
58 118
58 220
58 89
11 57
58 219
1 57
56 57
58 99
58 203
58 166
58 83
15 57
58 92
58 149
58 179
48 57
58 68
58 165
7 57
58 248
6 57
58 94
39 57
58 122
8 57
3 57
58 242
58 196
58 114
31 128
120 128
129 159
129 244
111 128
129 147
107 128
129 151
129 172
129 145
129 240
96 128
129 216
78 128
129 223
129 238
67 128
129 154
129 199
34 128
102 128
129 140
60 128
37 128
129 232
79 128
129 171
129 183
113 128
43 128
73 128
4 128
128 128
121 128
129 198
110 128
119 128
129 243
17 128
129 219
129 239
1 128
129 141
80 128
70 128
29 128
56 128
100 128
129 142
129 217
129 250
84 128
129 221
129 218
129 205
93 128
129 134
129 153
129 161
129 194
129 229
28 128
48 128
129 191
7 128
129 248
104 128
129 207
3 128
9 128
129 242
26 85
86 110
86 121
86 90
86 117
62 85
86 147
86 233
86 151
86 247
86 102
86 172
86 145
86 240
86 107
75 85
86 212
86 108
30 85
86 235
86 116
22 85
86 101
86 140
86 210
86 176
86 138
86 178
86 184
79 85
86 183
64 85
86 104
86 136
86 115
86 209
86 87
38 85
86 164
86 198
86 177
86 118
86 89
11 85
86 156
86 245
86 239
86 181
86 93
47 85
56 85
86 249
86 166
86 250
86 218
86 205
83 85
86 134
86 149
86 202
86 161
86 228
49 85
86 194
86 185
86 88
86 179
48 85
86 103
39 85
86 122
86 137
86 196
31 70
31 159
31 215
31 147
31 106
31 151
31 102
31 45
31 211
31 34
10 30
31 74
31 67
31 199
13 30
22 30
31 162
31 140
31 176
31 171
31 183
31 112
31 42
31 31
31 144
31 120
31 213
31 164
31 123
31 204
31 198
31 192
31 118
31 220
31 40
17 30
31 219
31 91
31 79
31 99
31 203
31 249
31 218
31 82
31 202
31 228
31 39
31 185
31 229
28 30
31 191
16 30
31 94
31 38
8 30
3 30
9 30
31 196
26 188
26 159
26 244
26 110
26 195
26 106
26 151
26 247
26 172
10 25
12 25
26 193
26 74
26 212
26 67
26 238
26 116
26 154
26 33
26 80
26 101
26 125
26 140
26 174
26 138
26 59
26 178
26 78
26 171
26 63
26 64
26 104
26 136
26 84
26 115
26 209
26 72
26 120
26 224
26 177
26 109
26 118
26 220
26 189
26 40
26 219
1 25
26 79
26 181
26 28
26 46
26 99
26 142
26 217
26 249
26 131
26 83
26 221
26 205
26 82
26 92
26 153
14 25
26 202
20 25
26 228
26 48
26 194
26 229
26 165
26 54
26 103
26 94
26 38
3 25
71 119
71 159
71 71
71 121
71 90
71 215
71 214
71 147
71 106
71 247
35 70
71 175
71 74
71 130
67 70
71 116
34 70
71 105
27 70
71 174
71 210
71 176
60 70
37 70
71 178
64 70
65 70
71 112
71 104
43 70
71 169
71 144
71 87
71 120
38 70
71 224
71 118
71 89
71 189
71 186
11 70
71 219
71 239
1 70
71 99
71 166
71 131
71 83
57 70
71 218
71 134
71 153
71 170
28 70
71 179
71 167
69 70
71 165
71 191
55 70
9 70
61 119
91 119
62 119
120 215
120 147
107 119
120 233
120 172
46 119
120 145
96 119
120 211
12 119
120 223
30 119
120 235
120 130
67 119
117 119
120 199
120 210
120 152
120 187
79 119
120 136
43 119
120 227
38 119
120 177
90 119
120 186
41 119
120 219
120 245
70 119
120 181
94 119
47 119
120 250
120 218
120 226
120 205
83 119
120 134
120 153
20 119
40 119
120 185
69 119
120 165
7 119
33 119
55 119
104 119
120 135
120 137
9 119
120 242
115 119
61 188
61 71
61 121
61 215
61 147
61 247
61 102
61 172
61 155
46 60
61 145
61 240
61 107
61 95
12 60
61 193
61 175
61 108
61 77
30 60
61 235
61 130
61 182
61 66
61 116
61 101
61 140
61 174
61 124
37 60
42 60
61 152
61 232
61 187
61 178
61 78
61 63
61 104
43 60
32 60
61 169
61 144
61 213
61 224
61 198
61 109
61 118
61 220
61 89
61 243
11 60
61 156
61 219
61 245
61 239
61 91
61 141
61 231
61 79
61 69
61 190
61 203
61 249
61 166
61 131
61 92
61 153
20 60
49 60
61 185
61 88
61 179
48 60
61 248
55 60
61 103
6 60
61 135
61 201
39 60
61 122
61 137
9 60
61 242
61 114
5 244
5 121
5 195
5 230
5 61
5 214
5 106
5 233
5 151
5 247
5 45
5 95
5 74
5 212
5 223
5 67
5 235
5 238
5 66
5 21
5 33
5 125
5 140
5 174
5 176
5 178
5 183
5 64
5 136
5 84
5 227
5 169
5 113
5 37
5 118
5 189
5 186
1 4
5 141
5 231
5 190
5 55
5 221
5 56
5 82
5 149
5 228
5 39
5 194
5 185
5 27
5 165
5 6
5 248
5 207
5 201
5 7
5 114
160 188
111 188
107 188
103 188
156 188
46 188
146 188
96 188
10 188
176 188
189 212
78 188
189 223
68 188
67 188
117 188
155 188
189 199
13 188
106 188
81 188
27 188
126 188
141 188
175 188
189 210
164 188
179 188
113 188
105 188
38 188
165 188
189 224
178 188
119 188
189 220
189 189
189 243
11 188
17 188
189 245
92 188
1 188
189 231
80 188
70 188
182 188
189 190
94 188
47 188
100 188
143 188
189 217
189 203
167 188
189 250
84 188
15 188
189 218
189 226
20 188
49 188
28 188
180 188
69 188
104 188
95 188
189 207
189 201
39 188
189 242
111 159
62 159
160 215
148 159
107 159
160 172
46 159
160 240
160 216
160 234
160 223
160 235
131 159
67 159
22 159
102 159
141 159
160 210
160 163
160 187
160 178
79 159
64 159
113 159
105 159
137 159
85 159
43 159
116 159
160 169
4 159
145 159
124 159
160 224
160 204
160 198
160 177
160 192
110 159
160 220
160 243
41 159
157 159
17 159
160 219
160 222
1 159
142 159
160 190
56 159
160 203
160 249
160 250
14 159
160 228
89 159
160 248
33 159
6 159
95 159
160 201
123 159
3 159
160 242
115 159
111 244
122 244
216 244
234 244
103 244
173 244
46 244
108 244
75 244
30 244
68 244
239 244
183 244
67 244
155 244
81 244
27 244
126 244
98 244
175 244
42 244
153 244
233 244
179 244
105 244
43 244
32 244
210 244
73 244
88 244
121 244
114 244
165 244
124 244
225 244
199 244
193 244
90 244
41 244
17 244
245 245
232 244
80 244
191 244
56 244
143 244
245 249
167 244
84 244
15 244
219 244
227 244
206 244
83 244
135 244
154 244
20 244
162 244
229 244
49 244
230 244
89 244
245 248
33 244
55 244
104 244
202 244
39 244
138 244
3 244
243 244
72 121
72 195
72 90
72 214
72 247
72 145
72 107
72 74
72 223
30 71
67 71
72 154
72 105
72 80
72 125
72 174
72 210
60 71
72 184
72 78
65 71
72 112
43 71
32 71
72 227
72 87
72 127
72 213
72 113
72 164
72 204
72 177
72 109
72 118
72 239
72 91
1 71
72 141
72 158
47 71
72 99
72 131
57 71
72 218
72 205
72 149
14 71
20 71
72 228
72 170
72 88
72 179
69 71
72 165
72 191
72 248
33 71
55 71
72 103
16 71
111 121
111 195
111 230
111 215
111 151
111 225
111 172
111 155
46 110
111 211
111 234
12 110
111 212
78 110
111 223
30 110
68 110
111 130
22 110
106 110
81 110
27 110
111 125
111 210
111 124
37 110
111 152
111 178
111 171
111 136
85 110
43 110
32 110
111 169
73 110
111 123
111 204
111 198
111 220
90 110
111 189
11 110
111 222
1 110
111 231
80 110
47 110
56 110
111 203
111 166
84 110
111 218
111 205
83 110
111 149
111 161
111 228
40 110
49 110
111 170
111 185
48 110
7 110
111 135
39 110
9 110
122 195
122 215
122 147
107 121
122 225
122 247
122 240
108 121
122 211
35 121
122 216
122 234
12 121
122 193
30 121
68 121
122 130
67 121
117 121
122 154
27 121
122 162
122 125
98 121
122 174
122 176
122 163
122 187
122 178
79 121
122 171
122 183
122 136
43 121
32 121
122 209
122 169
122 164
122 123
122 198
122 177
122 192
110 121
122 220
122 189
122 243
11 121
17 121
122 219
80 121
122 158
122 181
56 121
100 121
122 217
122 249
122 250
15 121
122 218
122 202
122 228
122 170
122 229
89 121
55 121
16 121
122 135
122 207
39 121
8 121
3 121
118 195
196 230
196 233
196 247
173 195
196 211
196 216
10 195
196 234
194 195
176 195
109 195
196 223
68 195
196 235
196 238
131 195
183 195
67 195
81 195
66 195
175 195
64 195
65 195
113 195
116 195
196 227
4 195
145 195
128 195
121 195
196 213
38 195
196 198
178 195
196 220
41 195
196 245
142 195
196 231
182 195
29 195
100 195
167 195
196 250
15 195
57 195
93 195
135 195
50 195
154 195
40 195
186 195
180 195
69 195
166 195
7 195
104 195
9 195
115 195
91 117
62 90
91 233
91 225
91 247
91 107
91 216
10 90
12 90
75 90
91 212
91 108
78 90
13 90
34 90
66 90
91 125
91 140
91 97
91 176
91 184
91 112
91 104
85 90
43 90
91 144
88 90
91 120
91 113
91 224
91 204
90 90
17 90
91 245
91 91
80 90
70 90
91 250
84 90
15 90
91 221
91 218
83 90
91 92
91 161
91 228
91 229
89 90
91 191
7 90
55 90
6 90
16 90
91 201
118 215
118 247
118 155
118 240
108 117
12 117
118 223
118 130
118 182
106 117
118 162
102 117
118 210
118 176
118 124
118 138
60 117
42 117
118 232
118 184
79 117
118 171
113 117
118 136
118 209
118 169
73 117
118 144
118 120
114 117
38 117
110 117
118 220
118 186
11 117
17 117
118 222
1 117
118 158
118 190
47 117
118 131
15 117
57 117
118 205
118 149
14 117
40 117
118 194
28 117
118 167
118 191
33 117
118 201
118 122
215 230
152 230
103 230
173 230
96 230
212 230
194 230
176 230
78 230
30 230
131 230
183 230
13 230
22 230
27 230
102 230
141 230
211 230
177 230
164 230
60 230
42 230
231 232
184 230
64 230
85 230
32 230
116 230
210 230
4 230
145 230
88 230
114 230
225 230
199 230
110 230
221 230
187 230
157 230
17 230
223 230
231 239
92 230
70 230
182 230
191 230
218 230
231 249
167 230
132 230
222 230
219 230
206 230
83 230
229 230
89 230
168 230
166 230
231 248
104 230
6 230
136 230
208 230
62 215
62 106
62 225
62 102
35 61
10 61
62 175
62 212
62 77
62 223
62 67
62 238
62 182
62 66
13 61
62 105
62 65
62 174
62 210
62 124
37 61
62 232
62 187
62 178
62 78
62 63
62 64
62 112
62 136
62 84
43 61
62 127
62 120
62 123
62 224
62 204
62 198
62 177
62 220
62 243
11 61
62 219
62 245
62 141
29 61
62 203
62 131
15 61
62 221
62 218
62 226
62 205
62 82
62 92
62 161
62 228
62 68
7 61
62 248
33 61
39 61
8 61
62 114
173 215
212 215
35 215
216 234
194 215
109 215
78 215
216 235
216 238
183 215
67 215
155 215
13 215
81 215
66 215
102 215
126 215
211 215
164 215
139 215
37 215
42 215
179 215
184 215
65 215
113 215
105 215
85 215
43 215
116 215
170 215
73 215
128 215
121 215
114 215
165 215
205 215
193 215
110 215
90 215
216 245
216 231
216 217
204 215
167 215
216 250
132 215
84 215
57 215
216 218
206 215
14 215
162 215
216 228
195 215
186 215
28 215
69 215
166 215
192 215
7 215
6 215
136 215
95 215
123 215
138 215
3 215
9 215
197 215
107 214
215 233
215 247
156 214
108 214
212 214
35 214
10 214
194 214
176 214
213 214
109 214
30 214
68 214
215 235
22 214
34 214
66 214
102 214
141 214
98 214
211 214
60 214
42 214
188 214
185 214
172 214
64 214
85 214
215 227
170 214
4 214
165 214
205 214
193 214
110 214
187 214
157 214
17 214
215 219
215 222
215 245
142 214
70 214
191 214
94 214
29 214
56 214
100 214
167 214
206 214
93 214
203 214
162 214
215 228
49 214
195 214
186 214
215 229
89 214
48 214
192 214
215 248
104 214
16 214
95 214
39 214
123 214
138 214
3 214
9 214
215 242
148 247
148 155
148 240
108 147
35 147
148 216
148 212
109 147
148 223
68 147
148 238
67 147
66 147
102 147
126 147
148 176
42 147
148 232
148 184
148 171
64 147
65 147
137 147
85 147
43 147
148 209
73 147
4 147
88 147
148 213
148 164
148 204
148 192
110 147
119 147
148 186
1 147
142 147
148 158
148 190
94 147
29 147
47 147
56 147
148 203
148 166
148 221
57 147
148 218
83 147
148 202
148 161
148 228
49 147
148 194
148 185
148 179
48 147
69 147
148 165
148 191
33 147
104 147
95 147
39 147
123 147
138 147
148 242
107 151
107 172
107 155
107 107
107 211
10 106
107 175
107 108
78 106
107 223
107 235
107 238
107 182
107 154
106 106
81 106
66 106
107 125
107 140
98 106
107 210
107 176
107 124
107 152
107 178
107 184
107 171
64 106
107 112
107 136
43 106
73 106
107 144
107 127
107 113
38 106
107 123
107 224
107 109
107 118
11 106
107 219
107 239
1 106
107 181
107 190
47 106
100 106
107 203
15 106
107 221
57 106
107 205
107 149
50 106
14 106
107 202
107 161
107 228
107 194
107 229
107 179
48 106
69 106
107 165
33 106
16 106
107 135
107 207
39 106
8 106
107 242
107 196
152 233
226 233
173 233
46 233
234 240
10 233
176 233
109 233
78 233
224 233
30 233
68 233
234 235
131 233
67 233
155 233
13 233
163 233
102 233
125 233
42 233
185 233
172 233
64 233
65 233
113 233
105 233
85 233
116 233
170 233
4 233
214 233
38 233
199 233
90 233
190 233
187 233
223 233
232 233
70 233
182 233
191 233
56 233
218 233
234 249
234 250
15 233
222 233
57 233
206 233
50 233
203 233
229 233
40 233
195 233
230 233
28 233
168 233
104 233
95 233
202 233
39 233
197 233
108 151
152 211
35 151
10 151
12 151
152 193
152 212
109 151
131 151
67 151
152 199
13 151
22 151
106 151
81 151
152 162
152 174
152 210
152 163
139 151
37 151
42 151
152 232
152 187
152 178
152 171
43 151
116 151
152 169
73 151
4 151
145 151
88 151
114 151
38 151
124 151
152 204
152 198
152 192
110 151
92 151
1 151
80 151
152 181
94 151
29 151
100 151
143 151
152 203
152 166
132 151
84 151
15 151
152 226
93 151
135 151
150 151
50 151
14 151
152 202
152 161
40 151
49 151
152 170
28 151
89 151
48 151
152 165
7 151
6 151
136 151
3 151
9 151
115 151
173 225
46 225
96 225
12 225
75 225
109 225
226 235
34 225
163 225
66 225
126 225
141 225
211 225
177 225
125 225
139 225
37 225
184 225
113 225
137 225
43 225
226 227
170 225
128 225
214 225
38 225
165 225
119 225
187 225
11 225
41 225
157 225
226 239
142 225
191 225
56 225
226 249
167 225
226 250
132 225
84 225
15 225
222 225
57 225
219 225
83 225
150 225
20 225
49 225
171 225
226 229
168 225
166 225
104 225
6 225
16 225
136 225
208 225
202 225
39 225
138 225
103 247
173 247
156 247
241 247
212 247
217 247
194 247
176 247
75 247
224 247
30 247
183 247
67 247
155 247
200 247
13 247
34 247
106 247
81 247
66 247
141 247
139 247
60 247
233 247
188 247
179 247
184 247
137 247
116 247
73 247
4 247
128 247
121 247
214 247
114 247
205 247
199 247
193 247
90 247
41 247
223 247
80 247
182 247
29 247
47 247
57 247
219 247
83 247
93 247
162 247
49 247
28 247
180 247
168 247
248 248
55 247
6 247
8 247
3 247
9 247
243 247
103 107
96 102
103 216
12 102
103 212
78 102
103 238
67 102
103 199
13 102
34 102
27 102
103 162
103 140
103 174
103 210
103 124
103 163
42 102
103 178
103 171
103 183
103 104
103 136
85 102
103 227
103 169
103 127
103 213
103 220
103 156
17 102
103 219
92 102
103 141
103 231
103 142
103 217
103 203
103 166
15 102
103 221
57 102
103 218
103 226
103 149
103 202
103 170
48 102
7 102
103 103
16 102
103 201
39 102
103 122
103 137
9 102
108 172
75 172
30 172
68 172
173 238
67 172
13 172
22 172
81 172
163 172
126 172
141 172
98 172
173 210
164 172
139 172
60 172
42 172
153 172
85 172
43 172
145 172
88 172
128 172
173 213
38 172
165 172
124 172
173 198
173 177
110 172
119 172
173 220
90 172
173 189
173 186
11 172
173 245
173 239
92 172
142 172
173 231
173 250
132 172
84 172
173 221
83 172
135 172
50 172
14 172
173 202
20 172
40 172
173 194
89 172
173 179
69 172
166 172
136 172
173 207
8 172
3 172
46 155
156 240
108 155
96 155
156 211
10 155
30 155
156 235
131 155
156 182
13 155
22 155
34 155
27 155
66 155
126 155
141 155
139 155
60 155
156 187
79 155
156 171
156 183
85 155
43 155
32 155
156 209
73 155
145 155
128 155
156 213
114 155
38 155
156 224
156 177
156 192
156 189
156 243
156 156
17 155
156 222
92 155
156 231
156 190
94 155
29 155
56 155
143 155
156 249
156 166
84 155
15 155
156 221
156 218
156 226
93 155
135 155
150 155
154 155
40 155
28 155
156 167
33 155
156 201
138 155
8 155
46 145
46 240
46 211
46 234
46 193
46 212
46 223
46 235
46 182
46 116
46 105
46 97
46 163
46 138
46 59
37 45
42 45
46 178
46 78
46 63
46 64
46 136
46 84
46 209
46 120
46 213
46 113
46 123
46 198
46 118
11 45
46 156
17 45
46 222
46 245
46 239
46 91
46 141
46 79
46 158
46 190
46 93
29 45
46 46
46 55
46 217
46 250
46 131
46 221
46 56
46 226
46 205
46 92
46 49
20 45
46 161
46 48
46 194
46 170
46 185
46 88
46 191
7 45
46 248
46 135
46 207
46 201
46 122
8 45
146 240
146 216
146 212
109 145
131 145
117 145
81 145
146 162
66 145
146 163
146 178
146 184
146 171
105 145
116 145
146 169
145 145
128 145
121 145
114 145
38 145
146 164
146 192
110 145
146 220
146 186
146 245
146 239
1 145
146 158
146 190
29 145
100 145
146 217
146 249
146 221
146 226
146 205
146 149
50 145
146 161
146 228
40 145
28 145
89 145
69 145
146 191
146 248
6 145
95 145
146 201
9 145
146 196
108 240
96 240
10 240
194 240
176 240
213 240
78 240
236 240
239 240
131 240
22 240
66 240
102 240
98 240
164 240
139 240
179 240
79 240
172 240
184 240
137 240
85 240
4 240
178 240
193 240
221 240
187 240
17 240
241 245
240 240
92 240
56 240
100 240
218 240
84 240
83 240
135 240
150 240
14 240
171 240
89 240
69 240
192 240
241 248
104 240
208 240
138 240
8 240
9 240
115 240
108 211
35 107
10 107
108 212
34 107
106 107
27 107
102 107
108 140
42 107
108 152
108 187
108 178
108 171
108 112
73 107
108 213
108 113
108 164
108 123
108 224
108 109
108 118
108 186
11 107
80 107
70 107
108 158
108 181
47 107
108 217
108 249
108 166
84 107
15 107
57 107
108 218
83 107
108 134
108 149
50 107
14 107
108 161
108 228
40 107
49 107
108 179
108 191
55 107
95 107
108 201
3 107
9 107
96 211
10 95
12 95
96 108
78 95
96 223
96 235
96 238
96 182
96 154
96 105
96 124
60 95
37 95
96 152
96 187
96 178
96 227
73 95
4 95
96 120
96 123
96 224
96 109
90 95
96 189
96 243
41 95
17 95
96 219
80 95
96 190
96 249
96 166
93 95
96 153
14 95
96 161
40 95
49 95
96 170
96 179
96 167
96 165
96 191
96 248
33 95
16 95
96 201
39 95
96 122
8 95
3 95
9 95
96 196
96 114
10 211
109 211
78 211
30 211
68 211
183 211
117 211
34 211
98 211
175 211
211 211
177 211
212 232
185 211
172 211
113 211
137 211
32 211
210 211
128 211
114 211
212 224
110 211
212 220
90 211
187 211
212 243
41 211
157 211
17 211
212 219
212 245
70 211
182 211
29 211
47 211
143 211
212 250
212 218
206 211
93 211
154 211
20 211
162 211
171 211
186 211
212 229
180 211
69 211
166 211
192 211
7 211
55 211
136 211
95 211
202 211
123 211
138 211
212 242
197 211
35 216
35 234
12 34
35 212
35 77
35 223
35 235
35 238
35 182
35 66
35 116
35 154
35 105
27 34
35 97
35 163
35 138
35 36
35 63
35 112
35 104
35 136
35 42
32 34
35 87
35 120
35 213
35 37
35 164
35 198
35 118
35 220
35 89
35 40
17 34
35 91
35 141
35 231
35 79
35 69
35 158
29 34
35 142
35 249
35 166
35 131
35 83
35 205
35 92
35 149
35 49
14 34
35 170
28 34
35 165
35 54
35 103
6 34
16 34
35 94
35 114
10 216
217 234
176 216
68 216
217 238
117 216
155 216
34 216
81 216
66 216
126 216
98 216
211 216
139 216
37 216
217 232
79 216
65 216
105 216
32 216
116 216
4 216
88 216
121 216
214 216
38 216
193 216
119 216
90 216
217 222
217 245
217 239
92 216
191 216
47 216
204 216
217 249
217 250
57 216
93 216
203 216
20 216
217 228
180 216
69 216
192 216
33 216
16 216
208 216
138 216
197 216
10 234
10 11
10 193
10 74
10 108
10 29
10 67
10 66
10 116
10 199
10 21
10 33
10 65
10 125
10 163
10 138
10 36
10 41
10 152
10 232
10 78
10 171
10 183
10 104
10 84
10 115
10 209
10 169
4 9
10 144
10 87
10 127
10 213
10 198
10 220
10 89
10 16
10 219
10 239
1 9
10 190
10 46
10 203
10 166
10 250
10 92
10 161
10 194
10 170
10 27
10 88
10 165
10 191
7 9
10 248
10 103
6 9
10 135
10 114
176 234
78 234
224 234
30 234
68 234
200 234
66 234
211 234
139 234
60 234
233 234
179 234
185 234
113 234
228 234
170 234
4 234
145 234
121 234
165 234
190 234
187 234
235 243
223 234
92 234
232 234
182 234
235 249
235 250
57 234
219 234
135 234
150 234
50 234
154 234
203 234
229 234
40 234
49 234
171 234
186 234
230 234
89 234
48 234
166 234
33 234
6 234
95 234
123 234
138 234
197 234
12 175
12 74
12 108
12 238
12 182
12 21
12 105
12 26
12 97
12 210
12 59
12 184
12 171
12 63
12 64
12 104
12 42
12 169
12 144
12 213
12 113
12 37
12 204
12 109
12 89
12 245
12 231
12 69
12 158
12 181
12 190
12 28
12 250
12 131
12 14
12 56
12 218
12 92
12 149
12 170
12 229
12 179
7 11
12 248
12 54
12 135
12 207
12 201
9 11
12 242
12 114
176 193
78 193
194 223
194 235
183 193
117 193
13 193
98 193
175 193
194 210
60 193
42 193
153 193
194 232
185 193
184 193
64 193
113 193
105 193
85 193
43 193
32 193
170 193
73 193
121 193
114 193
194 204
178 193
110 193
119 193
194 220
90 193
187 193
194 219
194 222
1 193
182 193
191 193
29 193
47 193
143 193
194 217
194 203
194 221
194 218
194 226
194 205
135 193
150 193
154 193
20 193
40 193
49 193
194 194
168 193
69 193
166 193
6 193
194 201
39 193
123 193
138 193
8 193
3 193
115 193
75 175
78 175
30 175
68 175
176 235
131 175
176 182
126 175
175 175
176 176
125 175
139 175
60 175
176 187
176 183
113 175
85 175
176 209
170 175
73 175
145 175
128 175
165 175
119 175
176 243
157 175
17 175
176 231
176 181
47 175
176 221
176 218
176 226
176 205
49 175
176 185
176 229
28 175
48 175
166 175
176 207
176 201
3 175
176 196
30 74
75 235
75 238
13 74
22 74
34 74
75 105
75 80
75 101
75 125
75 140
75 97
75 210
60 74
37 74
42 74
75 152
75 232
75 183
64 74
75 104
75 115
75 227
75 209
75 213
75 113
75 224
75 192
75 243
41 74
75 156
75 219
1 74
75 79
75 93
56 74
75 99
75 142
75 203
75 131
15 74
75 134
50 74
75 153
14 74
75 228
75 194
75 170
75 229
28 74
75 179
48 74
75 248
75 94
75 207
75 201
9 74
109 212
213 235
67 212
155 212
34 212
106 212
27 212
175 212
139 212
37 212
42 212
153 212
79 212
172 212
184 212
64 212
113 212
85 212
32 212
170 212
4 212
145 212
213 213
38 212
165 212
119 212
187 212
157 212
213 219
213 239
92 212
182 212
100 212
213 221
213 218
206 212
150 212
28 212
89 212
180 212
168 212
192 212
213 248
33 212
55 212
208 212
202 212
8 212
109 182
109 199
27 108
109 162
102 108
109 124
37 108
109 178
109 171
65 108
109 112
105 108
109 136
43 108
109 227
73 108
4 108
109 144
109 127
109 113
109 164
109 198
109 220
109 189
109 186
41 108
109 219
109 245
109 239
1 108
80 108
109 158
109 181
109 190
100 108
109 142
109 166
109 221
57 108
109 218
109 226
109 153
109 161
109 228
49 108
109 194
28 108
109 167
16 108
109 135
39 108
3 108
78 223
30 77
78 182
67 77
78 154
22 77
78 80
66 77
78 101
78 125
78 176
78 124
78 163
78 138
60 77
78 178
78 171
32 77
78 227
73 77
78 213
78 164
78 224
78 204
78 177
78 89
78 156
78 219
78 91
78 231
78 181
78 190
78 93
29 77
78 99
78 203
15 77
78 218
78 202
20 77
78 228
78 170
78 185
78 167
48 77
78 165
7 77
55 77
6 77
78 207
78 201
39 77
78 137
8 77
3 77
78 242
224 235
183 223
67 223
117 223
34 223
27 223
163 223
98 223
164 223
60 223
224 232
188 223
64 223
65 223
113 223
105 223
85 223
32 223
116 223
73 223
128 223
38 223
205 223
178 223
119 223
190 223
224 243
157 223
224 245
224 239
92 223
142 223
191 223
94 223
29 223
47 223
143 223
218 223
132 223
224 226
186 223
180 223
166 223
104 223
202 223
39 223
123 223
30 67
30 80
30 101
30 140
30 174
30 163
30 138
30 41
30 171
30 183
30 63
30 64
30 136
30 84
30 42
30 169
30 72
4 29
30 144
30 120
30 37
30 123
30 204
30 118
30 220
30 189
11 29
30 40
30 156
17 29
30 219
30 222
30 239
30 91
30 69
30 158
30 181
30 190
29 29
30 46
30 55
30 218
30 82
14 29
20 29
30 39
30 194
28 29
30 88
30 179
30 68
30 248
30 32
30 54
30 94
30 207
30 122
30 137
8 29
9 29
68 238
68 116
68 154
34 67
68 105
68 162
68 140
68 124
68 163
42 67
68 187
68 178
68 184
65 67
68 112
68 104
43 67
32 67
68 169
68 72
4 67
68 127
68 213
68 123
68 198
68 177
68 109
68 220
68 89
68 189
68 186
68 243
68 219
68 91
1 67
68 190
68 93
56 67
68 203
68 166
68 250
68 218
68 226
68 92
68 134
68 153
68 202
20 67
68 161
40 67
49 67
68 179
48 67
68 68
7 67
33 67
55 67
68 103
6 67
68 207
68 201
68 137
3 67
68 196
68 114
131 235
200 235
34 235
106 235
66 235
102 235
126 235
141 235
98 235
211 235
164 235
185 235
79 235
113 235
4 235
145 235
38 235
124 235
205 235
199 235
178 235
193 235
190 235
187 235
11 235
223 235
236 245
1 235
182 235
47 235
236 249
57 235
83 235
93 235
14 235
203 235
20 235
162 235
40 235
195 235
186 235
230 235
28 235
89 235
180 235
33 235
95 235
39 235
8 235
236 242
115 235
13 238
106 238
27 238
102 238
42 238
179 238
105 238
85 238
43 238
228 238
210 238
73 238
128 238
121 238
214 238
38 238
124 238
193 238
110 238
119 238
239 243
41 238
142 238
232 238
159 238
94 238
100 238
143 238
84 238
15 238
219 238
227 238
206 238
135 238
154 238
203 238
162 238
40 238
49 238
195 238
171 238
230 238
28 238
89 238
168 238
7 238
33 238
55 238
104 238
6 238
16 238
95 238
208 238
39 238
8 238
3 238
9 238
197 238
115 238
131 182
117 130
131 154
22 130
106 130
81 130
27 130
66 130
102 130
131 210
131 138
60 130
42 130
131 232
79 130
131 183
105 130
85 130
131 227
131 144
128 130
131 213
131 224
119 130
90 130
131 243
11 130
17 130
131 219
131 222
131 239
70 130
131 181
131 190
47 130
131 217
131 203
131 221
131 226
131 202
20 130
131 161
131 228
40 130
131 194
131 185
89 130
48 130
131 191
33 130
16 130
39 130
131 137
67 182
13 182
81 182
163 182
66 182
102 182
177 182
125 182
164 182
60 182
153 182
179 182
172 182
183 183
65 182
113 182
137 182
85 182
73 182
145 182
128 182
38 182
124 182
183 224
119 182
183 186
157 182
183 219
183 222
92 182
1 182
183 231
94 182
47 182
143 182
183 217
15 182
183 218
83 182
93 182
150 182
183 228
40 182
49 182
183 194
171 182
183 185
180 182
168 182
69 182
166 182
7 182
183 248
33 182
104 182
16 182
183 207
3 182
9 182
183 242
183 196
115 182
66 66
67 101
67 174
67 210
67 163
67 152
67 232
67 187
67 104
67 136
67 84
32 66
67 115
67 72
67 120
67 213
67 198
11 66
67 156
67 69
67 181
29 66
47 66
67 142
67 166
67 92
50 66
67 228
40 66
67 194
67 165
67 191
33 66
67 207
67 201
8 66
9 66
13 116
22 116
81 116
27 116
102 116
117 125
37 116
79 116
117 183
64 116
105 116
85 116
43 116
117 209
117 164
117 224
117 198
110 116
117 118
117 186
117 219
1 116
117 141
117 231
70 116
117 158
117 190
56 116
117 166
15 116
83 116
117 134
50 116
117 153
117 202
117 161
117 228
117 179
69 116
117 248
55 116
6 116
95 116
117 201
117 137
9 116
117 196
106 154
98 154
155 174
155 176
155 163
153 154
155 232
155 178
65 154
113 154
73 154
4 154
128 154
121 154
155 164
155 204
155 198
155 220
90 154
155 243
11 154
155 219
155 239
92 154
70 154
155 158
100 154
155 249
155 166
155 250
155 218
155 205
155 202
20 154
155 228
40 154
155 194
155 170
155 185
89 154
48 154
155 165
104 154
136 154
95 154
39 154
3 154
115 154
81 199
163 199
102 199
126 199
98 199
125 199
139 199
60 199
37 199
185 199
113 199
105 199
43 199
116 199
170 199
145 199
128 199
200 213
114 199
165 199
199 199
110 199
200 220
90 199
80 199
70 199
159 199
182 199
191 199
94 199
29 199
56 199
200 221
200 226
93 199
40 199
195 199
186 199
200 229
28 199
180 199
69 199
200 248
136 199
95 199
200 207
123 199
3 199
9 199
200 242
197 199
13 21
13 33
13 105
13 80
13 162
13 101
13 125
13 174
13 124
13 36
13 152
13 187
13 184
13 78
13 183
13 63
13 64
13 112
13 136
13 42
13 169
13 198
13 177
13 109
13 220
13 89
11 12
13 40
13 219
13 239
13 91
1 12
13 231
13 79
13 158
13 190
13 46
13 55
13 249
13 131
13 221
13 82
13 149
13 13
13 161
13 228
13 39
13 194
13 185
13 27
13 47
13 248
13 38
13 122
8 12
9 12
22 33
22 105
22 26
22 101
22 125
22 174
22 176
22 163
22 138
22 59
22 152
22 184
22 78
22 112
22 104
4 21
22 144
22 192
22 109
22 243
22 156
22 222
22 245
22 91
22 158
22 190
22 46
22 55
22 99
22 203
22 250
22 218
22 226
22 92
22 149
22 153
14 21
22 161
22 228
22 48
22 170
22 185
22 27
22 88
22 179
22 165
22 191
22 248
22 32
6 21
22 135
22 94
22 137
3 21
22 242
22 196
27 33
34 162
34 140
34 174
34 210
34 152
34 184
34 78
32 33
34 169
34 144
34 120
34 113
34 204
34 177
34 189
34 156
34 219
34 91
1 33
34 231
34 79
34 158
34 203
34 249
34 56
34 218
34 82
34 202
34 194
34 170
34 229
34 88
34 191
34 135
34 94
34 207
34 201
34 122
34 137
34 242
66 105
106 125
106 140
98 105
106 174
106 163
106 138
37 105
106 178
106 184
79 105
106 171
64 105
85 105
106 115
106 209
73 105
106 144
106 127
106 120
38 105
106 164
106 192
90 105
11 105
106 156
17 105
106 219
106 131
106 221
106 218
106 226
106 205
106 153
106 202
106 228
106 179
48 105
106 165
106 191
55 105
104 105
6 105
106 137
8 105
81 162
81 140
81 210
81 176
81 124
81 178
81 183
64 80
81 112
81 209
4 80
81 87
81 127
81 120
81 213
81 164
81 224
81 198
81 177
81 192
81 109
81 220
81 89
81 186
11 80
41 80
81 156
81 91
81 141
80 80
70 80
81 181
81 142
81 205
81 82
81 134
14 80
81 161
40 80
81 229
81 88
81 191
7 80
33 80
16 80
81 201
81 122
8 80
3 80
9 80
81 242
27 65
27 101
27 97
27 174
27 124
27 138
27 59
27 36
27 41
27 232
27 78
27 183
27 63
27 64
27 112
27 104
27 84
27 72
4 26
27 87
27 164
27 123
27 224
27 204
27 177
27 109
27 243
27 40
27 156
1 26
27 141
27 231
27 79
27 69
27 158
27 190
27 93
27 142
27 217
27 166
27 250
27 131
27 83
27 221
27 56
27 226
27 149
27 49
20 26
27 228
27 48
27 229
27 179
27 167
27 165
27 191
7 26
27 248
27 32
27 122
27 137
3 26
27 196
98 162
163 163
163 232
163 184
163 171
65 162
137 162
85 162
73 162
145 162
88 162
163 164
163 224
163 192
119 162
11 162
41 162
163 219
142 162
94 162
56 162
100 162
143 162
163 249
163 166
163 221
163 226
135 162
50 162
14 162
20 162
162 162
40 162
163 194
163 170
163 229
163 179
48 162
69 162
163 248
104 162
6 162
95 162
8 162
3 162
9 162
115 162
66 101
66 125
66 124
66 163
42 65
66 178
66 184
66 183
65 65
66 136
4 65
66 213
66 113
66 164
66 204
66 198
11 65
17 65
66 239
66 231
66 190
47 65
66 142
66 217
66 249
66 250
66 83
15 65
66 153
49 65
66 179
48 65
7 65
33 65
55 65
6 65
66 135
66 122
98 101
102 210
102 138
60 101
42 101
102 187
102 183
65 101
102 227
102 209
88 101
102 120
102 213
102 224
102 198
102 109
102 220
102 186
102 243
11 101
41 101
102 156
17 101
102 245
92 101
1 101
80 101
102 190
47 101
102 217
102 203
102 166
102 250
84 101
102 221
102 205
102 149
50 101
102 153
14 101
102 202
20 101
102 161
102 170
102 179
102 167
48 101
102 191
7 101
102 248
16 101
102 135
39 101
8 101
126 140
126 210
125 125
126 163
60 125
126 184
126 171
126 183
116 125
73 125
88 125
126 213
38 125
126 204
126 192
90 125
126 189
126 186
126 243
11 125
17 125
126 141
126 231
70 125
126 181
94 125
29 125
47 125
126 217
126 203
126 249
126 250
15 125
126 221
126 226
126 205
83 125
50 125
14 125
126 202
20 125
40 125
49 125
126 170
126 185
126 179
126 167
48 125
69 125
7 125
126 248
126 207
123 125
8 125
3 125
9 125
126 242
115 125
98 140
141 176
141 163
60 140
37 140
141 232
141 178
141 183
113 140
32 140
116 140
141 227
141 144
88 140
114 140
38 140
124 140
141 192
110 140
141 186
11 140
41 140
141 156
141 239
80 140
70 140
141 181
141 190
94 140
56 140
141 166
15 140
83 140
93 140
141 149
50 140
141 202
20 140
141 194
141 185
28 140
89 140
141 179
141 167
141 191
7 140
33 140
55 140
104 140
16 140
123 140
138 140
98 174
98 210
98 138
37 97
98 232
98 184
98 171
65 97
98 115
98 169
88 97
98 213
98 113
98 123
98 224
98 198
98 177
98 192
98 220
90 97
98 222
98 239
1 97
98 231
80 97
47 97
98 217
98 203
15 97
98 221
83 97
98 149
98 153
14 97
98 185
28 97
89 97
98 165
98 248
55 97
98 207
98 201
39 97
98 122
98 114
164 174
60 174
175 232
175 187
175 184
172 174
65 174
32 174
116 174
128 174
114 174
175 224
175 192
175 189
175 219
175 222
175 231
80 174
159 174
175 181
94 174
56 174
143 174
175 217
175 249
15 174
175 221
57 174
175 218
135 174
175 228
40 174
175 194
175 229
175 179
168 174
48 174
69 174
104 174
6 174
16 174
136 174
95 174
175 207
175 201
39 174
123 174
9 174
177 210
139 210
60 210
211 232
179 210
184 210
43 210
170 210
4 210
88 210
38 210
124 210
211 224
199 210
178 210
193 210
211 220
187 210
211 243
11 210
17 210
211 219
211 239
1 210
80 210
70 210
191 210
100 210
143 210
204 210
167 210
84 210
211 218
135 210
14 210
20 210
211 228
40 210
186 210
89 210
48 210
69 210
208 210
138 210
8 210
211 242
197 210
153 176
177 187
177 178
172 176
105 176
137 176
43 176
32 176
177 227
170 176
145 176
88 176
121 176
177 224
177 198
119 176
17 176
92 176
142 176
177 231
80 176
70 176
29 176
47 176
177 203
84 176
177 218
177 226
177 205
83 176
150 176
50 176
177 228
171 176
177 185
177 179
168 176
166 176
177 248
33 176
6 176
16 176
177 201
9 176
177 242
37 124
125 152
125 178
125 171
125 183
64 124
65 124
113 124
105 124
125 127
121 124
125 213
125 192
119 124
125 220
125 186
125 243
11 124
125 156
125 231
125 166
125 131
15 124
125 221
125 218
93 124
50 124
125 153
125 228
40 124
125 179
125 167
48 124
125 165
55 124
104 124
95 124
125 201
123 124
42 163
164 232
64 163
65 163
113 163
85 163
73 163
4 163
88 163
121 163
164 213
164 204
164 177
164 186
164 245
164 239
164 231
164 181
164 190
100 163
164 217
164 203
164 249
84 163
164 221
164 218
164 226
93 163
150 163
14 163
20 163
162 163
164 194
164 170
28 163
89 163
164 179
164 167
69 163
55 163
136 163
164 201
9 163
164 196
139 152
139 178
139 171
85 138
43 138
116 138
139 227
4 138
121 138
114 138
139 164
124 138
139 224
139 198
110 138
139 220
139 189
139 186
139 243
17 138
92 138
139 231
80 138
139 158
139 181
139 203
139 249
139 166
139 226
139 205
93 138
50 138
139 161
139 228
139 194
28 138
139 167
139 248
55 138
136 138
95 138
139 201
39 138
138 138
9 138
115 138
60 152
60 232
60 178
60 63
60 104
60 136
60 115
4 59
60 87
60 120
60 113
38 59
60 123
60 224
60 204
60 109
60 118
60 89
60 189
60 156
60 219
60 245
60 239
60 141
60 231
60 69
60 158
60 181
60 190
60 93
29 59
47 59
56 59
60 203
60 249
60 131
60 83
57 59
60 218
60 134
60 149
50 59
60 153
60 228
60 88
48 59
60 68
16 59
60 201
60 137
8 59
60 196
60 114
37 152
37 78
37 63
37 112
37 104
37 136
32 36
37 115
37 144
37 224
37 109
37 118
37 89
37 243
11 36
37 219
37 222
37 245
37 239
37 141
37 79
37 181
37 46
37 99
37 142
37 217
37 203
37 249
37 83
15 36
37 218
37 226
37 49
37 229
37 179
37 165
37 191
37 248
37 94
37 207
37 137
8 36
37 242
37 196
42 152
42 187
42 178
42 78
42 63
42 42
32 41
42 227
42 209
42 144
42 127
42 213
42 123
42 224
42 177
42 192
42 220
42 156
42 219
42 239
42 91
42 141
42 231
42 190
42 93
29 41
42 46
42 249
42 131
42 205
42 134
42 202
20 41
42 161
42 194
42 165
42 191
42 248
33 41
42 103
39 41
8 41
42 196
42 114
153 232
153 187
153 184
65 152
113 152
116 152
153 227
153 209
153 169
145 152
88 152
153 224
153 192
110 152
153 186
11 152
153 156
153 219
153 245
70 152
153 181
94 152
153 217
153 203
153 249
153 221
93 152
150 152
153 153
20 152
40 152
153 194
153 185
48 152
153 191
33 152
6 152
136 152
95 152
9 152
179 232
79 232
184 232
113 232
105 232
85 232
43 232
32 232
116 232
88 232
165 232
178 232
110 232
119 232
221 232
190 232
187 232
11 232
233 245
1 232
80 232
94 232
233 249
132 232
15 232
57 232
83 232
150 232
14 232
203 232
20 232
162 232
229 232
40 232
49 232
230 232
28 232
89 232
180 232
168 232
192 232
7 232
233 248
33 232
6 232
202 232
123 232
9 232
233 242
179 187
185 187
184 187
65 187
113 187
43 187
116 187
73 187
188 224
188 198
188 192
110 187
119 187
187 187
41 187
188 219
188 239
1 187
80 187
182 187
29 187
56 187
143 187
188 249
167 187
188 250
84 187
15 187
83 187
135 187
50 187
154 187
14 187
188 202
20 187
162 187
28 187
89 187
180 187
69 187
6 187
16 187
188 207
188 201
188 242
115 187
79 178
43 178
32 178
116 178
179 227
170 178
73 178
128 178
121 178
179 213
124 178
179 198
90 178
179 189
157 178
179 239
92 178
1 178
179 181
94 178
47 178
179 217
179 250
15 178
179 226
50 178
20 178
179 228
171 178
179 185
179 179
48 178
69 178
166 178
104 178
8 178
79 184
172 184
184 184
85 184
116 184
185 209
170 184
4 184
128 184
121 184
114 184
17 184
92 184
1 184
29 184
167 184
185 250
185 221
185 218
185 226
83 184
150 184
50 184
14 184
162 184
185 228
28 184
69 184
166 184
185 191
7 184
104 184
6 184
136 184
185 207
8 184
185 242
79 104
79 209
79 169
79 127
38 78
79 224
79 177
79 243
79 156
17 78
79 222
79 245
1 78
79 231
79 79
79 158
79 93
29 78
79 217
79 249
79 166
79 131
57 78
79 218
79 226
79 205
14 78
79 228
79 170
79 88
79 179
79 167
69 78
79 191
7 78
55 78
79 135
79 201
8 78
79 242
79 114
172 183
65 171
43 171
116 171
172 227
172 213
172 224
172 192
172 220
172 186
41 171
172 239
92 171
1 171
172 250
132 171
15 171
83 171
93 171
49 171
172 185
172 229
28 171
89 171
48 171
166 171
172 207
172 201
39 171
123 171
3 171
115 171
32 183
128 183
121 183
114 183
184 204
184 198
184 243
41 183
17 183
184 222
184 245
184 239
1 183
184 231
184 190
29 183
56 183
184 249
184 250
184 218
184 205
93 183
50 183
20 183
40 183
184 194
89 183
166 183
7 183
123 183
138 183
184 196
115 183
43 63
64 209
4 63
64 87
38 63
64 198
64 220
64 189
11 63
64 245
64 239
64 141
64 158
29 63
64 142
64 249
64 166
64 83
15 63
64 218
64 228
49 63
64 194
64 179
64 167
7 63
64 103
16 63
64 94
64 122
64 137
8 63
64 242
64 196
65 112
65 104
65 115
65 169
4 64
65 87
65 127
38 64
65 204
65 198
65 118
65 220
65 186
11 64
65 239
65 91
65 158
65 190
65 93
65 217
65 249
65 166
65 250
65 131
65 221
65 226
14 64
20 64
65 228
65 194
65 88
65 179
65 167
65 68
65 165
55 64
65 103
16 64
65 135
65 201
39 64
65 137
65 196
105 112
113 136
85 112
113 115
113 209
4 112
113 127
113 113
113 164
113 224
113 198
113 177
110 112
113 220
41 112
70 112
113 158
29 112
47 112
113 217
113 203
113 166
84 112
113 221
113 226
93 112
113 149
113 153
49 112
113 194
113 170
113 185
113 229
89 112
113 179
113 165
7 112
113 248
55 112
95 112
113 201
39 112
113 137
9 112
113 242
113 196
113 114
73 104
4 104
105 127
105 113
38 104
105 204
105 220
105 156
105 219
105 222
105 239
105 158
105 181
94 104
29 104
47 104
56 104
105 142
105 203
105 249
105 166
105 226
83 104
93 104
50 104
14 104
105 202
49 104
105 229
89 104
105 179
48 104
69 104
105 248
33 104
105 207
105 137
8 104
9 104
105 114
32 136
73 136
121 136
137 224
137 177
137 192
137 220
137 186
137 243
41 136
137 156
137 245
137 239
92 136
137 231
80 136
70 136
137 158
137 181
100 136
84 136
137 149
137 161
137 185
137 179
137 165
137 248
16 136
136 136
95 136
137 207
115 136
43 84
85 115
85 227
85 169
4 84
85 127
85 177
85 109
85 118
85 189
85 186
85 243
41 84
17 84
85 245
1 84
85 231
85 158
56 84
85 99
85 142
85 203
85 249
85 250
85 131
85 221
85 226
85 205
85 149
85 153
20 84
49 84
85 170
85 185
85 229
7 84
85 248
85 137
32 42
43 72
4 42
43 120
43 213
43 113
43 224
43 177
43 192
43 189
43 156
43 222
43 239
43 91
43 231
43 158
43 190
43 46
43 55
43 203
43 249
43 250
43 83
43 221
43 56
43 218
43 205
43 134
43 149
43 49
43 161
43 228
43 194
43 185
43 179
43 47
43 68
43 191
7 42
33 42
43 54
6 42
16 42
43 135
43 94
43 201
39 42
43 137
3 42
43 196
43 114
4 31
32 144
32 127
32 113
32 204
32 189
11 31
32 156
32 219
32 222
32 239
32 231
32 79
32 158
32 93
29 31
32 46
32 55
32 131
32 83
32 56
32 134
32 149
32 49
32 202
32 161
32 228
32 194
32 170
32 185
32 229
32 191
7 31
32 248
32 54
32 103
32 38
8 31
73 115
114 115
116 204
110 115
90 115
11 115
41 115
116 156
116 222
116 239
70 115
116 190
94 115
29 115
56 115
100 115
116 217
116 249
116 131
84 115
83 115
116 134
50 115
116 202
116 194
116 170
116 185
116 167
33 115
116 122
115 115
73 227
4 227
165 227
199 227
178 227
193 227
190 227
228 243
220 227
1 227
159 227
182 227
29 227
47 227
204 227
228 250
84 227
57 227
219 227
135 227
150 227
40 227
186 227
28 227
180 227
166 227
7 227
33 227
104 227
16 227
208 227
123 227
3 227
170 209
4 209
121 209
210 213
38 209
165 209
199 209
193 209
187 209
157 209
142 209
182 209
191 209
56 209
100 209
204 209
210 249
84 209
15 209
210 218
150 209
203 209
162 209
195 209
89 209
168 209
48 209
69 209
210 248
33 209
55 209
95 209
123 209
3 209
9 209
73 169
88 169
128 169
121 169
170 213
114 169
170 177
170 189
157 169
17 169
170 245
170 239
170 231
80 169
170 181
170 190
56 169
170 249
132 169
170 221
57 169
170 218
170 226
135 169
170 202
170 228
49 169
170 194
170 185
28 169
89 169
168 169
69 169
166 169
55 169
104 169
6 169
16 169
8 169
3 169
9 169
170 196
4 72
73 127
73 113
73 204
73 198
73 186
73 243
41 72
73 141
73 93
29 72
73 203
73 250
15 72
73 205
73 134
20 72
73 228
73 194
73 185
73 88
48 72
7 72
73 103
73 135
73 207
73 201
73 122
8 72
9 72
73 242
73 196
73 114
4 127
4 164
4 89
4 156
4 16
4 219
4 245
4 239
1 3
4 141
4 158
4 181
4 142
4 217
4 249
4 250
4 83
4 221
4 218
4 92
4 49
4 153
4 228
4 39
4 179
4 103
4 5
4 15
3 3
4 8
4 242
4 114
88 144
114 144
145 224
145 177
119 144
145 220
90 144
145 186
145 222
145 245
80 144
145 181
145 190
47 144
143 144
145 203
145 249
145 166
145 250
145 218
145 226
135 144
145 149
145 153
145 202
145 161
49 144
145 229
89 144
48 144
145 191
145 248
6 144
145 207
39 144
138 144
9 144
145 242
145 196
115 144
88 127
88 120
88 164
88 123
88 224
88 118
88 219
88 222
88 239
88 91
1 87
88 158
88 181
88 190
47 87
88 142
88 203
88 131
84 87
15 87
88 218
50 87
88 153
88 161
88 228
88 179
7 87
88 248
55 87
6 87
88 94
88 122
3 87
88 114
121 127
124 127
128 224
128 192
119 127
128 220
90 127
128 189
128 243
128 156
17 127
128 219
128 245
128 239
92 127
1 127
80 127
128 190
29 127
100 127
128 217
128 166
128 250
128 221
128 218
128 134
128 202
49 127
128 194
128 185
128 229
89 127
128 167
69 127
7 127
128 248
33 127
128 135
3 127
9 127
38 120
121 164
121 123
121 192
119 120
121 220
121 186
121 243
121 219
121 245
94 120
100 120
121 142
121 203
121 249
121 250
15 120
121 226
93 120
121 134
121 149
121 153
121 202
20 120
40 120
121 194
121 229
55 120
104 120
121 135
95 120
121 242
121 196
114 213
90 213
190 213
187 213
157 213
17 213
214 219
214 222
142 213
182 213
94 213
100 213
214 217
204 213
132 213
15 213
214 221
57 213
83 213
150 213
50 213
154 213
14 213
203 213
214 228
40 213
7 213
33 213
104 213
39 213
8 213
38 113
114 220
114 186
41 113
17 113
92 113
80 113
114 158
114 181
114 217
114 249
114 166
114 250
114 131
15 113
57 113
93 113
50 113
114 153
14 113
114 228
40 113
114 179
114 165
7 113
16 113
114 201
39 113
114 122
3 113
9 113
38 123
38 177
38 192
38 109
38 118
38 243
38 156
38 222
38 239
1 37
38 141
38 69
38 181
38 93
38 99
38 249
38 166
38 131
38 83
15 37
38 221
38 56
38 92
38 134
38 153
14 37
38 161
38 39
38 48
38 229
28 37
38 88
38 167
38 68
33 37
6 37
38 135
38 207
38 38
38 242
38 114
110 164
90 164
157 164
165 219
165 222
1 164
142 164
165 231
165 181
94 164
29 164
56 164
143 164
165 250
132 164
165 221
165 226
150 164
50 164
14 164
49 164
165 194
165 185
28 164
165 167
6 164
136 164
95 164
39 164
165 196
115 164
124 177
124 192
119 123
124 189
124 243
41 123
124 222
124 239
92 123
124 158
94 123
47 123
124 142
124 249
124 131
124 218
124 205
50 123
124 161
124 185
89 123
124 165
124 248
95 123
39 123
123 123
124 242
119 224
90 224
157 224
17 224
225 245
159 224
191 224
204 224
225 226
203 224
195 224
186 224
225 229
180 224
168 224
166 224
95 224
39 224
123 224
9 224
197 224
199 204
110 204
190 204
205 243
11 204
205 245
92 204
205 231
80 204
94 204
29 204
47 204
56 204
100 204
143 204
205 249
93 204
135 204
14 204
20 204
205 228
195 204
171 204
205 229
168 204
48 204
166 204
7 204
205 248
33 204
16 204
95 204
205 207
138 204
9 204
205 242
178 198
193 198
110 198
11 198
41 198
17 198
199 222
80 198
70 198
191 198
94 198
47 198
100 198
199 250
199 218
83 198
162 198
195 198
171 198
186 198
89 198
168 198
48 198
166 198
6 198
199 207
138 198
199 242
178 220
178 243
11 177
17 177
178 245
178 239
178 190
94 177
29 177
47 177
56 177
100 177
178 249
167 177
84 177
15 177
57 177
93 177
135 177
150 177
14 177
162 177
178 228
40 177
49 177
171 177
178 185
28 177
166 177
55 177
104 177
16 177
178 242
115 177
110 192
193 220
190 192
193 243
1 192
193 231
70 192
159 192
182 192
94 192
29 192
47 192
56 192
193 249
167 192
15 192
193 218
193 226
193 205
150 192
193 202
20 192
193 228
40 192
49 192
171 192
186 192
168 192
48 192
192 192
7 192
193 248
95 192
123 192
3 192
193 242
193 196
110 219
110 222
110 141
110 231
110 158
94 109
93 109
110 134
110 149
50 109
110 153
14 109
110 161
110 194
28 109
89 109
110 167
48 109
110 165
110 248
6 109
110 135
110 207
39 109
110 122
110 196
119 156
92 118
1 118
119 141
70 118
119 190
47 118
56 118
119 142
119 203
119 249
84 118
15 118
57 118
83 118
119 149
50 118
14 118
20 118
119 161
119 228
49 118
119 194
119 185
119 191
7 118
104 118
16 118
119 137
3 118
9 118
119 242
90 220
221 243
11 220
157 220
17 220
221 222
221 245
159 220
182 220
94 220
56 220
218 220
221 249
84 220
221 221
135 220
150 220
14 220
20 220
49 220
195 220
171 220
186 220
221 229
89 220
180 220
168 220
192 220
55 220
104 220
6 220
16 220
136 220
202 220
123 220
3 220
9 220
197 220
115 220
90 243
90 219
90 222
90 239
1 89
90 141
90 181
56 89
90 131
84 89
15 89
90 218
90 153
20 89
90 161
90 228
90 170
28 89
89 89
48 89
33 89
6 89
16 89
90 94
90 122
90 137
3 89
90 196
90 114
11 189
190 245
92 189
70 189
190 190
56 189
167 189
190 250
132 189
15 189
57 189
190 218
190 226
83 189
154 189
190 194
190 229
28 189
69 189
166 189
33 189
55 189
104 189
95 189
190 201
123 189
9 189
41 186
187 245
187 231
70 186
182 186
167 186
84 186
15 186
57 186
187 218
187 205
83 186
93 186
150 186
50 186
187 202
187 228
171 186
168 186
166 186
187 191
95 186
187 201
39 186
8 186
223 243
240 243
80 243
94 243
56 243
143 243
244 249
167 243
219 243
83 243
93 243
150 243
50 243
20 243
229 243
40 243
49 243
195 243
186 243
69 243
192 243
244 248
33 243
55 243
104 243
243 243
11 156
11 16
11 219
11 91
1 10
11 141
11 79
11 28
11 99
11 249
11 19
11 161
11 48
11 194
11 170
11 229
11 47
11 68
11 165
6 10
11 15
11 94
11 122
11 196
41 219
41 222
41 91
41 190
29 40
41 46
41 99
15 40
41 56
41 205
41 202
40 40
41 48
41 170
41 229
41 88
41 165
41 191
33 40
41 103
41 201
39 40
41 122
9 40
41 242
41 114
17 156
157 222
157 245
157 239
1 156
29 156
47 156
143 156
157 203
157 249
132 156
157 221
57 156
157 205
83 156
14 156
157 202
157 161
49 156
157 194
48 156
157 165
7 156
16 156
157 207
157 201
39 156
8 156
157 196
17 245
17 239
1 16
17 79
17 55
17 249
15 16
17 56
17 218
17 205
17 92
17 134
17 149
17 49
17 19
17 161
17 185
17 167
17 47
17 32
17 54
17 201
17 38
17 137
220 222
220 245
220 239
142 219
220 231
94 219
56 219
220 249
220 250
132 219
220 221
219 219
220 226
206 219
135 219
154 219
14 219
203 219
20 219
162 219
220 228
40 219
171 219
168 219
69 219
166 219
192 219
7 219
16 219
95 219
39 219
197 219
115 219
92 222
80 222
70 222
94 222
47 222
100 222
143 222
218 222
223 250
84 222
15 222
222 222
57 222
223 226
150 222
20 222
49 222
28 222
166 222
7 222
223 248
104 222
6 222
3 222
197 222
115 222
232 245
94 245
100 245
204 245
57 245
219 245
83 245
14 245
203 245
40 245
49 245
171 245
28 245
192 245
55 245
16 245
136 245
95 245
39 245
123 245
8 245
243 245
115 245
1 239
142 239
159 239
191 239
56 239
143 239
240 249
167 239
15 239
222 239
83 239
93 239
150 239
162 239
230 239
180 239
168 239
69 239
7 239
6 239
136 239
95 239
39 239
9 239
80 91
92 99
92 217
15 91
92 221
92 226
92 205
50 91
92 202
20 91
40 91
92 229
92 179
92 165
33 91
55 91
92 201
39 91
8 91
1 93
1 249
1 166
1 131
1 56
1 226
1 228
1 185
1 229
1 88
1 179
1 191
1 248
1 32
1 54
1 15
1 207
1 7
1 8
1 242
80 141
142 181
29 141
56 141
100 141
142 217
142 203
142 166
142 250
132 141
15 141
142 218
135 141
20 141
40 141
69 141
142 191
142 248
33 141
104 141
6 141
16 141
142 201
39 141
138 141
142 196
70 231
159 231
191 231
94 231
29 231
222 231
93 231
135 231
20 231
229 231
195 231
186 231
89 231
168 231
232 248
95 231
208 231
202 231
39 231
138 231
3 231
70 79
80 158
80 181
80 93
80 142
80 250
80 131
57 79
80 205
80 134
80 149
80 153
80 170
80 179
80 165
80 248
80 137
8 79
3 79
80 114
70 93
29 69
47 69
70 217
70 249
70 250
70 205
70 82
70 153
70 202
20 69
70 228
70 194
70 179
69 69
70 103
6 69
70 207
70 201
3 69
47 158
100 158
143 158
159 217
159 249
159 166
57 158
159 205
83 158
159 228
49 158
159 170
159 229
28 158
159 248
33 158
136 158
159 207
159 201
8 158
182 190
94 181
29 181
47 181
56 181
100 181
182 217
182 250
132 181
84 181
182 221
83 181
135 181
150 181
50 181
154 181
20 181
40 181
49 181
28 181
89 181
168 181
166 181
182 191
33 181
104 181
8 181
9 181
29 190
47 190
100 190
167 190
132 190
191 221
83 190
150 190
50 190
191 202
186 190
28 190
180 190
168 190
69 190
191 191
123 190
8 190
3 190
9 190
94 203
94 221
94 218
94 205
94 134
94 153
94 185
94 167
94 165
55 93
6 93
16 93
94 135
94 122
94 137
3 93
29 217
29 203
29 249
29 166
29 221
29 226
29 92
29 49
29 202
29 228
29 194
29 185
29 179
29 165
6 28
16 28
29 94
29 122
3 28
47 166
15 46
47 56
47 205
20 46
47 161
47 170
28 46
47 179
47 167
47 68
47 191
33 46
6 46
47 135
47 201
47 137
8 46
3 46
47 196
56 99
56 249
56 131
56 221
56 226
56 149
56 153
56 202
56 228
56 88
48 55
16 55
56 94
56 207
56 201
56 242
56 196
100 217
100 203
100 250
100 131
100 221
57 99
100 149
100 161
40 99
100 194
100 229
89 99
48 99
69 99
100 191
100 248
33 99
95 99
100 201
100 122
8 99
100 242
143 221
143 226
143 205
83 142
135 142
50 142
14 142
20 142
143 161
143 228
143 194
143 170
143 248
55 142
104 142
143 201
3 142
218 249
84 217
15 217
206 217
93 217
203 217
162 217
49 217
171 217
89 217
48 217
69 217
192 217
7 217
218 248
33 217
6 217
16 217
95 217
3 217
197 217
204 221
204 218
204 205
93 203
135 203
154 203
162 203
40 203
195 203
171 203
180 203
69 203
104 203
202 203
39 203
3 203
197 203
250 250
219 249
206 249
135 249
50 249
20 249
162 249
49 249
186 249
180 249
166 249
192 249
7 249
33 249
55 249
16 249
136 249
39 249
138 249
3 249
9 249
115 249
167 250
167 205
83 166
93 166
135 166
50 166
20 166
167 228
49 166
89 166
167 179
48 166
166 166
33 166
6 166
16 166
136 166
138 166
8 166
9 166
167 196
222 250
227 250
206 250
14 250
230 250
168 250
104 250
138 250
9 250
243 250
197 250
132 221
132 134
132 153
14 131
132 202
132 229
89 131
132 179
132 167
132 191
7 131
104 131
16 131
132 207
8 131
3 131
9 131
132 242
15 83
84 221
84 218
84 226
83 83
84 92
84 134
84 202
84 228
40 83
84 229
84 88
84 167
69 83
55 83
84 94
84 201
84 137
8 83
15 153
15 202
15 170
15 27
15 47
15 165
15 248
15 15
15 94
15 38
3 14
222 226
93 221
203 221
162 221
222 228
180 221
95 221
208 221
8 221
3 221
222 242
57 134
14 56
57 202
20 56
57 161
49 56
57 185
57 88
57 68
57 165
57 191
7 56
33 56
57 94
57 207
57 201
9 56
57 196
219 226
83 218
93 218
154 218
20 218
219 228
40 218
49 218
195 218
171 218
219 229
89 218
180 218
69 218
166 218
192 218
219 248
55 218
104 218
6 218
138 218
8 218
14 226
186 226
227 229
28 226
180 226
168 226
48 226
192 226
7 226
227 248
208 226
8 226
3 226
9 226
197 226
93 205
150 205
50 205
14 205
162 205
49 205
89 205
168 205
69 205
7 205
104 205
6 205
16 205
136 205
123 205
9 205
83 153
83 161
83 228
69 82
83 165
7 82
55 82
6 82
83 94
83 201
39 82
83 122
3 82
9 82
93 134
14 92
20 92
93 228
49 92
93 170
93 185
28 92
93 179
93 167
93 191
7 92
33 92
93 103
93 135
93 94
93 201
93 122
3 92
9 92
135 149
135 153
14 134
20 134
135 161
135 228
40 134
135 170
135 185
69 134
135 191
7 134
135 248
6 134
16 134
123 134
50 149
150 153
150 202
150 228
150 179
150 167
14 49
50 202
20 49
50 170
50 185
50 54
50 94
50 207
39 49
50 137
9 49
20 153
154 161
154 170
154 229
89 153
154 179
48 153
69 153
154 191
16 153
154 207
154 201
123 153
138 153
3 153
154 242
14 228
14 48
14 194
14 170
14 229
14 179
14 68
14 165
14 248
14 32
6 13
14 15
14 135
14 122
3 13
9 13
14 242
14 196
203 228
49 202
28 202
168 202
95 202
203 207
8 202
9 202
115 202
20 161
20 194
20 170
20 88
20 167
20 165
7 19
20 248
20 54
6 19
20 38
20 137
8 19
3 19
20 242
20 196
162 194
89 161
69 161
33 161
55 161
16 161
136 161
95 161
162 207
39 161
115 161
40 228
171 228
186 228
89 228
180 228
69 228
166 228
6 228
16 228
95 228
208 228
39 228
123 228
138 228
3 228
197 228
40 170
40 185
40 179
40 68
40 191
7 39
6 39
16 39
39 39
40 137
9 39
40 114
49 170
49 229
28 48
49 167
48 48
49 165
49 191
49 54
16 48
49 201
49 122
3 48
49 242
186 194
195 229
180 194
168 194
48 194
7 194
95 194
39 194
115 194
171 185
171 179
104 170
136 170
171 201
123 170
171 242
171 196
180 185
168 185
69 185
166 185
104 185
6 185
39 185
8 185
28 229
48 229
166 229
7 229
33 229
6 229
136 229
8 229
230 242
28 88
28 179
28 167
28 47
28 165
28 103
28 38
8 27
28 196
89 179
89 167
89 165
89 248
6 88
89 135
89 94
8 88
89 196
33 179
55 179
136 179
39 179
8 179
3 179
69 167
168 191
6 167
16 167
136 167
95 167
39 167
138 167
9 167
168 196
48 165
48 191
7 47
33 47
48 103
48 135
48 201
48 137
3 47
9 47
48 196
48 114
33 68
55 68
69 103
6 68
69 135
69 207
69 137
3 68
166 191
136 165
95 165
166 201
123 165
138 165
115 165
33 191
104 191
6 191
16 191
192 207
39 191
138 191
8 191
115 191
7 15
7 94
7 201
7 122
3 6
7 196
7 114
6 248
16 248
136 248
39 248
123 248
8 248
9 248
243 248
33 103
33 38
33 137
8 32
9 32
33 196
33 114
55 94
39 54
55 122
8 54
55 196
55 114
16 103
104 135
95 103
39 103
104 122
9 103
104 242
104 196
6 94
6 207
6 38
3 5
6 8
6 196
16 207
16 38
16 122
16 137
9 15
16 242
136 207
123 135
136 196
39 94
9 94
95 114
3 207
115 207
202 242
115 201
39 196
123 137
8 122
123 242
123 196
115 122
115 137
3 242
9 114
197 242
