50 50 50 50 50
3000
6 147
47 147
113 147
148 221
16 147
148 153
148 236
117 147
148 205
148 248
76 147
141 147
148 231
148 163
134 147
148 247
53 147
148 181
148 176
142 147
41 147
69 147
148 168
148 230
83 147
72 147
148 180
35 147
145 147
101 147
6 46
6 112
6 221
6 57
6 94
6 205
6 248
6 75
6 231
6 83
6 133
6 247
6 52
6 176
6 64
6 141
6 68
6 168
6 230
6 44
6 82
6 180
6 13
6 198
47 221
47 236
47 116
47 57
47 94
47 205
47 65
47 248
47 75
47 140
47 231
47 83
47 247
47 52
47 176
47 64
47 141
47 68
47 168
47 230
45 46
47 82
47 71
47 180
14 46
47 198
47 100
113 221
113 153
95 112
113 205
66 112
113 248
76 112
113 140
84 112
113 163
113 133
113 247
53 112
113 181
113 176
65 112
113 141
41 112
69 112
113 168
113 230
45 112
113 198
113 144
101 112
16 221
154 221
58 221
206 221
66 221
222 248
76 221
141 221
222 231
84 221
53 221
182 221
65 221
142 221
69 221
169 221
222 230
45 221
83 221
72 221
181 221
35 221
199 221
145 221
101 221
16 153
16 57
16 94
16 205
16 65
16 248
16 75
16 231
16 83
16 163
16 247
16 52
16 176
16 40
16 44
16 71
16 180
14 15
16 100
154 236
117 153
58 153
95 153
154 205
154 248
141 153
154 163
154 247
53 153
65 153
41 153
154 168
45 153
83 153
72 153
145 153
101 153
117 236
95 236
66 236
141 236
84 236
134 236
237 247
53 236
182 236
177 236
65 236
142 236
41 236
69 236
169 236
14 236
101 236
58 116
95 116
66 116
117 248
117 140
84 116
117 163
117 133
117 247
117 181
65 116
117 141
69 116
117 230
45 116
117 180
35 116
14 116
117 198
117 144
58 94
58 248
58 231
58 163
58 133
58 247
58 141
58 168
58 230
58 82
35 57
14 57
58 100
95 205
66 94
95 248
84 94
95 163
95 133
95 247
53 94
95 181
95 176
65 94
41 94
69 94
95 168
95 230
72 94
95 180
14 94
95 198
95 144
95 100
66 205
206 231
84 205
134 205
206 247
182 205
177 205
142 205
69 205
169 205
206 230
83 205
72 205
35 205
14 205
145 205
66 75
66 140
66 163
66 133
66 247
53 65
66 181
65 65
66 141
41 65
66 68
45 65
66 82
66 144
66 100
76 248
141 248
164 248
248 248
53 248
65 248
142 248
41 248
45 248
83 248
72 248
199 248
145 248
76 83
76 247
53 75
65 75
41 75
69 75
76 168
76 230
76 180
76 198
76 144
76 100
141 231
84 140
141 163
134 140
141 247
53 140
141 181
141 176
65 140
141 141
41 140
141 168
141 230
72 140
35 140
14 140
141 144
164 231
134 231
182 231
142 231
41 231
69 231
231 231
45 231
83 231
181 231
35 231
199 231
84 163
84 133
53 83
84 181
65 83
84 141
41 83
69 83
84 168
84 230
45 83
72 83
84 180
35 83
84 198
84 144
84 100
164 247
53 163
164 181
65 163
69 163
164 168
45 163
83 163
72 163
35 163
14 163
145 163
101 163
134 247
53 133
69 133
134 168
134 230
45 133
83 133
72 133
134 180
35 133
134 198
134 144
53 247
182 247
177 247
142 247
41 247
69 247
169 247
45 247
83 247
72 247
181 247
35 247
199 247
145 247
101 247
53 181
53 176
53 64
53 141
41 52
53 68
53 168
45 52
53 82
53 71
35 52
14 52
53 198
53 144
177 181
65 181
41 181
182 230
83 181
72 181
35 181
14 181
145 181
65 176
142 176
169 176
177 230
45 176
83 176
35 176
177 198
101 176
65 141
65 168
35 64
14 64
65 198
41 141
69 141
142 230
45 141
72 141
142 180
35 141
142 198
142 144
101 141
41 68
41 230
41 44
41 82
41 71
35 40
14 40
41 198
41 144
41 100
69 168
45 68
69 180
35 68
69 144
69 100
169 230
45 168
72 168
169 180
35 168
169 198
101 168
45 230
83 230
181 230
199 230
101 230
45 71
45 180
35 44
14 44
45 144
45 100
72 82
83 180
35 82
14 82
83 198
83 144
35 71
14 71
35 180
181 198
145 180
101 180
14 34
35 198
35 144
35 100
101 198
101 144
18 98
99 104
99 215
29 98
26 98
99 143
99 128
2 98
25 98
51 98
99 201
99 131
99 216
99 194
99 185
99 152
99 204
99 103
17 98
79 98
99 159
99 233
99 214
99 212
99 250
57 98
99 173
21 98
98 98
33 98
99 167
99 208
99 145
99 120
99 126
99 114
24 98
32 98
99 154
99 178
99 192
70 98
42 98
99 132
55 98
99 193
99 228
34 98
30 98
11 98
18 165
93 165
29 165
26 165
144 165
89 165
129 165
2 165
25 165
51 165
166 201
71 165
132 165
166 237
166 166
166 194
166 225
111 165
166 200
153 165
13 165
166 210
151 165
17 165
79 165
166 239
109 165
160 165
166 233
166 214
166 250
57 165
21 165
98 165
33 165
81 165
152 165
146 165
166 238
121 165
19 165
127 165
115 165
24 165
155 165
10 165
166 184
166 178
166 202
70 165
42 165
133 165
55 165
166 193
34 165
166 190
56 165
166 172
166 175
18 104
18 28
18 25
18 143
18 128
2 17
18 24
18 50
18 201
18 70
18 131
18 237
18 166
18 216
18 110
18 185
18 213
18 200
13 17
18 210
18 150
18 103
18 78
18 108
18 159
18 233
18 214
18 212
18 56
18 20
18 134
18 80
18 208
18 145
18 47
18 238
18 120
18 18
18 126
18 23
18 31
18 235
18 154
10 17
18 123
18 184
18 45
18 192
18 202
18 69
18 132
18 54
18 193
18 33
18 188
18 55
11 17
18 218
18 172
18 175
105 215
93 104
26 104
89 104
105 128
2 104
25 104
51 104
105 201
71 104
105 131
105 237
105 166
105 216
105 194
105 213
105 200
105 152
105 204
105 210
105 150
104 104
17 104
79 104
105 239
105 159
105 233
105 214
105 250
57 104
105 173
21 104
33 104
105 167
81 104
105 151
105 145
48 104
105 238
105 120
105 219
105 126
105 114
32 104
10 104
105 123
105 184
105 178
105 192
105 202
42 104
105 132
55 104
105 193
105 228
30 104
105 188
56 104
11 104
105 175
93 215
29 215
26 215
89 215
129 215
2 215
51 215
71 215
167 215
195 215
216 225
186 215
214 215
153 215
205 215
13 215
211 215
104 215
79 215
216 239
109 215
160 215
216 233
174 215
135 215
33 215
81 215
152 215
209 215
48 215
216 238
121 215
216 219
19 215
127 215
115 215
24 215
216 235
155 215
10 215
124 215
185 215
46 215
179 215
203 215
42 215
133 215
55 215
194 215
216 228
191 215
30 215
189 215
216 218
173 215
176 215
29 92
93 143
93 128
2 92
25 92
51 92
93 201
71 92
93 237
93 166
93 216
93 194
93 225
93 110
93 185
93 213
93 200
93 204
13 92
93 210
93 103
17 92
79 92
93 108
93 159
93 233
93 212
93 250
57 92
93 173
21 92
33 92
93 151
93 145
48 92
93 219
19 92
24 92
32 92
93 235
10 92
93 178
93 202
70 92
42 92
93 132
55 92
93 228
34 92
93 190
30 92
93 188
56 92
11 92
93 218
93 172
93 175
29 143
29 88
29 128
2 28
29 50
29 201
29 70
29 131
29 237
29 225
29 110
29 200
29 204
13 28
29 210
29 150
29 103
29 78
29 239
29 233
29 212
29 250
29 56
29 173
29 134
29 32
29 80
29 145
29 238
29 120
19 28
29 126
24 28
29 31
29 235
29 154
10 28
29 123
29 184
29 45
29 178
29 202
29 69
29 54
29 193
29 228
29 33
29 190
29 29
29 188
11 28
29 218
29 172
29 175
26 143
25 25
26 201
26 70
26 131
26 237
26 166
26 216
26 194
26 225
26 110
26 185
26 213
26 200
26 152
26 204
13 25
26 210
26 103
17 25
26 78
26 239
26 159
26 233
26 214
26 212
26 250
26 56
26 173
21 25
26 134
26 32
26 167
26 151
26 208
26 145
26 120
26 219
19 25
26 126
26 114
10 25
26 123
26 184
26 192
26 202
26 41
26 132
26 54
26 33
26 29
26 188
26 55
11 25
26 218
26 172
26 175
89 143
129 143
2 143
51 143
144 201
132 143
144 237
144 216
144 194
144 225
144 200
144 204
13 143
144 210
104 143
17 143
79 143
144 239
109 143
144 159
144 233
144 212
144 250
57 143
135 143
33 143
144 167
81 143
144 151
144 208
144 145
144 238
121 143
127 143
24 143
144 235
144 154
124 143
144 184
144 178
144 192
70 143
42 143
133 143
55 143
144 193
144 228
30 143
144 188
56 143
144 218
144 172
144 175
89 128
25 88
51 88
89 201
71 88
89 131
89 166
89 216
89 194
89 225
89 213
89 200
89 204
13 88
89 210
89 103
17 88
89 239
89 108
89 159
89 233
89 214
89 250
57 88
89 173
21 88
89 134
89 97
89 167
89 208
89 145
89 238
89 219
89 126
89 114
24 88
32 88
89 235
89 154
10 88
89 178
89 192
89 202
70 88
89 132
55 88
89 193
89 228
89 190
89 188
56 88
89 172
89 175
2 128
129 201
129 237
129 166
129 216
129 194
129 225
111 128
129 185
129 213
129 152
129 204
13 128
129 210
129 150
104 128
17 128
79 128
129 239
109 128
129 214
129 212
129 250
129 173
21 128
129 134
33 128
129 167
81 128
129 151
129 145
129 238
121 128
129 219
115 128
129 235
129 154
124 128
129 202
70 128
129 132
55 128
129 193
129 228
34 128
30 128
129 188
129 218
129 172
129 175
2 50
2 70
2 131
2 166
2 216
2 194
2 185
2 200
2 152
2 204
2 12
2 210
2 150
2 103
2 78
2 239
2 108
2 233
2 214
2 212
2 250
2 173
2 20
2 167
2 151
2 208
2 238
2 120
2 31
2 235
2 9
2 123
2 45
2 178
2 192
2 202
2 69
2 132
2 54
2 193
2 228
2 190
2 188
2 55
2 10
2 218
2 175
25 50
25 201
25 70
25 237
25 110
25 213
25 204
13 24
25 210
25 239
25 233
25 214
25 212
25 250
25 56
21 24
25 97
25 32
25 208
25 47
25 238
25 120
25 219
25 31
25 235
25 154
10 24
25 123
25 184
25 45
25 192
25 202
25 69
25 132
25 193
25 228
25 33
25 190
25 29
25 188
25 55
11 24
25 175
51 201
51 70
51 237
51 166
51 216
51 194
51 110
51 185
51 213
51 210
51 103
51 78
51 239
51 108
51 233
51 214
51 212
51 250
21 50
51 134
51 167
51 80
51 151
51 208
51 145
48 50
51 120
51 126
51 114
32 50
51 235
51 154
51 184
46 50
51 178
51 69
42 50
51 54
51 193
34 50
51 190
30 50
51 55
51 218
71 201
167 201
202 216
195 201
202 225
186 201
202 213
201 201
202 204
202 210
151 201
104 201
202 239
160 201
202 233
202 214
57 201
174 201
21 201
135 201
33 201
168 201
152 201
202 208
48 201
121 201
202 219
19 201
127 201
115 201
24 201
32 201
202 235
155 201
10 201
185 201
46 201
193 201
70 201
42 201
133 201
55 201
194 201
202 228
34 201
191 201
30 201
189 201
56 201
11 201
202 218
173 201
71 131
71 237
71 166
71 216
71 194
71 225
71 110
71 213
13 70
71 103
17 70
71 78
71 108
71 233
71 212
21 70
71 134
71 97
71 167
71 151
48 70
71 238
71 120
71 219
71 126
24 70
32 70
71 235
71 154
71 123
71 184
46 70
71 192
71 202
71 132
55 70
71 193
34 70
71 188
56 70
11 70
71 218
71 172
132 237
132 166
132 194
111 131
132 213
132 152
13 131
132 210
104 131
17 131
79 131
109 131
132 159
132 233
132 173
21 131
98 131
33 131
132 167
81 131
132 151
132 208
132 238
132 219
19 131
115 131
24 131
32 131
132 154
10 131
132 184
46 131
132 178
132 192
132 202
70 131
42 131
132 132
55 131
132 193
132 228
30 131
132 188
56 131
11 131
132 172
167 237
217 237
195 237
111 237
186 237
214 237
201 237
153 237
211 237
151 237
104 237
109 237
160 237
234 237
238 250
57 237
174 237
135 237
33 237
168 237
81 237
209 237
146 237
48 237
121 237
220 237
19 237
127 237
115 237
24 237
32 237
236 237
155 237
124 237
185 237
46 237
179 237
193 237
70 237
42 237
133 237
194 237
229 237
34 237
30 237
56 237
11 237
219 237
173 237
176 237
167 216
167 194
167 225
111 166
167 185
167 200
153 166
167 204
13 166
151 166
79 166
167 239
160 166
167 233
167 214
167 212
167 250
167 173
21 166
135 166
98 166
167 167
81 166
152 166
48 166
167 219
19 166
127 166
24 166
32 166
167 235
155 166
124 166
167 184
46 166
167 178
167 202
70 166
42 166
133 166
55 166
167 193
167 228
34 166
167 190
167 188
167 218
167 172
217 225
111 216
186 216
201 216
153 216
205 216
13 216
211 216
104 216
17 216
79 216
217 239
109 216
160 216
217 233
213 216
217 250
57 216
174 216
21 216
135 216
33 216
168 216
81 216
152 216
209 216
48 216
217 238
19 216
127 216
115 216
32 216
217 235
10 216
124 216
185 216
46 216
179 216
193 216
203 216
42 216
133 216
55 216
217 228
34 216
191 216
30 216
189 216
56 216
11 216
176 216
195 225
195 213
195 200
195 204
195 210
151 194
104 194
17 194
195 239
109 194
160 194
195 233
195 214
195 212
195 250
57 194
174 194
98 194
168 194
81 194
152 194
195 208
146 194
48 194
195 238
121 194
195 219
115 194
24 194
32 194
155 194
10 194
185 194
46 194
179 194
193 194
195 202
70 194
42 194
133 194
195 228
34 194
189 194
56 194
11 194
195 218
176 194
111 225
186 225
214 225
201 225
153 225
205 225
211 225
104 225
17 225
79 225
226 239
109 225
215 225
226 250
57 225
21 225
135 225
98 225
33 225
81 225
152 225
209 225
146 225
48 225
226 238
121 225
127 225
115 225
24 225
32 225
226 235
155 225
124 225
185 225
46 225
179 225
193 225
203 225
70 225
42 225
55 225
194 225
226 228
34 225
191 225
30 225
189 225
56 225
173 225
111 213
111 152
13 110
111 210
111 150
17 110
109 110
111 159
111 233
111 212
57 110
21 110
98 110
33 110
111 167
81 110
111 151
111 145
111 238
111 120
111 219
19 110
111 114
24 110
32 110
111 235
111 154
46 110
111 178
111 192
70 110
42 110
111 132
55 110
111 193
111 228
111 190
30 110
56 110
11 110
111 218
111 172
111 175
186 213
186 200
186 204
13 185
151 185
104 185
79 185
186 239
109 185
186 250
57 185
21 185
98 185
33 185
168 185
81 185
146 185
48 185
186 238
121 185
186 219
19 185
24 185
32 185
186 235
10 185
124 185
185 185
46 185
186 192
70 185
42 185
133 185
55 185
186 228
186 190
186 188
56 185
11 185
186 218
173 185
201 213
205 213
13 213
211 213
151 213
104 213
17 213
160 213
214 233
213 213
214 250
57 213
135 213
98 213
81 213
152 213
209 213
146 213
214 238
121 213
214 219
19 213
127 213
24 213
32 213
214 235
155 213
10 213
124 213
185 213
46 213
179 213
133 213
55 213
214 228
191 213
11 213
214 218
153 200
201 204
13 200
201 210
104 200
17 200
79 200
160 200
201 233
201 214
201 212
201 250
57 200
174 200
21 200
135 200
98 200
168 200
81 200
152 200
201 208
146 200
48 200
121 200
201 219
19 200
127 200
115 200
24 200
32 200
155 200
10 200
124 200
185 200
46 200
179 200
193 200
201 202
42 200
133 200
55 200
194 200
201 228
191 200
30 200
189 200
56 200
11 200
201 218
173 200
151 152
104 152
79 152
153 239
109 152
153 233
153 214
153 250
21 152
135 152
33 152
153 167
81 152
152 152
121 152
153 219
19 152
127 152
24 152
32 152
153 154
10 152
124 152
153 184
46 152
153 192
133 152
153 193
153 228
34 152
30 152
153 188
11 152
153 172
13 204
205 210
104 204
79 204
205 239
109 204
205 233
205 214
205 212
205 250
57 204
174 204
21 204
135 204
33 204
168 204
152 204
205 208
146 204
48 204
205 238
121 204
205 219
115 204
24 204
205 235
155 204
10 204
124 204
185 204
46 204
179 204
193 204
203 204
70 204
42 204
133 204
55 204
194 204
34 204
30 204
189 204
56 204
205 218
176 204
13 210
13 103
13 16
13 78
13 239
13 108
13 159
13 250
13 173
13 20
13 97
13 32
13 167
13 80
13 151
13 145
13 47
13 219
13 18
13 114
13 23
13 31
13 154
10 12
13 184
13 45
13 192
13 202
13 132
13 54
13 193
13 228
13 190
13 55
11 12
13 175
151 210
104 210
79 210
211 239
109 210
160 210
211 233
211 214
211 212
57 210
174 210
135 210
33 210
168 210
81 210
152 210
209 210
146 210
48 210
211 238
121 210
211 219
19 210
127 210
115 210
24 210
211 235
155 210
10 210
185 210
179 210
193 210
70 210
42 210
55 210
194 210
211 228
34 210
191 210
30 210
56 210
211 218
173 210
104 150
109 150
151 233
151 214
151 212
151 250
57 150
151 173
21 150
135 150
98 150
33 150
151 167
81 150
151 151
151 208
146 150
48 150
121 150
151 219
19 150
24 150
32 150
151 235
151 154
10 150
124 150
151 184
46 150
151 178
151 192
151 202
70 150
55 150
151 193
34 150
151 190
30 150
151 188
56 150
11 150
151 218
151 172
151 175
17 103
79 103
104 239
104 108
104 159
104 233
104 250
104 173
104 134
98 103
33 103
81 103
104 151
104 208
48 103
104 238
104 219
19 103
24 103
32 103
104 235
104 154
10 103
104 184
104 178
104 192
104 202
70 103
42 103
104 193
104 228
34 103
30 103
104 188
56 103
11 103
104 172
104 175
17 239
17 233
17 214
17 250
17 56
17 173
17 20
17 134
17 97
17 167
17 151
17 208
17 145
17 47
17 238
17 120
17 219
17 18
17 126
17 114
17 23
17 235
17 154
10 16
17 123
17 184
17 45
17 192
17 202
17 41
17 54
17 193
17 228
17 33
17 188
17 55
11 16
17 218
17 172
79 239
79 108
79 159
79 233
79 214
79 250
57 78
79 173
21 78
79 134
33 78
79 167
79 80
79 151
79 208
79 145
48 78
79 238
79 219
19 78
79 126
79 114
24 78
32 78
79 235
79 154
10 78
79 184
46 78
79 192
79 202
70 78
79 132
55 78
79 228
79 190
30 78
79 188
56 78
11 78
79 172
79 175
160 239
234 239
215 239
213 239
57 239
174 239
135 239
81 239
209 239
48 239
121 239
127 239
115 239
24 239
236 239
155 239
124 239
185 239
46 239
179 239
193 239
203 239
42 239
55 239
194 239
229 239
191 239
219 239
173 239
176 239
109 233
109 214
109 212
109 250
57 108
109 134
98 108
81 108
109 151
109 145
109 120
109 219
19 108
109 126
109 114
24 108
32 108
109 235
10 108
109 123
46 108
109 178
109 192
109 202
70 108
42 108
109 132
55 108
109 193
109 228
34 108
30 108
109 188
56 108
11 108
109 218
109 172
109 175
160 233
160 250
160 173
135 159
98 159
160 167
152 159
160 208
146 159
48 159
121 159
160 219
127 159
115 159
24 159
32 159
160 235
155 159
124 159
160 184
46 159
160 192
160 202
70 159
42 159
133 159
55 159
34 159
160 190
30 159
160 188
56 159
11 159
160 218
160 172
160 175
215 233
57 233
174 233
135 233
98 233
33 233
168 233
81 233
152 233
209 233
146 233
48 233
220 233
19 233
127 233
115 233
32 233
234 235
10 233
124 233
185 233
46 233
179 233
193 233
203 233
42 233
133 233
55 233
194 233
229 233
34 233
30 233
56 233
11 233
219 233
173 233
176 233
213 214
215 250
57 214
135 214
98 214
168 214
81 214
152 214
209 214
48 214
215 238
121 214
215 219
127 214
115 214
24 214
32 214
215 235
193 214
203 214
55 214
194 214
34 214
191 214
30 214
189 214
56 214
21 212
98 212
168 212
81 212
152 212
48 212
213 219
19 212
115 212
24 212
32 212
155 212
10 212
124 212
185 212
179 212
193 212
203 212
70 212
42 212
133 212
55 212
194 212
213 228
191 212
30 212
189 212
56 212
213 218
173 212
57 250
174 250
135 250
98 250
33 250
168 250
81 250
152 250
48 250
239 250
121 250
220 250
127 250
115 250
24 250
236 250
155 250
10 250
124 250
46 250
193 250
203 250
70 250
42 250
133 250
194 250
34 250
191 250
30 250
56 250
11 250
173 250
176 250
21 56
57 134
57 97
33 56
57 167
57 80
57 145
57 238
57 120
19 56
57 126
32 56
57 235
57 154
57 123
57 184
46 56
57 192
57 202
57 69
42 56
55 56
57 193
57 228
57 190
30 56
11 56
57 218
57 175
21 173
135 173
33 173
168 173
81 173
152 173
174 208
146 173
48 173
174 238
121 173
174 219
127 173
115 173
24 173
174 235
174 178
174 202
70 173
42 173
174 193
174 190
30 173
174 188
56 173
11 173
174 218
173 173
174 175
21 167
21 80
21 151
21 208
21 47
21 238
21 219
19 20
21 126
21 114
21 23
21 31
21 235
21 154
10 20
21 45
21 192
21 202
21 69
21 41
21 132
21 54
21 228
21 33
21 190
21 188
21 55
21 172
21 175
33 134
135 167
81 134
135 151
135 208
135 145
48 134
135 238
121 134
19 134
127 134
32 134
135 235
10 134
135 184
46 134
135 178
135 192
135 202
70 134
133 134
55 134
135 193
135 228
34 134
135 188
56 134
11 134
135 218
135 175
98 167
81 97
98 208
98 145
98 238
98 120
98 126
98 114
98 235
98 184
46 97
98 192
98 202
42 97
98 132
98 193
34 97
98 190
30 97
11 97
98 172
98 175
33 167
33 80
33 151
33 145
33 47
33 238
33 120
33 219
19 32
33 114
24 32
33 235
33 154
10 32
33 184
33 178
33 192
33 202
33 69
33 132
33 54
33 193
33 33
33 190
30 32
33 188
33 172
81 167
152 167
146 167
48 167
168 238
121 167
168 219
19 167
127 167
115 167
24 167
32 167
168 235
10 167
46 167
168 178
168 192
168 202
70 167
42 167
55 167
34 167
168 190
30 167
168 218
168 172
168 175
81 151
81 208
81 238
19 80
81 126
81 114
24 80
32 80
81 235
81 154
10 80
81 123
81 184
46 80
81 178
81 192
81 202
70 80
42 80
81 193
34 80
81 190
81 188
81 218
81 172
81 175
146 151
152 238
121 151
152 219
19 151
24 151
152 235
152 154
10 151
124 151
46 151
152 178
152 192
70 151
55 151
152 193
152 228
152 190
56 151
11 151
152 172
152 175
146 208
48 208
209 238
121 208
209 219
19 208
24 208
32 208
209 235
155 208
10 208
185 208
46 208
193 208
203 208
42 208
209 228
189 208
11 208
209 218
173 208
48 145
146 219
19 145
127 145
115 145
24 145
146 235
10 145
146 184
146 178
146 192
146 202
70 145
42 145
55 145
146 193
146 228
34 145
146 190
30 145
146 188
56 145
11 145
146 172
48 120
48 219
19 47
48 126
48 114
24 47
48 235
48 154
10 47
48 123
46 47
48 178
48 202
48 69
42 47
48 228
30 47
48 55
11 47
48 218
48 172
48 175
121 238
220 238
19 238
127 238
115 238
24 238
32 238
236 238
155 238
10 238
124 238
185 238
46 238
179 238
193 238
70 238
42 238
133 238
55 238
229 238
30 238
189 238
56 238
219 238
176 238
121 219
121 126
115 120
121 154
121 123
121 184
46 120
121 178
121 192
70 120
55 120
121 228
34 120
121 190
30 120
121 188
56 120
121 218
121 175
19 219
127 219
115 219
155 219
10 219
124 219
185 219
46 219
179 219
203 219
70 219
42 219
133 219
191 219
30 219
189 219
56 219
11 219
173 219
176 219
19 126
19 114
19 31
19 154
10 18
19 184
19 45
19 178
19 192
19 202
19 69
19 41
19 132
19 228
19 33
19 188
11 18
19 218
19 172
115 126
10 126
124 126
127 184
127 192
127 202
70 126
42 126
127 132
55 126
127 193
127 228
34 126
127 190
30 126
127 188
56 126
11 126
127 172
127 175
115 235
115 154
10 114
115 123
115 184
115 178
115 202
70 114
42 114
115 132
55 114
115 193
115 228
34 114
30 114
115 188
56 114
11 114
115 218
115 172
115 175
24 31
24 154
10 23
24 123
24 45
24 178
24 192
24 202
24 69
24 41
24 54
24 193
24 228
24 33
24 190
24 188
24 55
24 172
24 175
32 235
10 31
32 123
32 45
32 202
32 69
32 41
32 132
32 54
32 193
32 33
32 188
32 55
11 31
32 172
32 175
155 235
185 235
46 235
179 235
203 235
133 235
55 235
194 235
229 235
34 235
30 235
56 235
11 235
219 235
173 235
176 235
124 154
155 184
46 154
155 178
70 154
42 154
55 154
155 193
155 228
34 154
30 154
11 154
155 218
155 172
155 175
10 123
10 184
10 45
10 178
10 202
10 69
10 41
10 132
10 54
10 193
10 228
10 33
10 188
10 55
10 218
124 184
46 123
124 178
124 192
124 202
70 123
42 123
124 132
55 123
124 193
124 228
124 190
30 123
56 123
11 123
124 218
124 172
179 184
185 192
185 202
70 184
42 184
133 184
55 184
185 193
185 228
34 184
185 190
30 184
56 184
11 184
185 218
46 178
46 192
42 45
46 132
46 54
46 193
46 228
34 45
46 190
30 45
46 188
46 55
11 45
46 218
46 172
46 175
179 192
179 202
70 178
42 178
133 178
55 178
179 193
34 178
30 178
179 188
56 178
179 218
173 178
42 192
55 192
193 193
191 192
30 192
56 192
11 192
173 192
176 192
70 202
133 202
194 202
203 228
30 202
189 202
56 202
11 202
173 202
42 69
70 132
55 69
70 193
34 69
70 190
30 69
70 188
11 69
70 218
70 172
70 175
42 132
42 54
42 193
34 41
30 41
42 218
42 172
133 193
30 132
133 188
11 132
133 218
133 172
133 175
55 193
55 228
34 54
55 190
30 54
55 188
55 55
11 54
55 218
55 172
194 228
30 193
189 193
56 193
11 193
194 218
176 193
34 228
191 228
189 228
56 228
11 228
219 228
176 228
30 33
34 188
34 55
11 33
34 218
34 172
30 190
56 190
11 190
173 190
30 55
11 29
30 172
30 175
56 188
173 188
176 188
56 218
56 172
56 175
11 218
11 172
173 218
176 218
173 175
