50 50 50 50 50
102
51 250
1 250
1 249
2 249
2 248
3 248
3 247
4 247
4 246
5 246
5 245
6 245
6 244
7 244
7 243
8 243
8 242
9 242
9 241
10 241
10 240
11 240
11 239
12 239
12 238
13 238
13 237
14 237
14 236
15 236
15 235
16 235
16 234
17 234
17 233
18 233
18 232
19 232
19 231
20 231
20 230
21 230
21 229
22 229
22 228
23 228
23 227
24 227
24 226
25 226
25 225
26 225
26 224
27 224
27 223
28 223
28 222
29 222
29 221
30 221
30 220
31 220
31 219
32 219
32 218
33 218
33 217
34 217
34 216
35 216
35 215
36 215
36 214
37 214
37 213
38 213
38 212
39 212
39 211
40 211
40 210
41 210
41 209
42 209
42 208
43 208
43 207
44 207
44 206
45 206
45 205
46 205
46 204
47 204
47 203
48 203
48 202
49 202
49 201
50 201
50 200
101 150
