294 775 376001897
173 293
81 209
120 211
12 216
11 170
252 202
193 165
240 292
36 113
114 54
239 241
220 243
43 224
180 83
194 257
98 20
135 202
179 92
45 260
247 23
281 216
171 200
14 26
144 153
230 97
183 117
182 21
18 10
218 276
33 54
229 294
53 145
214 85
126 54
17 110
213 146
123 150
71 227
85 1
141 274
242 62
143 140
101 5
91 236
75 251
188 154
278 19
72 245
111 125
2 1
139 166
116 89
186 9
154 177
87 65
56 250
6 200
217 94
168 202
94 202
109 166
175 170
60 66
237 74
73 238
115 274
42 130
3 174
196 199
47 167
70 156
117 106
271 103
7 265
215 129
22 197
209 148
32 65
203 264
125 74
204 140
83 28
197 59
151 167
238 245
222 280
177 273
148 260
284 90
108 262
227 261
131 293
185 30
74 211
241 112
103 290
250 119
210 69
132 106
16 134
266 34
270 243
212 28
150 282
152 283
243 232
205 137
287 161
244 257
232 275
40 290
160 106
30 59
249 257
37 110
259 163
200 35
8 161
235 48
228 221
163 199
274 57
110 67
161 275
234 69
279 19
140 76
155 226
280 206
174 77
76 92
211 225
167 34
289 52
146 157
172 207
106 276
202 100
27 190
96 149
263 99
198 187
134 258
156 233
65 20
245 80
31 201
262 275
95 176
69 292
288 121
254 145
80 57
15 216
190 67
207 226
1 127
292 39
176 54
269 100
164 102
57 277
119 9
153 112
162 276
145 77
169 251
255 137
118 28
275 264
268 282
223 102
28 61
256 137
67 104
260 41
64 149
192 20
178 51
199 44
165 130
62 157
19 34
58 293
291 44
97 216
39 24
226 221
290 236
13 90
246 122
265 26
105 86
38 21
147 77
5 92
137 29
264 293
133 68
187 102
21 216
128 55
55 49
206 129
184 100
50 122
136 48
277 77
276 294
166 84
10 48
52 129
231 79
248 61
253 216
29 142
127 286
261 46
35 130
221 82
233 181
48 23
258 92
26 121
130 201
124 93
170 285
159 157
216 181
78 195
99 49
142 44
59 158
102 294
283 88
86 77
158 23
104 89
225 157
44 93
63 88
285 100
23 236
25 224
68 46
282 191
286 88
195 88
236 107
20 224
66 4
51 273
138 293
149 191
82 157
122 49
157 224
129 89
113 112
181 93
9 294
191 46
257 79
92 93
77 79
272 100
208 46
61 41
294 84
24 267
194 230
180 183
11 182
135 18
81 218
36 33
45 229
120 53
180 214
144 126
171 17
36 213
144 123
239 71
98 141
11 242
180 143
247 101
194 91
179 75
252 188
98 278
252 72
179 111
45 2
14 139
252 116
144 186
240 87
179 56
239 6
193 217
81 168
220 109
36 175
179 60
173 237
12 73
36 115
252 42
98 3
239 196
171 47
11 70
171 271
36 7
281 215
247 22
247 32
220 203
247 204
14 151
194 222
12 284
179 108
220 131
240 185
144 210
98 132
281 16
179 266
43 270
252 212
114 152
120 205
173 287
173 244
252 40
193 160
45 249
247 37
36 259
114 8
43 235
12 228
252 234
43 279
247 155
135 289
11 172
239 27
194 96
36 263
247 198
220 31
14 95
14 288
81 254
36 15
252 269
12 164
12 162
240 169
45 255
11 118
239 268
120 223
12 256
180 64
43 192
12 178
281 58
12 291
120 13
12 246
173 105
36 38
247 147
43 133
43 128
247 184
240 50
12 136
11 231
194 248
98 253
239 124
81 159
43 78
45 63
43 25
173 138
45 272
220 208
239 189
114 219
69 255
106 265
243 223
277 273
104 149
155 28
157 61
177 86
254 48
73 77
25 208
14 25
111 162
249 86
108 250
237 236
161 226
200 255
1 39
115 99
211 178
205 140
256 226
246 49
196 160
263 26
225 93
125 86
165 159
62 124
2 265
116 265
145 258
217 291
30 283
262 52
188 121
52 20
140 280
173 83
96 257
152 235
76 97
204 105
186 254
53 254
270 95
125 16
207 26
71 278
238 103
220 8
192 181
17 241
72 134
199 267
226 147
16 77
230 160
126 274
11 26
275 113
37 272
172 233
47 266
70 287
247 263
154 152
163 176
91 186
33 110
65 13
17 147
282 34
50 78
118 63
245 292
232 50
203 92
161 260
229 106
14 150
95 68
202 162
136 78
131 92
125 78
167 67
176 256
110 24
211 105
178 137
226 221
279 257
75 130
53 15
212 110
143 67
237 37
271 22
23 129
19 133
138 46
17 148
213 131
3 134
2 216
171 121
110 291
234 93
226 92
212 202
139 260
58 264
233 20
115 227
114 204
43 100
210 195
52 157
69 92
28 195
36 260
94 224
55 181
196 269
53 48
174 201
180 275
148 195
149 273
207 9
211 138
55 236
22 83
110 226
71 9
141 54
227 35
101 73
18 102
194 39
234 195
83 236
76 57
111 80
203 219
42 284
69 34
60 219
98 176
280 288
231 102
280 264
71 199
144 242
205 275
268 59
71 270
192 251
222 51
33 105
184 286
66 129
69 231
123 105
57 294
210 112
228 292
12 71
11 17
85 122
218 243
223 149
132 265
240 190
72 102
91 139
238 40
5 49
137 66
154 30
229 155
72 89
271 64
190 21
175 128
137 59
285 34
151 99
56 127
148 288
264 261
1 225
117 78
31 246
203 31
221 159
261 35
275 142
236 88
91 227
108 39
159 9
18 37
45 234
127 124
256 10
6 245
150 110
2 210
197 231
241 67
190 283
106 78
235 63
290 38
242 185
192 62
292 62
36 113
43 59
126 190
166 86
167 90
264 79
27 191
74 44
109 161
18 88
70 226
263 25
32 46
65 256
87 206
239 216
76 26
281 274
261 142
203 257
270 289
85 207
173 244
56 201
75 294
260 225
12 217
33 96
5 84
52 248
74 80
40 207
265 208
94 195
269 282
10 112
26 99
22 20
60 162
199 59
22 130
123 62
177 86
261 61
197 211
288 59
115 198
220 47
14 56
96 86
186 32
145 24
134 20
281 134
291 286
145 44
218 94
135 283
285 195
98 263
213 222
139 208
42 227
242 56
106 55
157 113
294 4
145 157
250 118
70 263
227 16
186 73
171 286
282 107
182 75
213 190
125 293
91 236
131 140
163 176
102 51
174 79
111 86
204 207
246 258
61 93
47 88
98 106
238 16
33 195
83 8
82 93
17 23
127 34
248 129
231 129
151 254
193 115
7 291
71 69
123 22
209 205
134 156
232 158
109 119
204 290
229 147
94 287
153 58
155 28
156 264
214 197
131 190
18 84
177 15
47 24
152 93
260 286
27 261
72 156
162 285
143 40
232 167
187 142
289 128
177 231
139 208
249 149
58 246
105 195
96 67
203 178
11 39
14 133
110 226
97 13
215 15
154 217
40 105
154 65
139 31
166 181
108 63
288 285
264 248
288 50
117 30
132 198
266 167
148 253
183 196
168 5
229 224
223 19
37 99
271 276
179 5
188 163
58 113
