283 894 376001897
254 211
277 250
67 51
143 200
103 193
9 39
42 177
89 80
5 229
180 280
196 223
244 262
122 118
19 114
54 29
7 282
165 175
148 136
149 262
170 248
185 161
107 202
255 202
68 59
59 106
275 163
3 182
98 150
215 8
49 16
41 18
212 154
108 270
118 90
173 205
156 280
135 167
232 266
81 53
76 186
100 36
123 40
199 65
40 94
270 30
34 121
178 117
37 264
150 240
175 151
166 191
119 11
88 21
209 142
18 39
197 250
230 13
204 11
13 219
155 276
105 274
256 159
210 93
30 79
35 128
224 250
247 182
64 144
189 29
114 106
157 95
102 93
139 144
17 138
151 262
176 200
133 86
211 138
168 258
136 195
242 261
29 99
142 125
137 25
258 77
128 63
198 203
22 60
169 21
94 113
231 250
44 16
87 82
162 171
280 16
70 124
112 14
214 161
11 260
216 145
146 36
282 163
138 86
261 188
268 32
194 28
167 66
75 117
233 217
90 141
140 208
55 72
259 207
229 158
281 248
159 181
181 276
217 257
266 273
96 99
26 202
248 21
249 179
121 14
63 8
283 221
106 193
66 241
93 86
101 161
50 221
221 23
257 95
83 222
32 177
144 141
115 120
124 111
245 184
111 84
25 20
6 15
141 79
219 69
73 267
92 97
14 161
15 250
8 234
184 72
53 21
172 188
79 186
110 154
74 228
218 24
43 213
31 58
174 192
190 240
145 120
205 161
57 246
97 125
208 264
222 91
193 192
225 250
179 120
33 52
28 51
278 4
117 195
91 279
203 45
38 77
20 250
207 99
84 16
279 164
52 264
161 154
129 265
192 24
134 99
113 72
182 263
187 85
228 236
152 265
60 116
236 234
95 130
239 238
51 237
86 126
78 213
252 154
237 220
65 246
271 72
164 263
48 36
263 223
171 24
269 213
109 243
82 132
223 188
130 2
120 250
116 160
4 2
27 23
188 147
10 227
77 21
273 220
243 85
267 276
177 220
72 61
160 46
274 2
1 104
23 238
61 104
220 163
265 240
272 71
250 186
69 2
262 154
16 85
251 71
158 246
238 241
264 227
62 12
71 126
253 260
195 206
246 85
201 80
202 58
276 147
206 21
226 85
126 213
80 235
21 39
153 132
85 227
12 200
24 46
56 46
58 39
241 46
234 45
45 46
2 46
125 147
227 213
163 260
260 47
186 132
7 148
42 149
19 170
67 185
89 107
67 255
254 68
143 275
122 3
122 98
67 215
89 49
67 41
42 212
89 108
19 173
122 156
165 135
244 232
42 81
89 76
122 100
180 123
67 199
19 34
103 178
42 37
196 166
165 119
19 88
9 209
54 197
19 230
277 204
196 155
180 105
19 256
42 210
196 35
254 224
244 247
42 64
103 189
103 157
196 102
103 139
7 17
244 176
277 133
180 168
19 242
19 137
244 198
7 22
54 169
180 231
254 44
254 87
7 162
277 70
254 112
122 214
244 216
9 146
180 268
143 194
254 75
180 233
42 140
103 55
244 259
19 281
5 96
9 26
19 249
42 283
54 101
42 50
7 83
54 115
180 245
122 6
42 73
42 92
54 172
277 110
103 74
67 218
103 43
42 31
89 174
67 190
165 57
7 225
67 33
5 278
244 38
143 129
9 134
277 187
277 152
67 239
54 78
122 252
165 271
196 48
19 269
277 109
103 27
122 10
180 1
196 272
5 251
180 62
277 253
19 201
19 226
244 153
143 56
103 183
277 131
244 127
263 243
262 132
122 76
118 65
214 43
74 56
255 70
232 274
138 184
3 220
28 38
177 276
53 269
62 276
119 265
184 97
199 179
176 20
100 197
50 120
178 21
55 24
283 58
168 131
133 71
101 187
14 228
75 72
252 61
54 230
44 109
189 26
157 78
234 45
5 79
20 4
168 120
142 24
49 118
247 245
179 260
75 206
223 274
107 250
78 264
41 129
259 77
139 169
18 17
162 245
96 241
167 234
106 65
150 211
105 82
153 227
28 117
152 47
174 200
42 65
60 241
14 117
228 72
5 222
50 253
150 203
106 241
38 260
135 267
207 252
92 192
19 17
172 195
208 27
157 44
37 73
78 23
107 153
89 233
88 201
136 258
30 104
76 47
193 39
190 1
137 281
119 276
134 253
220 241
118 251
149 205
170 233
256 216
270 15
159 20
149 50
30 52
268 26
282 58
111 14
83 104
173 252
108 186
141 71
247 145
255 33
138 234
49 73
101 279
139 237
65 130
9 23
120 241
188 10
176 16
150 193
3 200
108 214
86 250
88 134
38 264
40 11
8 153
138 171
229 253
170 185
180 229
19 162
9 129
263 21
161 62
283 225
149 181
212 61
111 125
167 101
239 21
148 23
168 82
105 152
215 167
115 80
269 109
75 23
242 87
17 146
208 238
7 207
20 126
175 273
8 227
49 231
218 160
168 187
118 174
29 23
61 21
273 226
279 188
107 242
162 74
18 159
146 167
9 195
261 84
89 231
222 36
255 209
41 120
17 31
161 226
40 193
114 29
244 214
107 26
192 163
189 241
32 65
3 184
185 282
178 154
85 200
245 179
89 186
273 80
244 117
97 269
188 246
73 186
31 38
11 77
118 43
181 84
53 179
136 106
277 280
267 201
179 80
20 228
210 11
129 120
255 181
3 245
98 250
230 283
197 116
144 188
112 116
76 264
25 269
165 70
155 164
54 133
114 55
178 71
79 127
217 69
92 56
150 53
223 235
185 55
170 210
170 92
172 205
128 46
108 126
100 279
9 271
86 65
256 247
168 203
49 123
205 85
246 104
76 227
224 247
157 239
113 10
13 78
18 160
105 205
161 273
32 24
11 115
75 253
148 119
150 43
181 278
141 134
92 10
88 210
228 263
19 174
67 23
214 26
50 220
199 172
224 250
169 222
168 251
209 13
100 183
135 52
137 276
149 120
194 243
76 91
185 52
84 109
280 101
248 267
232 273
60 104
230 187
169 52
237 177
166 177
82 130
159 33
75 226
15 62
124 163
32 163
32 80
68 209
155 201
26 188
261 154
98 65
76 253
210 260
37 53
212 10
167 241
34 72
98 104
166 65
30 278
113 171
162 45
41 102
63 273
142 235
242 58
76 171
128 53
100 269
142 111
93 31
17 222
153 46
135 69
40 79
20 200
222 153
263 241
119 233
162 153
280 163
87 158
151 217
34 27
148 105
79 95
35 102
204 202
180 219
270 92
29 117
11 205
121 115
170 123
128 208
55 124
203 234
175 13
107 97
92 78
6 253
193 179
185 50
204 44
63 186
3 74
135 121
112 120
258 36
274 195
118 184
53 33
282 15
148 272
128 6
44 267
170 255
49 176
211 181
3 63
24 186
18 75
166 28
171 272
26 228
35 145
229 117
247 200
232 171
75 124
97 193
218 97
17 258
40 71
137 2
281 57
175 38
209 162
28 45
30 58
140 14
142 237
257 265
193 276
89 61
142 181
185 81
173 260
246 163
115 241
144 36
144 20
282 273
232 121
275 10
100 11
239 56
256 219
8 184
90 174
245 65
222 225
149 27
189 161
148 184
93 276
168 106
277 266
209 75
184 39
176 225
214 163
159 86
170 27
17 47
255 48
173 264
81 192
231 273
246 131
266 25
189 240
212 231
100 238
216 125
179 61
105 144
76 77
182 251
153 127
194 225
263 265
277 44
216 282
199 130
139 32
282 177
205 253
73 260
171 238
151 276
257 56
255 92
11 245
108 35
163 183
106 109
81 273
37 140
66 202
258 257
279 272
148 115
259 235
157 109
157 57
245 25
54 116
115 234
180 31
212 184
180 151
3 117
248 164
68 50
138 279
113 62
106 80
176 211
33 182
112 74
230 8
133 282
68 188
148 117
100 237
257 83
217 172
91 86
229 125
170 11
249 147
259 93
29 203
146 90
232 224
174 220
148 238
53 172
28 61
185 178
138 104
57 203
49 208
1 58
7 179
54 270
60 260
126 46
219 273
137 33
232 130
64 102
114 104
279 241
259 16
257 97
149 197
