287 935 844010887
267 270
163 36
14 166
152 101
51 121
84 187
49 146
132 90
159 264
168 173
38 70
93 257
5 153
202 146
62 274
254 183
280 182
133 228
268 1
83 263
141 54
58 87
266 201
244 125
203 59
259 154
107 75
172 164
65 216
234 24
128 271
197 153
232 81
210 282
236 122
142 67
155 211
204 146
26 94
30 63
262 7
245 206
223 114
162 201
103 45
130 222
109 187
242 21
250 40
278 239
112 59
151 131
61 52
76 12
276 208
34 42
156 116
97 57
32 211
22 144
78 92
251 284
108 36
143 119
240 249
212 158
157 164
181 219
243 196
191 94
106 64
148 27
68 158
48 3
226 81
229 69
18 273
64 134
43 15
256 217
273 125
209 228
85 89
25 139
180 66
44 66
221 282
169 121
227 50
182 193
220 200
94 179
80 217
230 216
253 122
235 238
270 66
167 184
82 283
271 13
31 136
138 272
105 9
187 261
184 9
55 129
175 248
195 219
186 90
188 23
255 146
104 120
263 69
91 123
23 190
136 52
27 207
238 228
214 282
71 135
281 166
145 283
274 140
42 150
134 213
119 2
200 153
277 1
118 122
170 92
117 179
125 211
127 121
211 20
166 9
272 228
205 113
208 86
196 35
13 15
139 1
269 165
73 222
183 285
96 178
154 74
67 201
161 37
28 179
194 286
237 282
63 45
284 264
265 193
124 111
90 228
24 74
165 60
233 146
219 190
16 173
74 2
228 190
86 129
149 102
177 135
52 10
11 174
6 8
17 35
131 179
140 135
59 275
217 164
241 261
70 153
53 4
57 69
20 258
100 50
201 247
176 79
113 40
102 35
160 164
174 72
198 10
283 77
19 92
122 287
89 218
207 146
239 121
224 77
121 258
158 192
249 35
126 129
7 282
40 12
115 171
69 216
179 185
147 39
222 114
8 81
216 66
247 45
231 279
261 45
95 120
60 98
260 81
4 282
190 215
218 50
110 101
141 106
259 148
204 68
163 48
107 226
107 229
278 18
61 43
243 256
197 209
128 85
172 25
84 180
276 44
130 221
197 169
38 227
142 220
32 80
234 230
267 253
278 235
151 167
245 82
243 31
107 138
58 105
266 55
156 175
267 195
268 186
262 188
259 255
251 104
242 91
232 214
51 71
202 281
108 145
268 277
142 118
212 170
61 117
128 127
97 205
203 269
61 73
65 96
142 161
251 28
250 194
280 237
156 265
245 124
254 233
236 16
84 149
107 177
143 11
168 6
191 17
234 241
168 53
84 100
262 176
132 160
108 198
250 19
30 224
172 126
109 115
109 147
240 231
83 95
151 260
276 110
278 46
266 88
93 56
108 99
5 29
262 137
133 246
65 252
108 41
162 189
280 47
30 225
259 199
243 33
195 176
209 206
283 126
209 257
253 252
262 126
197 119
207 231
273 37
31 174
205 115
214 161
272 67
112 153
113 47
117 161
118 139
91 136
106 12
239 258
253 218
131 126
230 100
269 89
196 219
180 158
196 20
138 59
118 77
143 252
187 29
11 59
6 225
162 115
132 131
67 199
182 214
208 69
68 3
43 260
100 121
272 57
208 249
23 211
237 177
195 59
188 246
244 126
187 16
134 277
158 129
271 279
182 196
265 20
152 29
61 79
162 41
183 57
159 189
20 252
133 227
235 183
136 70
259 120
165 113
104 196
243 205
142 104
134 99
154 1
141 3
272 92
180 170
210 136
184 145
65 178
106 80
68 225
228 121
94 91
27 87
127 135
107 214
158 8
266 125
96 189
102 72
187 89
76 183
168 23
217 249
211 183
6 98
232 255
97 106
86 207
30 196
13 73
30 89
254 66
125 275
108 4
271 99
128 41
166 179
78 286
157 50
23 166
249 231
243 193
186 193
165 173
34 101
226 183
94 82
143 148
136 88
218 1
278 169
117 2
269 40
103 47
64 285
266 227
200 50
23 110
211 86
20 95
118 17
230 277
119 102
238 47
32 100
251 221
232 7
96 100
138 56
191 89
85 122
24 89
5 59
235 270
103 160
105 188
269 282
28 231
119 20
180 277
268 182
203 129
80 233
284 54
134 207
119 99
44 4
194 4
91 233
226 166
268 53
262 94
80 272
211 196
43 265
128 271
281 60
122 179
184 192
38 18
167 127
227 3
5 174
250 113
20 50
19 50
240 33
113 8
220 71
273 239
80 53
121 77
13 122
13 219
195 60
14 124
253 129
230 124
269 140
204 215
27 214
154 146
141 257
276 94
230 73
263 205
220 89
255 35
136 100
166 146
220 86
122 190
201 198
106 160
145 119
155 68
48 216
113 15
8 35
30 146
194 6
253 88
277 118
125 257
265 131
63 102
277 126
122 21
148 186
183 252
176 89
284 176
254 220
208 95
25 238
256 111
134 9
25 82
5 226
205 140
32 161
223 92
16 160
250 105
64 263
167 52
96 241
74 285
68 208
141 119
241 225
195 90
58 216
152 7
142 198
272 47
134 90
118 224
44 6
203 190
202 153
200 260
188 74
270 90
254 104
219 10
160 40
151 272
235 149
106 41
187 225
196 287
267 183
159 3
16 86
28 99
240 100
188 208
159 230
31 73
145 21
19 135
132 47
112 177
63 6
195 217
149 57
48 219
200 286
226 208
117 241
202 171
139 33
214 24
128 247
78 116
255 60
131 216
69 206
268 171
83 183
273 102
51 235
103 116
93 57
110 79
136 52
68 195
221 104
136 57
149 69
229 283
273 115
126 50
157 275
64 119
18 10
31 165
105 45
73 246
89 40
73 10
115 21
145 69
119 45
221 253
170 24
266 4
134 165
107 189
262 241
227 117
67 8
216 153
105 71
259 8
112 63
43 167
169 88
177 88
53 7
214 237
5 127
69 189
80 228
82 118
64 6
148 131
70 231
262 35
249 72
231 66
84 21
284 231
55 140
42 222
100 19
26 95
284 114
245 137
209 6
250 146
27 282
14 215
103 100
71 218
169 144
27 53
48 283
34 124
128 189
5 227
82 127
147 144
13 146
242 27
34 52
151 284
259 39
266 104
250 224
23 269
232 43
210 44
141 176
27 19
233 36
159 195
49 52
186 127
133 95
181 37
202 15
165 228
44 36
152 52
156 218
195 115
253 120
266 126
52 178
17 216
159 18
59 89
67 219
17 160
94 265
209 16
266 48
188 115
105 196
128 25
78 95
132 23
241 98
229 208
73 10
184 178
228 6
262 284
5 216
82 252
181 64
74 11
84 209
270 63
208 96
100 39
104 60
154 199
267 182
59 95
276 118
175 121
122 81
5 185
38 21
112 194
127 98
91 205
204 207
110 248
104 150
221 104
149 9
163 135
4 39
143 253
6 176
253 2
105 79
242 194
31 89
277 216
180 138
276 189
182 211
214 79
165 11
232 194
228 114
183 96
147 45
136 6
197 217
261 3
201 222
235 170
59 123
180 15
106 147
280 219
128 106
247 33
227 9
68 23
140 39
42 228
32 256
31 27
84 178
166 201
237 198
167 138
76 23
113 231
11 239
244 90
97 283
240 94
118 211
223 98
167 274
20 201
186 117
67 28
11 216
119 102
84 40
14 113
166 228
107 71
272 265
80 205
109 35
259 186
200 70
281 40
267 16
222 56
6 217
276 228
138 257
251 164
31 21
55 52
209 115
65 41
270 237
268 29
158 69
230 153
166 4
67 9
271 1
187 117
157 1
277 69
253 249
182 277
273 287
232 138
219 81
221 35
58 16
133 29
24 69
239 79
170 225
136 283
52 222
141 136
176 77
161 279
7 147
68 253
82 59
182 195
128 86
271 89
230 271
38 81
187 222
161 45
59 81
183 102
174 121
14 206
57 261
149 216
14 47
138 121
68 117
145 149
49 119
184 177
244 46
90 179
64 255
240 169
48 272
163 91
224 193
106 66
245 201
186 24
226 238
149 218
43 19
31 137
238 95
159 144
187 190
274 7
191 183
250 40
97 72
235 88
197 154
198 247
124 198
73 54
27 241
90 228
32 134
113 72
157 20
119 170
207 4
105 179
165 99
103 1
182 118
281 146
209 186
62 21
124 74
142 176
187 67
175 35
90 57
138 113
221 196
220 161
44 231
219 7
281 201
142 175
240 1
154 225
22 9
49 222
200 10
18 85
148 166
11 247
187 139
234 239
209 255
198 260
74 123
207 9
244 201
97 233
106 265
43 53
97 229
94 101
143 246
254 239
