94154 670
18512 14029
681 147
463 367
25289 7514
5084 2088
18077 17845
13188 5758
17200 2345
4799 1880
13282 9426
20120 119
14768 1200
2189 73
16310 46
12089 4009
10482 530
14896 11740
2891 1876
23851 10500
7122 3429
30309 1401
12359 9067
15428 14294
31199 873
28220 20385
23876 6290
3313 1070
3038 2472
23963 5413
16977 13518
15535 13631
20551 4024
956 822
19823 6173
1682 580
8134 6518
27562 14873
14101 3275
25538 7482
8634 7219
1224 868
24236 10656
19449 3714
4282 3885
2890 2333
30483 14702
17927 3176
20235 2663
16570 12480
796 376
18510 3611
19243 1111
29812 27499
8717 5953
26950 10118
13386 5589
23594 21399
11297 9124
24570 5416
32460 30485
15458 7120
7941 1128
21641 5849
14536 10604
24819 8758
23131 2423
166 33
11916 5315
25995 15127
11322 3772
8216 6417
24342 9369
20012 17235
11691 6036
12602 2576
16540 11984
28586 14571
28461 13833
1404 232
21765 13873
10287 9651
30003 21424
8673 1411
3694 812
26551 20164
1185 154
28543 15436
935 628
2196 2032
16210 7930
15362 7191
29875 11512
30699 8695
4245 1423
2602 1368
8011 57
11829 3183
27052 5692
12872 6788
25435 13102
30656 20506
20044 4516
21189 3151
14211 12490
3371 1590
12575 985
4250 2282
28056 6646
31725 16130
8261 3243
10201 6786
18209 12952
24271 14979
16846 10391
19491 3982
23002 4605
26221 1621
8258 7470
22832 5036
17460 1364
12729 505
18201 11861
21322 5716
12755 560
30328 16306
12099 1668
14290 3094
12303 10506
31171 14535
31650 14608
7610 4252
21108 1352
22663 22116
1419 1163
9737 4153
10050 9414
8198 7495
14665 12891
15450 9651
31725 22032
13908 8538
17049 5270
10077 837
29085 6875
4826 3483
2351 2013
26964 3531
25007 1318
18134 17064
32048 549
28823 20198
4659 4176
21977 15821
13237 612
6161 4314
14957 12175
24136 16034
21327 6267
30657 2252
22356 17780
4572 1766
20605 20102
1338 1034
20502 1457
32290 27444
31288 1018
1060 362
27281 16787
9468 687
22119 9002
18105 13257
4059 1883
25886 12339
20075 5790
15944 2600
24763 19003
12945 5951
11157 5412
23477 22907
6702 4135
7987 3507
25515 10509
16374 3907
18915 13113
13109 271
13671 13592
15512 2446
21184 6045
5532 5525
5367 5218
9272 4320
16731 11929
1217 1061
26750 16269
27403 27073
28801 72
7889 3925
5265 3790
5974 4909
32178 7338
31309 20980
22715 15583
502 400
3490 2546
3723 2601
31738 21829
26330 14059
24762 23543
27699 12762
18752 10155
17796 3036
14230 9535
17859 1376
23539 1641
4492 322
1925 699
18444 8107
15469 96
13085 7664
32524 32338
17074 4723
19581 12818
22390 8857
23138 8123
8368 7585
996 357
4458 1138
2037 798
12498 5057
31960 31394
18912 13190
7396 2983
15929 9526
20613 1228
84 55
6531 2696
30939 5565
17287 14593
23380 4954
32219 11087
11776 5362
17009 2608
2307 2300
11815 1147
20678 14396
11849 9275
28570 25649
10071 1654
21150 963
30985 2243
11746 6353
913 719
19404 18233
4640 2863
27579 18673
20139 5145
29675 26708
8943 2172
31385 29881
10931 10340
27239 25930
6989 2286
17921 7700
17511 11284
20225 2906
3587 3202
5136 1839
6077 391
10830 4853
23888 12821
5621 254
1116 156
9785 9105
14183 9034
18546 324
12833 1732
5756 3779
25324 24773
9310 3639
17819 7164
20779 16604
23418 18489
7974 2582
25743 1016
22313 20355
15904 8954
31560 21245
2678 2089
19633 7683
1504 209
26838 14929
11514 7272
16847 5859
6190 4244
30201 23068
12412 3898
19172 9229
8567 8072
20332 16557
11408 8867
26917 22944
16791 3369
20733 16150
127 83
17180 11908
2146 638
26127 18351
14276 7508
11558 10551
16924 13405
14874 8823
16017 4227
499 168
5121 1636
14633 3613
26183 18794
19210 15171
26814 3467
24667 2419
14849 13194
14658 7181
11509 6998
24164 14074
8970 240
27978 11491
23485 3633
1033 996
23906 8575
4130 644
23328 20694
1191 581
15421 6326
15263 7283
10395 5070
1708 1233
16003 7420
13035 10954
21922 8874
1052 230
29521 5383
27395 16873
21530 13454
31501 10537
11895 5483
25399 4098
4828 3016
28204 20006
3320 2039
19885 6073
27193 3657
13622 7571
18830 5405
2015 1019
22640 14308
7552 1653
24867 5278
25368 7167
3641 2851
23152 2971
1881 384
15611 306
19262 17348
17921 5389
27394 9854
26620 26076
2717 1689
28995 17319
19113 12745
25573 17224
32616 18914
1240 493
22791 17214
26195 21018
24868 2199
29048 16987
29071 28941
13110 13054
2125 271
28782 13169
7395 6602
17748 12837
23249 6948
21529 157
25948 399
18119 5885
2192 661
10348 317
31622 24399
22906 11412
6115 3136
9070 8227
10913 2483
12208 1184
16914 1938
26042 3700
7457 536
29821 28732
8156 2107
2816 2453
28975 19950
1099 541
9714 8138
2691 694
7463 2873
30038 1073
29052 6072
26522 18791
9240 2592
28720 10448
25747 14866
12847 735
6726 5802
22590 6088
4806 3786
22338 3215
31147 25655
17466 6508
32150 7045
16742 12926
18034 1777
18095 3046
8441 4918
18755 2239
890 432
1664 1553
20442 7078
30227 1767
30426 5675
10081 9330
24727 461
3622 1632
15959 2863
603 448
10626 931
30558 28936
13295 4153
11853 5486
19809 2353
26546 8077
8786 1725
22630 6641
22511 16329
26031 21199
18787 4887
27820 5601
10840 9311
6387 1672
12987 2111
3704 72
14272 5709
27313 2391
22055 8734
24823 20063
4541 411
30256 14382
3621 792
8107 6366
17624 14839
18763 12260
23659 547
1768 301
1297 663
29938 8748
32352 1229
3159 2245
10840 5292
28071 26107
20897 13692
26487 785
32020 17475
15363 10762
2173 556
27159 2975
21151 5248
32047 8034
11897 4695
10461 4306
31176 14713
13163 12218
31949 3651
29633 10711
30544 5479
26250 3473
32485 24764
7827 6
4718 186
5235 3692
1761 272
6513 890
12620 4287
29090 28784
29206 2984
22866 9741
1415 337
31141 4418
15754 5639
4222 384
2226 1703
20384 5440
27260 7748
14100 2651
18644 10072
28362 3934
13018 7952
25475 17181
1253 71
10989 2888
3528 545
29456 20597
6485 5944
234 45
1056 520
598 550
15494 13386
14131 11635
21741 19582
13761 4286
2892 438
20046 613
27119 26542
21011 5656
25972 12431
16729 1667
7194 74
9440 7095
6715 4647
5760 2782
18454 4614
15633 9546
25810 5756
16265 1786
12992 11728
29540 10379
14561 619
19017 2334
15784 12790
17130 701
24320 10223
24876 16525
27537 4028
29064 26481
24895 6373
7088 2890
13556 853
2166 2104
18336 8074
7914 4572
11390 4006
7363 3098
9368 8292
3585 3462
29581 1611
26576 26167
29074 11647
19118 13502
32439 8439
12240 261
15212 4853
1474 212
10819 524
79 34
7927 4473
8096 1507
7854 1889
12968 6881
5499 3101
22719 3949
1319 586
18060 4596
4401 1319
21033 10150
3091 2215
2690 590
27079 4535
24062 4626
15242 1442
5218 720
6368 2035
8178 4325
6616 4363
2521 689
18065 13353
32202 5922
8189 4469
14568 12079
9701 5839
24547 8287
32301 28589
100 66
8538 5651
16812 16066
12369 10206
2168 215
22369 19891
4647 4385
25220 3638
19230 4991
26338 24956
25708 15510
9623 6338
27818 233
2998 1264
28709 5313
29582 20983
25664 2827
2860 484
25107 132
1057 64
29784 16919
28805 13294
31880 11622
28987 3554
29505 3173
6519 5706
2027 1713
11134 10475
25499 1210
4781 949
4919 164
16061 12633
23772 12871
17477 8948
1148 921
26240 10249
17356 14288
28241 21870
31069 914
29316 25999
21256 12545
30039 22855
30608 26522
31545 2006
29571 1055
32465 21207
28001 957
26178 22131
25856 3368
23982 3110
559 481
15097 989
13978 9143
20175 2377
14062 9879
18152 16369
3901 1496
1418 413
22179 5498
4688 4393
17962 12481
2091 691
14059 875
9382 1920
19318 13025
23662 314
18548 14795
6417 5613
24715 17120
1030 465
30594 10321
750 306
8358 3914
18713 17962
23660 2680
8780 4860
22871 3596
23233 1806
15388 10722
26736 8579
13061 3709
14733 1156
