100000 1000
18580 10301
15380 927
20461 8895
25114 11577
24148 14221
14971 3798
19352 5972
24483 23197
10921 393
18959 6247
30469 17660
2400 990
13940 3519
5038 3092
25333 6111
7966 6616
12536 2480
14775 6831
1485 1407
4977 679
12893 3520
11919 8308
17944 5135
27183 992
3630 2836
6944 2100
5378 1378
9971 4232
13788 12735
21845 2730
6365 3514
19356 201
11065 6426
26271 22021
26528 7255
26315 7700
765 489
8819 1407
20835 20184
12904 5515
30532 15404
19658 1636
15077 4989
16925 5794
2574 1993
20639 17289
2054 1440
16857 13849
14271 6147
1653 723
5709 2523
17487 11790
14748 8692
2767 2355
18275 1964
8565 294
22612 1347
9397 1882
7062 3484
25862 22525
20084 9842
15414 12686
23639 7546
19712 3589
15089 8242
24800 2366
22204 12489
22566 16880
9123 421
24650 4833
9726 1261
25727 5413
1988 1116
27786 15424
3580 1842
24021 17350
629 601
21183 9894
26039 2786
31799 26664
32057 10567
16777 1897
4565 4499
4727 4722
29304 28883
8076 4471
3870 2310
27821 7809
16382 14479
29169 28154
3329 1650
16051 1444
2425 2297
21221 19061
6160 1321
8870 146
11006 7474
30743 20566
21632 2626
10091 7585
15237 7671
18750 8960
18602 11726
28456 16183
8040 2113
1681 808
14220 5493
24007 15134
10984 1034
32589 14585
2889 589
22391 20150
21673 9646
22579 9553
20389 7318
3882 1575
30769 24703
25096 22913
15498 374
25879 11215
10348 8543
19 5
20614 14445
21818 13756
4651 18
7842 4346
31562 19267
30159 4402
28320 1411
14725 10084
22572 17155
1499 535
1507 1353
29329 15108
30886 6592
2979 1785
16753 1286
14366 1695
16085 10444
819 334
20136 4705
31626 4737
18427 9059
7385 5673
20812 556
30644 4139
26365 13010
2983 1182
9733 6359
1922 1400
12006 7276
25588 16070
13535 8407
3163 2017
3426 1943
2523 2397
21448 7266
25773 3302
30020 28154
12218 318
14613 2092
29289 13340
6400 841
25781 23050
32254 6711
12674 10667
13618 1691
13105 7940
12573 10583
24178 7136
27413 4303
20313 12390
30963 3603
11445 10632
11021 10308
21917 20446
18020 14567
3403 3220
12062 10165
6446 584
5942 629
1338 329
1394 291
643 407
18581 6824
5130 581
10966 7044
32214 20031
31122 23011
10823 2036
13630 4017
31144 6723
32159 8687
12291 8747
3645 2410
30009 1131
24341 6961
6993 3353
15758 14403
7953 1169
29102 7735
5835 5412
17294 15488
890 528
29963 5473
14350 5232
959 736
19203 10227
18224 7224
17976 12889
16198 13696
2303 1136
9987 3712
4208 363
8046 5943
6660 1713
1744 523
21599 1829
20515 11810
4716 2641
28360 22102
13487 521
10872 3509
15575 8322
28541 25226
16275 963
28450 77
10407 5733
9320 360
1343 369
4346 2171
18563 3286
18019 1677
15979 6338
3967 1586
8405 2215
20015 1673
725 251
24913 21965
1612 1078
9968 941
4028 2671
28343 22130
27738 3019
28844 1121
7781 7671
7195 5859
17335 8300
21199 2275
19098 4214
25736 9336
26844 904
24234 1305
2342 4
1075 216
8841 6201
495 392
11866 4906
13039 11213
12352 5550
2359 1282
1163 402
28343 20768
26823 15257
12925 2486
29329 17880
22056 11195
26794 17749
20384 12332
12874 308
4868 3290
20663 8894
30948 13701
5909 5412
21681 17611
5248 67
20337 11750
25688 680
23223 881
22748 6209
20435 6650
13307 2703
3910 2245
25190 10134
13433 3059
27882 4327
12718 9552
5117 2480
26678 1994
18839 16390
4324 2738
32067 22037
2243 1144
28277 979
22020 5657
31006 27299
31034 24050
4222 3509
24266 4113
23609 14292
1180 808
11182 4166
10263 6806
13188 9687
4173 1814
18821 9987
18546 12888
4784 2351
24211 1878
22409 21226
31364 23919
29364 22343
24859 3536
3522 709
14235 9545
8267 5961
7027 6198
25917 3929
25129 14723
14963 11540
5521 3349
7818 3082
66 40
16624 2570
24138 5114
22589 9903
1569 88
12999 1005
7644 526
13680 6404
12451 1876
15555 7268
14437 2881
5184 2505
28618 465
30707 29531
106 72
21580 3987
24892 12979
14378 4770
31057 1439
11577 1509
23234 1820
27262 5494
10727 1173
5424 5413
1225 1092
970 154
32474 8306
14174 12178
1252 880
32556 4791
15680 7190
31347 27691
14408 8392
27783 290
1294 727
5924 4039
32335 18440
3842 1800
25506 4772
16041 14910
4853 3181
2951 1917
30266 2748
20800 12554
31070 9275
10053 9651
7291 2016
9384 1755
30286 26306
5679 3585
15083 2059
23207 12173
6831 2056
22906 1806
3447 1417
18308 4417
24079 4583
11811 7748
2542 1766
26765 17696
18720 17128
2919 2244
21123 6018
27283 14506
12342 3285
12617 566
14415 8007
16489 13669
32204 19828
18191 14070
19917 8090
18792 1991
3328 1863
2501 309
2396 2053
2030 896
5138 5113
2745 2538
30656 8644
26587 20128
7912 4966
32253 25858
32418 16809
5395 2994
6541 4740
6377 1893
12043 6113
25086 19700
27310 2034
150 0
10221 6280
15883 344
7708 579
18532 10666
2203 1012
15400 2501
8013 3391
117 23
29515 28918
10572 8120
986 787
21551 21412
8091 5996
13038 12389
26114 14151
14526 4347
32009 31353
7563 419
20262 5166
11151 9326
25978 9548
2852 2264
12875 1981
214 202
24500 10566
20925 646
30363 547
16906 5498
29156 27235
25055 6159
4580 3822
7268 1947
1049 420
15639 2278
13080 1866
24419 9081
21190 7515
31861 14270
31947 16854
2891 954
28996 609
26381 21617
20408 4730
28577 24155
23630 11776
6266 728
9533 287
22960 6224
7299 797
14166 9512
31194 17974
21256 9801
30952 22712
15299 13533
18358 10915
28665 5864
14691 11946
17893 10824
4378 1112
11805 11440
31041 29249
1126 89
31475 9690
25291 14197
2481 144
10993 2349
30548 30010
14757 11393
25670 22998
30903 23252
32754 22311
17163 6986
11641 6679
20205 1249
24743 5779
4773 3614
18213 5322
22347 2601
4592 2183
28125 4377
29449 8355
14991 1040
9071 1470
2658 1358
1354 706
26360 5221
13929 10011
23719 19020
9966 1363
26316 17168
2120 1485
30306 9355
10338 4877
18131 6266
3354 921
29965 8284
25589 24715
3289 1415
6673 6313
104 1
12379 1139
15919 3351
8193 1726
22774 5760
25387 1624
30251 24083
30182 7868
30331 20198
25440 22195
3236 2021
13147 9455
13956 302
19420 7105
19574 2199
6947 860
6879 3493
7648 2647
14852 14232
5540 4485
6175 2642
918 819
27057 5420
15207 2186
29721 26354
8840 4165
26214 458
28570 86
13418 1673
32294 30734
10255 7738
2702 1066
7407 862
27203 26442
6686 1849
5177 617
15946 4123
3480 974
12807 3947
3765 274
5220 2260
29760 21641
5570 2502
20671 5221
13542 6967
12858 2756
21068 14931
28728 24458
3518 2584
5611 4301
8742 6465
15528 3155
13217 9017
27290 15850
17364 14877
18870 7938
16515 5566
19185 7439
24671 19170
2481 1283
16928 9086
898 459
468 373
30731 2309
14455 3442
1344 645
6595 445
21465 2537
9289 11
26626 21883
6081 3331
27220 1084
9631 1269
32004 19378
4071 3211
29018 6487
10817 2385
29029 14671
29008 10628
29166 20623
11328 5341
170 36
19614 6372
17075 1140
109 44
14137 10207
10870 8330
4725 1203
13535 12763
17631 3162
29183 20383
673 171
32625 13880
24395 9159
24423 6485
20936 10409
15425 1371
13457 11211
2655 48
5664 2827
31795 7558
28072 5342
31898 189
2051 1538
9068 2875
16620 12674
22609 8407
23662 7968
6103 52
5276 1482
3778 2277
12163 12144
32676 8959
12637 4483
9901 1973
32520 19133
4035 471
1206 25
4821 1768
13541 4927
27245 19613
29586 18457
6277 1036
16809 9127
3484 455
15553 14266
17929 14476
18182 9047
20878 4806
27510 19024
31024 14265
21073 6372
30534 9785
22986 2049
30161 14613
9987 1776
18187 4970
17208 16127
3139 377
6459 5388
16103 4793
26400 808
20451 16710
30777 7416
20777 4026
15173 7577
23953 15460
2276 1955
13028 2769
11854 9547
12851 4427
4165 923
14958 1867
31304 6122
4402 3856
28170 4277
19937 2882
1826 1562
31480 8836
18180 2825
24989 4197
23856 22872
13176 5822
16297 5536
1732 1313
10153 8924
22694 9452
18067 4909
2493 2418
18217 8312
2298 847
28415 2168
8370 1134
29743 19887
6641 5747
23375 395
10770 5436
29088 2689
24204 15312
14216 13116
31503 13474
20291 1534
32208 24564
17365 7268
15905 10653
15427 5871
22852 15528
28418 77
24961 17936
27056 17112
886 416
258 205
5551 3726
31998 549
18038 5281
21866 2595
23532 22305
4740 2757
14937 3702
9715 8946
9409 1697
20478 4762
27576 1788
25852 135
32374 239
1803 1152
4654 2338
10245 2263
21404 607
26544 7687
22238 10074
8757 4705
14724 2091
17108 2960
10986 10294
11989 1736
20166 18747
23746 23399
11773 7195
27603 2915
10683 7184
20394 11604
9410 8414
25664 861
22274 5841
32288 8691
32618 18849
19155 1497
26623 6103
5531 4586
28715 27646
17508 1669
4439 254
8439 826
4540 25
17009 12475
22901 32
10995 5785
7641 2623
28060 27454
22281 14339
28852 6575
13253 2074
8234 7742
32644 12574
9281 6832
11971 2836
28806 6129
1437 1031
16133 15250
3228 1994
19388 12076
18383 10625
25680 11298
25628 306
8191 2055
20184 6467
21462 5166
27541 3582
5924 895
23611 6414
27694 3526
3931 2463
24868 40
2239 770
15700 11050
6214 1463
3742 399
29423 12631
11048 9052
25139 23882
31571 7743
32152 2468
8173 991
8835 1400
18600 11405
7757 3886
20170 5419
16026 10609
26663 331
15334 13324
1612 533
12897 1320
13822 12014
7421 4263
4835 3711
1733 1342
9086 8751
26224 13089
12641 1592
22582 8642
29085 2874
10722 1798
4478 2272
27945 19966
31605 4634
1082 307
26710 8175
23702 1464
4291 4022
19490 746
4840 6
17530 16816
24682 7199
20617 12061
18585 8810
4183 2181
29421 6059
10017 253
23984 8606
20399 2633
13560 5996
2786 2503
5592 4255
7309 2456
4567 3029
19077 7094
1697 302
4604 3633
7677 3676
18186 13588
2559 1267
21133 4931
20863 1400
563 228
16586 10498
7893 4854
21142 11269
15623 13245
9532 691
31725 5329
20513 4394
9808 2702
11637 2778
27120 25995
27681 2812
6428 345
32250 31740
10881 8258
13883 10698
27456 2097
11314 4920
5955 3136
13881 8966
19408 4688
4328 4063
2142 1101
1673 43
12712 5545
10956 9708
19201 13527
32445 19645
23015 1879
4338 2179
10202 6672
28169 27679
22127 6715
30034 9354
31136 9619
26056 18412
11366 6222
14150 4035
21386 4236
5111 181
695 140
1551 1408
14293 6428
11704 380
24722 18076
4943 2418
24129 10207
27089 18569
31720 31653
21904 2136
2708 87
2859 1130
6128 1223
23228 20032
29462 18399
31571 6267
29605 2827
10916 6011
14100 1607
29948 16803
18502 4288
14714 7662
25950 24088
15995 6161
22484 34
27222 24274
4809 3511
29770 12364
2967 1390
8628 8138
173 155
25477 9735
8858 1337
26612 22645
21351 6457
29808 19834
28714 16673
7129 2403
22744 159
9455 2931
10843 3770
13579 3762
24292 4897
4877 514
18563 2510
5781 1708
6645 3307
6006 1862
29117 2328
29031 13638
7030 6900
28668 2380
31591 13681
14037 4624
22616 686
31254 28803
30628 13173
6934 3022
16272 13612
32092 14843
21467 2452
10183 3441
24726 9259
1548 655
1846 98
24166 1973
8680 3699
20360 11607
20772 8319
27351 26759
1925 316
16086 8965
2008 1495
26081 19471
2419 895
27935 1637
30408 18448
10162 8267
31289 17073
16944 9150
19758 13424
10839 10459
32101 2274
7932 2294
7306 1097
31813 20214
3592 176
6168 3061
26398 6388
17107 2095
5429 1980
16446 10042
15985 2747
19646 15361
4230 1132
715 450
29133 15051
13475 6288
18583 11253
3648 2192
19649 2295
5000 2681
6024 5255
20165 18813
26015 1223
17236 3979
16255 11595
30881 28515
31743 20984
12627 9
20772 4713
8899 6451
26426 23802
16563 11916
8739 5441
28989 14801
5360 2988
15625 15071
21422 4030
20419 3136
6018 1454
23756 22893
26873 15740
15408 485
17561 14774
