97413 888
18544 8954
15482 13653
5304 3016
23645 11010
6360 3592
16598 1686
5201 4965
9746 9592
10835 5420
31589 28579
3203 1598
1077 97
17147 8059
20 19
13714 11252
7724 3488
23134 6787
16352 5047
11640 4599
20144 9641
22015 6888
10589 2464
7264 1594
27726 1289
5588 5532
6451 2103
10538 8667
25064 23689
20678 10391
6812 2659
15850 922
5938 5482
16692 13154
30695 698
7272 1528
10550 1163
8560 4873
6905 4841
17057 11970
29392 26500
30784 9525
15814 7922
8005 1404
25906 4600
13662 4795
27356 26857
5687 1526
12385 510
7673 5167
19929 5509
21777 14303
15286 13280
2354 601
21487 15162
30621 6235
28255 21961
27808 25739
7272 492
31836 22290
18395 4849
14540 6856
14620 5650
2307 1359
18561 8849
1461 305
16124 7598
32505 10658
10746 9262
3917 3869
9866 4712
24539 5522
26562 16847
507 275
31838 18074
504 329
6059 3798
5911 1977
24996 14243
5333 93
4698 1240
369 129
23705 7632
30122 23115
27592 11620
10698 7375
30993 18983
21475 2173
15298 13631
15193 10671
14579 2444
9632 3263
13930 11399
71 68
21691 7365
27702 8168
5299 4619
3636 1590
19447 5100
18604 15172
19689 18401
17072 6684
17867 8193
24638 18334
6951 1905
4034 2476
16750 1646
4317 4142
23007 9127
6245 1126
5802 5278
30125 1648
10838 10222
7430 699
18016 11722
15237 8691
27941 13390
14343 12004
6913 5284
17779 5515
2745 440
27199 2559
6422 4046
8502 8312
3027 695
30584 27428
16314 672
19394 1117
521 230
4847 1377
6426 4681
17855 514
16451 14163
23512 3806
6908 5956
30730 2194
25407 22681
10711 7659
22325 17402
26675 24221
10766 8125
10632 8047
31792 29982
15613 4377
7829 2386
18680 7522
9582 6065
4833 4466
3597 2953
29738 8845
31745 9464
8332 1536
20867 6719
8595 6021
10001 7642
11100 1732
26200 24126
11934 1788
3159 1539
19431 12318
22210 17267
3112 1211
24740 5959
628 151
29257 10179
15109 5088
2139 1555
7040 2311
22091 20375
6265 2861
18418 7217
25658 20609
18041 5602
31424 26904
17526 12776
12039 2707
21847 21250
7560 6933
21508 9628
10239 9720
23744 12926
24177 6733
7760 1290
31086 13388
18016 6729
18836 7764
3362 1152
16468 3770
9272 222
30201 22324
3284 559
20709 2366
6430 5572
12830 6245
7382 1764
19210 13128
4410 3697
119 74
12330 7426
32478 9159
19082 8188
25577 9992
24040 5082
8498 4651
11614 1966
31822 23864
25018 1443
20490 12067
29917 24786
29428 21048
27745 19259
26398 438
10111 5188
14110 10433
17455 8161
9305 6063
24464 2648
2690 2074
13707 12145
7261 1969
25523 7085
24009 11020
21360 2281
32509 12790
3933 1097
32018 4468
2030 1774
11202 7910
2902 2544
3183 2325
29864 10415
5734 1160
22076 1799
21606 6331
9044 665
31580 22029
7423 4426
24177 5272
1598 1513
25670 2752
25446 7833
24958 17155
18629 13561
31870 5614
31880 5159
32368 12756
28636 24665
13710 3742
21332 18350
19613 3819
19083 2914
15287 287
778 424
13902 4549
12908 1672
14958 7245
16320 6491
9538 2050
7214 944
28890 10069
3806 2349
32555 3335
30741 25656
5720 1961
20385 504
29232 18310
25208 23029
3831 53
5020 2201
4457 2619
9281 3822
28668 15743
18226 6549
16742 9039
881 248
21599 4227
10781 7499
29864 21303
25497 20852
332 308
6123 4058
14374 9112
13922 6506
23203 3982
8316 3798
4041 2987
15366 4425
10104 3269
28805 7084
8944 7369
5077 2211
9876 9655
2576 472
14574 5706
7346 2356
29426 23703
19706 276
1415 553
9619 9197
14403 1541
20339 6769
17782 1187
28164 25594
14187 5727
1665 1280
10986 6331
30371 2694
6913 719
15998 841
6661 3114
8613 3834
7123 1753
25493 24365
13659 4328
9041 5117
30048 17360
6729 2183
14969 5334
17024 12908
10844 5157
10222 6004
11867 10578
26916 2970
6447 920
11054 1386
23029 3773
1213 374
24694 23141
9350 8062
5803 3085
14053 1679
4993 260
20166 19258
27353 26299
21957 18374
16083 4908
18324 15409
30284 22485
15517 1866
15525 6947
2025 1530
11974 7149
27713 14111
22883 1705
11411 1857
27774 27360
31639 22290
18478 9439
3761 2443
18078 4016
22554 13105
26456 4936
11323 4310
16324 9021
22105 12879
21739 76
24695 1342
17025 4894
4728 3984
21283 10899
27781 3760
28125 2809
8366 420
31983 25399
20436 9212
12753 924
3526 754
19060 16609
28842 15952
15307 7157
12191 10743
25994 25005
5280 162
13102 448
17835 6276
20029 4023
10531 8608
17871 14488
26996 23660
20301 15866
23541 17454
1145 225
20242 7385
17070 11359
938 52
3945 2686
21942 4274
9737 4770
22572 20386
4819 2612
26659 11604
32569 10701
31543 15802
4956 4075
11567 403
4303 3200
20701 6518
2718 1445
2118 1311
24207 18987
10243 2722
21415 4589
27111 9166
496 417
13026 6489
26490 5481
28709 24340
20128 18342
20359 16697
27020 635
22312 20288
18174 4963
8276 7677
1096 1020
14762 14499
24734 4620
29821 1353
5516 3027
8570 8024
6344 2144
139 28
11050 3000
26620 3227
22777 487
26333 13034
20328 5184
26279 244
11104 7894
4130 362
9600 5535
30597 441
16227 8932
21471 4754
22049 14482
17847 8280
15896 6518
28911 12792
19436 3224
28143 13065
28364 1786
22015 7797
16375 3192
28403 12495
11135 1365
14862 13669
5709 837
27169 4047
9574 5123
1267 844
2669 631
13285 855
31080 21761
2006 1127
11207 8668
13381 9103
5282 535
1461 1205
10818 9408
5974 3835
26851 18760
3041 355
29368 393
19908 73
28976 2889
6783 6004
7032 4356
23886 8700
1601 672
7432 148
8387 3536
327 25
769 287
13001 438
29007 24849
6934 3114
14610 2581
18275 1858
19144 10126
29367 27550
13640 5086
31564 22941
26186 22804
18232 13942
21545 12150
23628 17858
29928 12944
12093 4984
9844 809
28161 9406
27688 7867
18812 11006
9622 9615
604 133
8837 786
15682 7779
14390 5065
25122 364
15340 3862
2796 1861
1706 1324
17772 24
26175 9905
11375 8267
8064 5262
7207 3566
26069 2900
1488 1306
27639 2025
9876 8747
29175 5394
9644 2548
29827 21831
24009 21001
24933 3399
21938 7047
30028 19400
11310 9025
9935 2245
31524 23955
17071 13008
30209 23521
7516 142
18266 2774
32187 20400
29139 15258
9511 823
14399 7040
6326 4780
20744 17179
4029 2494
26833 3027
11158 4263
14427 4281
23712 4852
12709 7640
6280 3784
2136 889
17863 1019
6497 1940
108 90
30176 15538
7196 5100
5441 223
1879 563
29352 20554
29692 17102
6547 1439
26896 1333
26043 12666
8635 178
31291 23329
23955 7036
13299 6710
1566 480
6959 1080
19857 16934
6276 6071
10974 3114
28923 8092
22254 6153
19826 11213
12075 6634
20798 2815
8514 2833
1045 585
1063 866
4908 1928
601 513
11676 10785
31079 24773
10 2
29363 25502
4999 2166
6518 6219
5045 4074
20996 6644
16427 374
22098 11448
3355 1063
31669 30463
14130 9568
1516 875
20160 9569
11105 8299
32281 30937
11948 2046
3899 3741
12633 7279
29873 25473
9195 3573
22967 3778
30496 15115
32158 12571
29303 35
24178 3296
21488 11018
30427 21563
7443 255
4929 3809
12595 6041
563 484
10484 3783
9226 7478
32523 16399
7625 5294
31301 8963
13128 558
30923 952
3218 2015
164 161
27275 2230
14715 2413
3798 1446
13219 1760
23285 5523
8280 980
27314 6447
24392 9217
11710 5757
1362 853
17561 1930
16525 6576
9393 6042
15756 8918
18382 14316
29152 27849
27309 10835
28639 16502
7915 6174
10148 8539
13350 330
14679 1559
15454 2588
15535 6289
12193 9675
8628 3287
29415 25952
3786 755
17979 14764
24555 8562
24091 5241
11060 2169
11298 7307
28323 12455
6884 3228
19231 16794
16666 988
28856 19480
20479 11371
8241 1341
16633 1218
26043 7571
1660 1221
28932 1812
17451 4625
11888 7788
21057 6900
1446 424
4144 2488
24911 2319
19080 430
25626 5936
14361 9638
28420 12609
21084 6596
23766 15219
3343 1443
5871 1958
12576 10453
26435 6554
24268 6903
11172 1631
31496 19632
20033 5542
3104 700
10092 8235
18846 10294
11424 4000
25453 3277
4290 1023
17470 11150
14759 10381
21291 2456
11991 6795
30874 2567
26000 3384
27237 3490
3598 1745
824 197
17930 10771
10554 5077
21633 9219
2031 466
21174 5249
8541 5259
26234 4792
31341 20529
29099 2205
26261 25971
23291 11947
14004 2065
21490 18902
20285 10692
16439 1473
27032 20193
8715 7460
1221 720
12310 8873
18755 1639
30822 17366
25648 1622
13493 6943
7601 1920
13290 3497
11924 419
31971 6415
6452 145
3698 1194
2461 1758
24741 7905
241 198
2891 1505
20491 13134
13747 10404
9569 8875
13239 5143
12847 10017
29689 26387
10962 8146
9069 8338
9841 9166
10776 5837
8675 6502
25879 3226
10701 7444
16866 13015
28683 9832
7890 5706
20562 14513
5345 3411
2067 571
3762 688
9634 2769
20689 8712
29335 15365
22331 5007
23925 9885
11297 4875
9865 4797
7145 3331
21525 19379
27254 19977
12718 33
28073 3348
24291 7798
12583 4401
12575 7507
1885 873
27857 18061
11202 6668
6601 6400
23132 13531
30437 7523
134 72
20718 9568
27376 8303
16573 11239
5351 3393
5282 668
31959 1950
26886 15558
8718 5435
13390 9030
4034 3088
18947 13182
6486 4853
6448 357
11225 6464
10764 583
22736 6715
7897 4019
32309 19621
15372 10450
12223 4101
15278 2608
17764 5963
28674 12233
13085 3260
31080 409
3561 180
4993 3394
25108 13685
15764 778
16057 9140
16945 4978
6790 1370
25108 1033
30143 9548
9803 3390
23941 8991
7580 3903
13401 5377
2337 1396
25564 11930
15413 6621
23512 15897
13204 9737
644 414
10173 6233
31236 30657
7835 5587
24368 4371
16485 2886
26006 3658
29635 7117
29890 10070
1330 675
10941 10286
23977 22662
26579 2288
3197 1247
18329 15355
10370 6428
11055 8093
19571 13989
14531 5114
12947 1851
29782 13948
13205 4572
21955 3977
11449 9425
32765 19666
4409 3855
32152 29229
10979 6800
9867 4537
19975 10270
4916 2545
1171 1056
16540 1765
29821 29367
18941 8195
1377 1110
23425 8086
2412 1961
16973 4769
28024 6589
15806 14908
13432 12059
30194 14194
16919 2005
15243 2562
14492 4863
29871 21186
28177 4269
23379 13929
15524 10509
28858 20670
12877 1969
19000 5142
25521 7880
6972 4905
26183 2490
8334 3980
13753 8931
20692 13921
2189 312
30299 12173
22532 20136
5652 2936
8002 1198
18397 13626
5552 1658
25602 17177
26783 6371
10756 6532
14382 9892
17561 4053
23405 18416
20211 5632
12226 3925
16197 15516
30604 30014
23172 15952
3079 1928
5483 2242
26224 6388
1729 1001
17513 11012
