2000 200
254 55
1251 287
986 29
109 61
141 27
1304 142
1801 1205
1764 216
1001 357
1218 649
507 477
512 479
472 181
492 64
285 152
1782 1123
712 353
1646 933
1439 584
1556 1064
1789 176
146 146
1037 249
1160 516
1817 1726
1575 1093
1032 117
30 13
1055 695
480 461
586 76
185 134
975 15
728 519
1624 431
1426 352
1785 1396
1805 101
1346 386
1260 566
1940 622
1593 800
1220 729
1774 941
1866 516
370 102
1189 298
1252 347
641 548
1771 1214
1340 956
1991 169
1665 664
1965 190
1805 1443
342 250
1781 1003
567 435
111 97
1725 66
1871 1605
1253 76
1284 442
1606 1446
1928 980
843 769
1621 705
1697 821
832 261
370 33
1224 647
1120 475
612 272
1849 1702
240 46
1546 378
1408 642
22 19
309 279
1296 1142
668 130
324 100
1493 538
670 265
1056 741
569 228
165 132
1733 1577
827 179
593 205
129 84
326 262
428 332
379 181
444 295
53 47
562 153
399 363
1730 898
1219 1170
470 392
915 610
1177 922
1503 914
1435 73
508 488
294 270
1093 895
755 610
1830 1288
609 356
1789 1359
1181 566
1053 29
1592 1141
1330 306
1081 1026
1565 417
799 744
428 395
1062 150
863 100
995 985
40 32
1822 913
1935 385
1714 764
90 3
957 274
1078 1005
1832 373
1166 153
759 559
1230 1087
568 543
941 631
203 154
1976 1125
229 171
56 29
1685 1642
1305 961
418 267
230 75
944 696
573 265
201 4
1327 825
241 173
676 300
1259 587
1649 1163
1719 769
718 549
494 324
697 622
14 8
112 59
1115 315
907 795
561 115
1937 1412
184 145
587 285
132 115
1980 110
1139 262
841 756
1588 77
21 18
20 2
1205 898
1102 989
331 267
1947 1471
1250 317
1096 566
1127 13
1767 1406
1902 1593
905 842
260 101
1969 1872
1739 502
904 895
1367 118
789 247
500 38
99 69
1739 736
1542 103
1816 1657
700 646
655 0
667 323
655 35
1401 1397
204 48
251 230
1738 876
