5000 300
3290 527
1194 514
276 127
3360 312
2918 1773
2982 2962
4443 2236
4885 4773
231 206
1692 797
3944 34
4579 163
1829 1181
424 366
682 123
1026 1007
1783 289
2387 1196
2184 438
3003 2688
334 56
1280 193
802 574
1522 1165
4289 2650
3002 1878
3885 2507
2404 2366
3376 3106
2648 56
1700 350
318 219
3312 140
3893 3593
3553 1901
1260 692
351 335
1265 545
3375 3126
3735 3078
2540 1145
1675 713
4034 1840
3233 78
738 229
3835 1441
1114 716
3846 58
2021 447
1785 58
3178 2419
2642 2451
3895 661
1458 676
3736 3367
2241 1912
1405 1207
154 133
3651 2539
1659 569
3497 2737
4063 137
1824 1658
504 426
4368 3764
921 765
1311 429
1303 608
247 231
4688 3198
4917 3001
2402 112
2899 1004
2430 1429
1737 771
1395 614
113 17
3910 90
4227 1322
1597 701
2923 300
1661 380
2416 2216
3799 3023
1523 330
2566 1727
3637 1560
936 71
1869 1652
753 367
981 444
1844 789
1358 89
4980 3873
4652 2612
3068 460
2573 1668
910 581
169 94
1332 812
4912 369
1685 1137
1354 653
253 240
3759 3330
3922 2980
528 199
1005 427
835 537
4899 4070
4163 2143
3267 1294
1033 409
3836 3368
1943 809
2506 2022
431 339
708 604
979 933
4643 4337
4083 137
3474 3024
2019 620
2566 995
505 431
77 69
2516 107
2425 1028
4380 3292
3869 31
2604 824
2810 1279
3701 2615
3795 3358
4637 4175
3561 336
1189 463
2494 1835
2502 553
4859 2230
4641 4272
190 162
3683 1512
938 396
3757 963
985 808
2950 1344
2895 2676
929 211
1133 1077
380 347
583 374
1783 8
89 83
2047 868
3095 1586
866 368
3698 97
845 469
1609 3
904 321
664 547
754 618
818 365
1160 956
1693 144
1526 942
4454 2318
2641 854
869 823
3370 1644
2132 166
1883 1674
2321 1450
4165 3420
1358 1062
2637 565
2168 171
243 52
3759 2628
750 256
4947 3827
4555 3089
3556 180
612 243
3752 1758
2207 1055
2514 249
3748 2519
1043 942
4731 1760
35 33
3600 313
784 369
4858 41
1821 1617
2171 159
1913 420
3448 1839
1442 198
900 559
393 319
2464 2424
1145 291
2063 890
1396 702
1132 461
1609 890
4557 1275
584 73
2251 252
1991 781
205 95
1874 704
3118 870
3023 123
4307 1655
3997 2828
2783 2585
2334 255
1314 193
934 578
124 93
738 347
3582 1504
619 138
1531 1380
899 445
754 650
133 11
449 28
3896 1899
3940 2197
1028 213
3259 166
553 411
535 449
2712 2374
964 369
3439 3070
1583 667
2532 1358
3781 2166
3102 1526
4268 3048
782 127
1545 50
1542 115
3507 684
3977 92
2679 2363
4921 1692
2115 289
1331 274
3835 2609
3133 1749
2302 1152
2419 901
3775 2059
4516 2232
4552 370
3411 2179
1195 286
3085 524
2306 782
4118 1584
2326 1743
1436 227
4037 1729
1896 578
1421 344
1169 1135
597 86
1210 713
1022 663
1745 1034
1008 437
4158 2522
3931 3663
814 758
4712 233
3227 2453
2177 893
1262 983
3836 752
1056 192
4574 4362
777 573
878 539
2050 909
966 154
514 237
2586 1233
4661 1332
732 56
1140 399
3451 62
4626 3849
900 177
209 115
