200
299 -678 -21408694
-838 165 80808385
-644 -281 -52657523
796 -763 -82974975
-881 639 72738211
-794 340 -27071628
-326 541 11951172
723 123 86053980
-660 430 1351910
-766 -505 -49020494
-831 342 -9063321
-107 447 1644237
760 -969 -41130307
463 -859 -47524412
196 917 -25400270
-693 -931 250984
644 -462 11255720
-335 -441 -34905142
-652 -361 -59018208
-159 -110 -46859268
-291 -68 -82891832
95 -235 -40595204
379 -781 12298152
480 193 -96450748
-115 -743 54993907
720 -650 -3847533
-68 594 89091769
729 -672 32695513
433 57 -1263179
102 505 -13576888
-143 319 60930378
-667 852 15808647
-266 -454 -33321348
630 -428 98620589
-429 -493 -59360159
383 934 63110733
524 391 42615035
621 440 61738102
-964 460 -7098480
632 330 -48021708
-946 14 63567299
460 993 -67869158
-24 974 90888182
176 558 42396464
-910 -300 95372433
232 441 -78100263
432 238 64673603
585 -956 19953873
40 -716 13183105
584 795 59930417
899 211 24668957
-764 674 -26931711
-582 -598 -45567015
-842 339 23649621
-670 919 34543568
-832 269 -30514287
381 322 67674275
166 610 56257750
623 328 -26855111
-547 -628 69718702
10 -733 74666083
950 564 15011732
171 -560 -16592636
295 728 -67688387
-3 -692 25148633
-608 -190 -48011839
416 -966 -31090192
59 -768 -61659678
242 820 61326364
598 894 68073128
792 957 8880401
365 777 64402910
207 232 18425848
882 464 -55377177
-904 -821 -74268327
777 76 -82409692
-312 149 -69924715
-911 300 -19105420
932 -166 39831834
-996 -90 -54077790
631 820 24253583
470 292 -36313246
-553 -169 -7327973
-548 -175 11397850
277 -379 8051654
618 136 44092940
221 479 41170147
817 370 -96213100
88 145 15659995
903 -702 -13191546
326 467 -24049036
-885 954 -34255004
-913 -203 65842631
-837 382 -26047520
30 199 39117982
-981 320 -15219785
-304 526 27441498
934 -434 -92706511
790 -244 -34647684
-635 -816 7045402
-904 -258 -56128538
-686 -424 38655669
303 -995 -97067351
793 980 79066644
543 -134 -1387005
-422 -605 70592005
812 848 -9049892
646 222 -4075375
-321 -752 94162394
67 392 97554462
-130 231 6022932
-879 12 -32697367
112 -225 -97989867
-841 327 -83414754
204 -436 56012785
-473 634 32608814
802 -586 13405100
-737 -839 -81114197
803 55 -88809536
279 989 91676047
-587 -584 66945775
-144 -793 -33753395
875 -585 -55081804
25 -639 -97232010
666 763 -98127475
-823 -617 -59662398
-13 -52 59422243
-68 129 13019725
100 -683 -23497167
-205 -348 -24814322
157 -534 -3984561
625 78 24914111
-836 463 -2628731
535 701 56109139
-540 -758 -83484724
-866 -44 -44299652
37 610 -10429993
-252 -34 54285705
-163 906 43512847
-174 432 -97729298
97 916 43108962
-612 -803 -93359294
-368 962 23966147
-52 -790 13790368
618 732 59989734
-772 653 -7793952
-183 804 -56750301
995 628 -64991529
778 814 -64374694
298 -224 -48982206
-163 -755 71876662
718 948 33314696
-598 -267 -56222081
-331 903 37785886
-596 781 -6223768
-889 -141 -50491295
-378 -447 -37627575
363 -34 18760131
231 -227 36481563
708 -551 -6294337
-440 -133 67663301
-563 -598 -67412698
-318 -976 -63503441
-159 -606 13894507
-793 295 -27472027
-580 -978 57662133
782 355 54056963
-234 923 -85764079
-957 -568 -38290024
-232 432 23370256
-628 157 -12326541
377 -990 -22415912
-60 398 -80246247
251 129 -19045341
-245 488 -82080989
490 929 -72584929
-435 -520 34013701
-364 -295 -61703284
-329 431 48181021
-152 756 -19268048
991 676 47738522
407 847 72554163
230 936 48634165
-634 694 -48730937
-84 53 -2001919
27 260 -1567348
130 869 29403104
318 571 74217287
-231 284 29895356
-418 -578 36401126
-985 565 -1550505
717 365 -43622138
-788 -892 54868248
709 -908 -5508598
850 669 -67490412
-606 -175 -42450245
507 841 85201448
-342 -999 -63277900
-560 884 17925056
-625 -13 -11461868
