70
398 -222 55952348
191 -538 -67870304
284 -478 -88176359
-159 -539 -6615323
991 -897 -81859558
-624 606 1002444
-239 363 -29163554
-716 -834 -5111638
925 -791 4255088
532 42 3071894
931 -757 -26473341
963 558 14462811
-616 -483 -85755726
804 -280 1894528
-56 783 85347983
852 -665 1834624
671 760 -83928143
191 254 -92704437
229 -628 -76172770
612 719 4376883
-865 -443 97725816
-656 -755 -13398572
966 923 -9840502
918 -637 -60127447
652 -442 97234330
-545 879 3117675
711 368 -31610018
-23 709 -84033152
-242 -691 66116523
663 901 4895082
-11 -432 -2798676
649 816 -7607530
344 656 -12314423
-231 -585 -69750959
-151 -722 86094960
255 -880 340965
194 394 3393596
602 -429 -28206853
-535 201 2669107
-606 261 -77411048
711 778 -78817927
411 985 -70419003
880 -517 -3621849
137 -146 95376549
592 -255 3233604
205 170 64275226
713 869 -8244481
-570 -388 5326384
-474 542 17040370
-139 990 18782680
337 967 7692818
-219 803 4107418
334 -257 1572401
930 -319 -21728289
86 -584 -4704458
815 -100 -8388925
613 -574 -1641192
993 -800 1902241
53 125 46754955
86 -31 449083
-736 -68 -6712612
-620 -111 -3540822
-669 982 325136
529 957 8507022
99 661 -20362235
590 426 23247268
436 -474 1878482
-394 -416 -4447960
-422 -691 -89232351
747 878 -8503880
