1000
-990 -264 -75216042
138 -723 55972971
622 -514 70384563
-997 -528 -62755214
217 493 -3280365
-496 678 13211209
795 -566 44489444
81 -927 6772761
-345 -381 -5841534
898 -433 -70264583
987 62 97328411
-436 -177 21429094
-973 -872 -23010180
-354 24 4592586
909 -103 -20753324
-614 656 -41511885
22 146 44210039
575 827 35742278
-240 717 -94891186
305 -359 31270007
880 513 23003366
-528 -58 67708667
-893 935 16939341
246 682 -85826232
613 -657 58928960
-743 -173 -18063947
896 997 -77021837
718 -285 -7308532
737 345 93196228
-861 715 -25114753
429 269 -35186268
-411 -826 -17434686
108 744 59654764
-835 -694 32239070
-926 753 93838239
553 856 61690812
-538 -912 -27393725
930 682 -1807536
-374 -427 28860748
346 -556 -80809830
582 145 -35764716
449 573 74662055
672 -840 96788607
632 292 56882023
505 143 94679854
-314 -50 -61564209
295 520 8145740
-663 162 -69096039
-118 339 26824365
-309 127 18918202
796 978 -30941612
337 773 -34244269
831 -701 71864036
163 679 -48946108
-899 -155 69059840
413 -845 40484412
502 -310 -87641062
98 682 74281289
-497 -780 17358489
219 229 59271424
-661 427 -31462669
285 -33 -22118379
-376 605 -30937384
-948 89 21171069
612 -982 -50149936
-237 236 30500028
-979 -29 59473077
-895 -402 -81944407
343 -797 13803712
873 -925 -93416568
372 959 -1228927
-235 -712 57479268
-445 -150 -42838569
584 -349 -714683
821 -715 24198204
290 329 -17747475
-386 -453 69946049
609 553 -14546614
3 -897 65695970
-55 -243 -2293828
775 -528 -6975225
-343 773 -92908198
-648 201 -49199631
367 478 -1673500
-62 130 -90037970
-230 27 88059852
-261 -216 2330214
981 845 75920967
704 277 -9411019
-374 883 56508509
-714 -672 -10530404
-954 -277 -77654579
570 -75 -33698170
-670 867 -63831473
-900 -146 -18694322
774 20 -71958646
-809 518 43357593
-941 691 47142008
277 615 -29938972
-219 -462 6889611
-400 -158 53408117
525 -564 68826897
813 -346 -3123961
-924 417 -84563556
-420 -90 29583990
-660 -541 9432436
-13 922 -49961481
533 182 -66821612
641 -986 -37365136
227 808 -13544423
707 -156 77676693
-45 -838 -42247008
-799 -982 49603070
-725 -220 -51663960
322 -990 28652203
458 276 91085726
898 -516 2072059
551 -339 -38081113
69 628 -35884872
-431 447 -8858023
579 -570 85238075
-947 -350 71273837
589 983 -82158051
573 492 -42042876
-121 139 -39780356
581 316 -41562938
138 -204 27234034
-522 -430 -53948473
824 -960 -90302260
431 -658 31565372
-572 158 -63046728
-77 -847 8234303
177 131 17719400
32 823 22793464
631 264 -83791494
471 233 -31947446
254 243 39993237
477 -855 38423259
73 189 32384724
-979 165 -22141463
96 317 90452464
952 -880 49596913
496 -37 12147432
461 583 -6430961
522 -630 -8227695
31 947 80626374
-780 840 54061812
-608 934 86468225
756 169 -86176339
-997 641 52169587
711 -56 51746903
688 -210 -74019657
249 -791 -68751981
-943 -330 -18053025
-210 552 89686450
376 -805 60548903
-429 840 -225054
-941 40 27031112
-165 -806 -44166808
94 624 -26357885
329 867 -94998656
699 -760 -33885220
-32 450 4402546
-384 -817 14375747
-565 -216 95585209
-452 -481 -2615358
879 -178 10035756
-98 -615 -4511346
368 -307 61454434
-519 -607 -98991705
985 -987 -43198056
-940 864 34309240
-402 -245 89076080
426 666 24217176
88 861 -6557672
-193 -35 77165442
795 482 -81612271
-518 410 -56622067
311 405 77364505
374 -643 -9035590
-321 978 -81644448
-291 821 -630169
-227 740 -52134818
-99 -699 7196986
-769 -381 -54228462
192 343 52387107
235 -476 -75194334
705 956 -43037015
95 -993 88180264
309 405 -15244149
-480 762 -26228317
-80 -931 41481411
596 591 -70642814
-754 -970 -9231916
38 295 -26797193
190 -94 82778559
402 -620 65975309
-827 909 55794263
-758 839 81679818
905 -46 -6573795
731 547 58836476
265 -31 -16602315
-454 854 -29099715
-359 781 -56801389
-794 -393 -36519198
-783 -586 -14988206
180 -49 -13471794
-981 -143 -83271556
555 570 48148785
123 906 80787708
927 877 76465981
-965 -674 14513799
-140 528 -36525064
162 283 -8711966
-314 878 93861108
-605 322 14834166
77 -678 52627248
876 -657 14787701
104 -326 57063277
111 -62 -6197992
744 884 -96728412
-721 124 -1576204
-519 165 -7601536
-997 451 -70671365
895 -155 -58808609
-947 763 -48250339
716 218 -94230271
-269 -813 -92734367
506 -749 -40371000
634 -880 29074158
545 -830 -63127846
-915 740 15557895
776 406 57013982
992 21 22722991
-824 -493 54885817
317 -108 -52286621
956 -763 -89772757
-838 -320 38105335
814 -223 -13764881
-887 -219 -92508669
-399 917 -7939538
550 352 -22187176
334 -362 -7629951
879 446 77237415
-707 94 44440211
-754 -407 43412143
231 807 50957214
-768 653 -16820925
786 543 59693181
851 874 -67595570
-576 635 67281333
352 204 98446240
-628 -794 -72004862
-427 -657 -76104038
-999 690 -89338905
317 -549 28510612
55 -918 50375454
-968 -142 -78140090
-280 904 -29229223
-42 80 34413532
-149 745 -69259446
-626 -240 44646087
-110 194 -80285735
-659 626 -37220378
610 -445 99408885
-84 295 68047346
381 785 85578356
-926 174 -61242536
913 -762 63514468
-506 282 -14373994
-308 460 -33704721
-2 159 84603065
-350 434 -64262737
-427 610 89402751
574 -485 55716919
555 151 -43045828
-456 -11 95836381
503 437 -18458854
355 -469 -34573316
705 -127 -14845811
-522 617 -11297687
690 808 -34389171
829 -963 -14571607
135 -728 40489899
-847 -114 47443633
449 -532 -23298319
236 551 72766854
-568 -45 -55840546
-897 -584 37556608
36 380 39159706
702 -932 -84589152
-144 -735 -45676008
845 -920 -66586429
490 -333 50787336
-226 83 -83174180
890 976 87148254
-708 -189 -49425873
173 529 -97220234
-611 989 92325490
20 -618 -12701549
867 295 10907292
562 -736 -48745697
-957 -214 40642944
367 177 54020911
574 -204 53081742
-935 669 -39985081
315 772 15682953
680 331 45688875
727 713 82532083
-961 784 75143849
-629 -182 -28343343
766 259 75931177
323 -322 15405539
-386 -115 -27119937
436 321 -32647226
326 771 48271361
284 378 87737179
-924 534 9746006
-905 -305 16288665
429 343 -55428909
913 -158 69311926
-823 -531 -75588594
-636 -235 17327371
-527 -448 48638071
366 732 -2241018
-543 -889 14904717
776 702 -67767468
-822 -502 -77488586
-715 -516 57826124
828 -20 -24537996
8 802 -1131908
-102 495 -34440631
-55 -936 9199493
-976 439 31352108
-162 767 -39629502
-959 -105 -40796476
833 242 1890765
-170 -787 -16589512
695 317 94211898
694 227 -1527301
-378 132 -78656740
-220 736 -38899741
-155 -400 -71567726
-716 504 -23604511
700 494 -91944763
-925 723 83981515
386 114 17524182
-681 59 -96114038
791 -701 -68860196
-255 -668 -16978476
690 -721 39079436
-87 -190 -43902646
-609 -410 37328695
-312 444 -45904019
-436 981 85645660
229 576 -11296851
897 74 -2894440
-21 953 47252301
198 -670 17881606
650 -849 -17665835
-168 -153 -13293465
238 823 -45625043
-631 768 -59925095
-529 -273 -66363284
745 696 55140130
-202 -949 -71978807
-133 -976 81222099
179 607 -64714377
13 237 -47729029
-340 730 38704214
384 689 71123273
860 847 -16394173
-694 92 55823535
598 386 -5219546
-34 -492 -26946199
201 -88 -86248225
-808 -323 83160530
883 833 -13450100
-502 761 23178587
-318 645 -30718358
-460 551 -28063667
-130 389 62730594
347 -743 97815607
-273 718 -86743046
-947 -219 -5817686
911 -560 69963858
519 -468 -51065840
594 -555 67005706
299 315 43624906
-452 380 -66098779
798 913 -85207875
961 896 -31599484
580 557 57559774
-757 -651 16518775
97 -191 -94004698
684 638 27739428
810 92 83119471
-929 594 94932446
349 -622 -12305178
0 952 12347440
80 593 -11635693
-996 -675 90924546
-642 95 7891908
361 366 -44717645
-634 -963 -54225725
-314 -463 73698289
957 -278 65387469
-690 755 -62918480
-148 130 40513243
-606 -533 -8547166
-672 -171 33464353
-838 195 -5071828
-219 -401 -29700889
663 -837 -20735658
-719 -345 -59512275
815 445 39271538
-165 -585 99512685
378 -359 31834905
584 881 -80680024
-451 -548 96618477
266 379 65892734
591 -113 51147865
65 740 -61957896
235 623 -18138585
960 756 -26670225
-361 191 -22732527
30 904 -64136906
-505 -87 -60601872
139 -728 79836820
-101 757 -60136740
-836 18 -80682240
650 768 -21158342
-622 808 27812406
-72 855 84143644
-637 -598 13707733
244 498 -92426166
-839 936 44341358
151 -667 16008330
853 -301 -10391809
519 -42 54808996
-836 -76 63763463
70 203 62904097
124 -444 95283826
870 -929 -28462510
-767 -373 -59853773
377 463 42264919
505 545 41191020
618 974 11113969
-193 504 64352705
-201 339 46992440
314 794 56498203
935 -841 60289487
495 21 -33538180
915 -570 56175855
962 -720 79322236
-831 -137 -35448653
-603 -661 21853001
-950 771 28473178
-531 -913 61606377
-644 91 -43728277
-986 265 -87331004
232 -752 53744050
779 -418 -9657987
63 504 30811187
-810 591 7008965
-315 472 -35966026
-526 383 11652751
-275 -90 -496825
-936 -947 -92876445
-780 -824 36996460
-505 528 -44418918
-504 943 -98770049
-151 493 -7363954
-412 645 -14033244
797 713 -43571158
-756 257 -69811015
-82 970 -72711432
798 -968 -84544582
-345 338 -19412349
-955 -347 -27016153
-371 -821 54708455
26 -617 13856400
-143 989 49808842
53 -814 81348508
756 397 -91793830
789 -102 95569448
-885 338 -24806840
-974 -236 -3920804
276 -876 73384860
-120 971 74017497
510 581 63265854
580 -298 93824869
-412 -525 -32138122
667 104 -23181478
-59 -836 -71012279
-557 -444 93178467
630 -356 43889682
578 930 -74205308
759 326 -90002901
-479 444 -50329241
-41 201 -55837790
-317 682 66293872
-773 658 49152919
92 628 -56392316
-217 -336 99827733
-224 611 84804946
87 -341 -88224892
728 340 24988663
-424 -672 -6824452
310 -996 27074436
-424 726 32370605
-438 694 -35125761
568 58 81904498
260 792 23301424
878 511 9937322
-686 -521 39651571
-799 -467 1443666
290 -864 -40520316
-248 208 4636824
-206 130 -27618696
-730 -860 -61442309
-957 -1 -50172838
-74 -170 36664637
-868 -378 -66130762
-416 109 7425707
353 -467 -37442558
-970 -354 -58566643
326 -420 -59017523
-261 438 -68299020
-565 294 36895739
195 -545 -81409953
747 -904 -5050974
-379 -455 18032050
-212 136 60238442
-445 522 -63252076
114 529 -71162420
532 -624 -1564099
255 -558 19570332
780 -291 67583081
-632 691 -21755255
-625 -758 -44596192
-308 -599 87236045
-808 -751 -56584552
-203 462 -99297770
727 -570 98909778
-343 -606 -51516215
365 611 -43623843
-81 266 8401793
259 892 -35245983
-466 591 66293616
-469 -801 57068353
623 58 -45632933
256 -12 -15805688
209 136 32649608
-80 -554 -78461975
49 527 8034233
-647 200 -74162228
518 -477 -6554955
378 763 -44928233
62 517 37979551
64 -578 -19176141
-14 645 -4333040
813 806 -27150146
-603 835 72694848
-47 -689 -88501559
495 145 18720260
-236 -839 -78026772
900 972 72038412
730 108 27291072
176 634 49140742
228 -650 53083704
-808 687 -22940169
437 -955 29629088
-971 -590 50078126
-147 -787 14098415
175 820 18527544
350 -866 81653804
587 -621 -61684510
930 754 -6613936
-219 168 20407767
-957 -834 24028555
344 461 -6246613
-234 417 97768962
444 677 -18362362
-767 66 -82663492
209 -78 3138979
-405 860 -78856716
-82 -947 13129164
162 -566 -57161207
-728 136 30588412
-29 386 40544825
711 -687 -97598092
-439 -943 19609513
583 -24 77642479
-363 618 -21999915
33 -746 -27588798
-226 -110 70245594
-881 304 -55652176
308 686 28649707
-650 -950 64182034
620 275 25286813
-458 657 45051266
62 880 -19839822
-367 -141 -73981291
-222 -72 -10390679
-218 403 -88952841
926 336 -6479464
923 -402 32414509
713 880 12289406
141 836 -69252854
696 707 56525294
391 858 -12582079
-919 514 97675289
166 52 27300115
236 468 69429225
232 -82 18949700
607 -899 -31014128
97 615 76648858
-428 -705 31751244
-401 -685 20351541
-10 138 51198495
675 9 59233070
403 -900 -56699826
482 -537 30562454
-910 -512 60385045
-8 -412 -4854576
-806 360 62398634
746 -273 -47839805
-74 -752 -10385699
368 881 -4284381
-969 -956 -99102442
604 945 -39790188
-513 472 -83680786
547 97 23371825
641 289 -32406560
660 -993 -57300827
-326 -977 52162252
-926 -834 -65924829
-252 -518 -56452717
874 238 29337384
639 718 -15648351
-195 -798 50921823
-62 445 96996702
-101 42 -12080160
-546 137 6234624
765 -20 46313402
-189 -96 -92098267
607 -694 59357894
-472 913 74630634
644 -307 24156309
450 995 77149329
-763 -60 -37482977
174 -433 -97648371
654 -471 -1917162
825 629 -16533502
39 753 -55493547
36 -605 -246124
-648 595 58602495
489 -833 67070981
-274 285 70404743
794 -661 -24020212
-605 -449 39650333
621 135 59484807
-425 -205 7578611
-70 937 -71927138
258 -550 57133049
33 -535 47079729
-523 819 43249779
-211 561 -1904051
242 -358 88644310
696 71 80843122
-130 322 -26341778
941 -670 30124258
506 980 -19459159
746 194 88823707
712 -367 68706664
777 -19 7773111
88 -76 -10696816
151 455 78210419
849 -750 12195965
250 -951 87935566
-142 -26 27904157
-991 291 -28809193
845 178 -5865218
-321 -572 41896595
123 829 83843264
745 841 -10382368
-986 -954 -38223350
276 -310 -55040847
-151 -343 24867605
-917 343 30027659
753 284 -3934953
124 583 15063040
475 -292 66004314
-402 192 -37611654
-517 126 -38985463
227 807 93592669
767 913 -25458424
-608 -726 21887589
143 -915 80740821
641 -712 -84035733
-750 844 -91082511
346 79 5790807
507 -932 -47954816
-853 235 -39673061
-773 142 93690972
-650 943 -61285403
512 -877 78486596
992 -496 96873345
185 143 -3720635
-721 -16 -47779355
15 49 4696
-130 394 99547364
-106 923 68007285
-637 -603 94186799
-773 -236 80259561
-737 -76 97596738
-9 -655 52138900
15 -535 37333260
439 676 -12020239
281 -60 1326951
170 -914 17962911
789 -256 89522856
-237 735 64707718
973 -877 -53945958
972 -232 -27222677
996 956 -77223508
-340 532 60369106
375 -553 16726556
-370 125 44699942
137 598 44771524
421 -38 -81666952
726 -547 -22639745
527 -223 56827698
989 702 5001593
275 967 83771332
282 -145 19138560
899 125 87399793
744 -303 88557300
-721 -732 -48790113
686 -355 8614752
595 -710 71863580
-44 526 -34224778
69 -276 -19261151
575 18 25618087
-474 131 -99482232
-653 879 27171473
-363 950 49392065
830 -63 55074369
824 749 -34595341
-6 429 -40843563
871 -328 -83059608
201 -885 66825597
-662 -188 -7574006
-239 483 -27066146
345 937 7599887
-242 -347 -75613223
54 -456 -60742867
324 -84 -81995409
936 -233 -21810013
-775 275 -51000400
-92 431 -57041394
600 102 95554229
953 422 26042964
-319 791 -17986847
-290 208 -57805697
-509 711 -66522890
233 -533 57870779
286 -103 -46764364
816 -969 -47254407
-54 -943 73392236
-258 540 98796565
572 -274 -15275173
807 619 65744577
171 652 -26220205
786 -806 -36552078
89 -780 64433067
-377 16 -76579554
-460 396 70789236
-942 360 -50870388
-957 114 23774783
669 -562 2654014
-798 781 6011371
-425 394 16821152
206 -560 17749658
882 -350 -3071659
907 534 36081331
-628 -65 -17199506
525 592 43190191
259 -878 -8984328
487 -136 -64938927
-659 -447 71053189
731 479 68272497
504 -292 29011172
-910 -402 3467685
-342 -152 -11600146
812 369 -21752721
436 76 48187383
-427 -149 98487516
363 58 64923462
288 -285 47091529
392 616 79626450
-258 208 43219581
-185 -619 1232155
-715 919 -84289692
-757 942 8734954
-37 -29 -232590
-435 688 98501621
-617 -520 9846577
-648 33 -30705817
-14 119 8817717
245 -57 -37464070
257 688 -92355633
-193 295 -76671887
-851 -395 81885362
-35 486 26463975
-916 -118 78110382
937 -250 87607916
811 692 -83884886
802 664 77820347
-462 154 66453425
-455 -287 41987601
921 -850 -13149259
-698 389 -41197173
373 393 2324540
-327 804 -20072810
-372 -876 90134423
807 617 50503913
626 184 18351982
528 -659 -64050116
-155 354 -64967845
903 -95 67540552
58 -808 37567605
859 -442 89945516
902 -166 16511394
362 -617 56581646
21 -160 12755789
944 -612 -52254990
-440 -435 -52567557
-878 -148 -66056654
-964 64 36408109
-292 -152 -93022548
490 886 -63963853
-886 82 -86718600
-488 871 -3396174
903 -390 -55002345
601 -298 -84286822
-481 584 -82014465
-320 -549 72670692
304 857 64251418
629 -574 -86542649
-98 -74 -55508520
661 -554 63769967
-913 -634 -86531588
-499 20 17281006
726 352 65998174
-706 341 37521790
773 307 -52266371
-677 -971 -52962055
647 -572 -23125573
396 -307 52593291
133 -33 95296664
27 -50 53301633
-844 450 -51557832
-781 -119 85385474
754 273 -86837801
-835 -590 40247092
-624 -577 50046302
-169 303 25519349
-984 204 57199860
413 -788 14569029
950 -430 82322931
758 612 44359359
-372 559 -27197016
-355 -278 -87147659
-556 738 -54651398
967 764 -29971892
-806 149 -50996805
-44 -207 12933804
676 836 39600496
739 754 -8371181
753 -447 57158100
-981 -755 39948580
-907 -896 17152705
26 -679 -46246112
-549 408 63161388
848 -441 70483192
-130 -823 12990090
-576 -586 53971573
201 506 92884750
997 -260 73942197
180 -617 -67181685
500 -242 -3426110
-335 -816 9182795
-702 -412 -15535109
-874 797 -88794510
-497 740 84302053
82 -291 -89742811
-563 -728 63189813
-590 -611 -35191856
-397 -286 94190888
-908 -823 11388685
174 -186 -34385125
883 -231 -74972722
393 -111 -25608885
-335 -96 -66223913
536 -99 -81989115
495 518 -95733392
276 -437 35141815
-107 458 54566495
-418 -37 -99510222
-673 -497 97850911
365 -456 -90000374
158 -818 88570734
479 883 1677568
-104 22 2300227
134 419 96285189
-113 -678 20038160
10 -200 -3205330
173 -692 -8482211
-435 -12 32523027
626 113 -4265350
-810 439 -59715202
-660 -674 53742450
-296 840 48877470
-455 500 -6199310
-282 579 91853254
-453 -731 -54320391
508 -33 27234856
63 -612 -70203365
-114 391 -97859371
-347 829 49521260
-665 -573 66750617
-831 624 38127365
664 226 -21467285
-907 834 45850907
44 -889 23451177
868 920 30044517
798 -991 76276564
573 877 41896467
659 -597 -14669078
511 233 -70874675
420 -842 -11766207
-29 -345 -30984065
-896 -412 64406268
764 711 53476177
210 -524 -12016300
417 -685 -11616683
540 8 28237508
278 470 82058703
466 135 68659330
573 942 -60164788
-679 -778 33166733
-433 535 20177118
433 9 43030495
523 -886 99521087
413 365 -50592884
-820 -817 71884405
361 -81 -26364513
353 -176 47273024
248 247 37195703
860 561 -38951031
361 -683 47731145
-656 -617 -18837653
-320 624 -88599812
431 137 7772005
483 -383 -6952364
-960 -806 -33360570
-876 -24 33295962
694 674 -77344480
888 -649 47544021
-320 -448 -19098773
161 -900 63613375
230 -168 -95595855
-367 840 -17260633
341 700 -62705436
-115 -806 -34010047
-615 -821 26880364
15 211 -12723913
-236 -573 69247661
-995 -319 57386867
-830 906 -21131894
-136 -569 36480728
882 648 -34936490
-751 -70 87071690
-925 -804 25864252
753 490 53817180
323 -199 -11356818
480 669 -55536163
806 910 -57549325
136 224 -9703208
967 913 88993349
-342 -192 16633157
-164 558 -16714138
-215 -665 16593351
-477 784 34659617
159 -966 96359351
-880 -200 -21550002
-102 279 -7905318
996 986 -66039913
