70
-29 -624 -37933628
805 -50 93939468
-838 -361 40354540
50 221 -16442292
-190 -914 -6698128
-447 -480 -42711171
-107 -86 21688240
857 -232 3606757
-265 446 -3127030
828 -666 4340484
-902 -128 -38981022
-795 -320 -1285965
-419 634 -69912209
-463 355 83270034
945 515 512055
423 -441 1712988
-731 846 -6727506
729 357 6167809
690 642 19539957
-587 103 -2350525
48 -711 -8504327
368 -228 86300136
-677 749 -3341329
-740 -755 93416771
-505 939 -5898448
-299 237 -70530966
-811 886 -48494130
-306 886 -5508576
331 -633 2936553
197 281 1921348
-484 -561 1084116
-620 -846 38721380
287 -772 30769531
-359 270 2275475
-282 112 97341914
172 -971 2028933
-508 -446 432352
229 225 146880
308 259 1716323
-64 808 19908607
432 -61 -9862071
818 106 2327908
-618 -722 1516434
-236 900 1738352
226 -97 -886859
678 421 9086262
794 -422 2532456
13 727 -3452869
-516 -930 54198947
-653 -526 -3466007
210 70 1298220
-266 -355 -17260103
-325 637 23597266
311 168 69378460
-200 257 -1867342
380 -497 16921539
-249 -436 -2692569
369 27 32893623
-728 274 -1915100
-884 -607 -80993485
-794 -37 -39422
617 -745 56784506
-337 186 -1247530
755 964 110313
-209 317 -28798
885 -726 90152295
51 -654 -53791391
727 -509 4744301
-317 165 20285616
-776 -231 75422252
