1000
-469 35 -13006215
451 235 35022490
377 -47 -93680233
170 0 -5809920
930 762 880881
377 -130 28403595
-754 57 33024882
67 -618 77287654
877 24 71946088
-443 695 92768426
-212 -370 32344280
-833 125 15683546
547 771 -70881552
-276 -423 12285747
940 534 -26844924
-852 56 -59252736
-284 922 -33172270
-229 393 8754548
-561 120 -30857040
916 -250 95842800
16 -983 31242218
-215 434 41865425
242 367 16345379
356 -259 11024917
756 -69 -52143582
-867 -411 -33713376
830 164 -34570279
-295 -264 52855702
-11 249 693069
287 -588 40437200
-194 -78 -48286609
-666 -494 -84942910
260 -603 80439732
-475 -281 78866741
-754 913 -41718654
-314 827 27727531
-902 -153 -74254851
934 -677 27596618
327 -701 -97350459
-77 798 85410542
143 349 -16594646
29 4 1895617
606 247 89928448
-420 -280 -83548405
-579 -899 -41566904
536 608 78493516
491 -330 63429453
-721 -621 61609701
782 -918 23395619
-565 194 62527599
889 131 35643146
-78 -868 -21718958
-943 212 96264087
202 -423 -27900986
664 -581 92429095
-200 859 71178069
878 82 -45972309
614 -439 5879672
-323 812 -34490127
899 -604 40164720
943 -44 -15571121
2 721 55676287
162 -60 37768839
-508 -766 -45714727
-273 495 59393531
711 920 57323516
537 -850 66219403
-223 561 -12520259
-731 -8 44584834
873 -295 -21532252
-576 491 76995371
-232 12 -11364876
-884 -615 12927009
-215 378 -51001193
-373 -752 -5653253
798 -79 50853025
-983 -101 30756403
243 400 25445817
148 -442 13692416
244 671 68314815
-631 -754 -59205491
-201 -955 -99254924
564 794 7370591
390 -776 66189485
-378 -184 -14661760
871 -560 19543240
403 -56 -14655069
-521 -612 93431810
-441 578 8919530
30 102 48876984
-627 -804 18204707
-865 -624 -44103655
-552 -475 -47052907
-502 -533 -47765044
-228 -162 3239118
-766 -129 -78046267
-128 -241 -27411825
-716 860 -16415771
51 415 -32532095
-200 629 48223069
941 -146 -15438384
-390 610 81099334
52 -652 33946111
375 838 79585675
-954 -380 20200617
608 78 -18586818
377 95 -83923105
-167 941 -96073922
67 -284 83756423
471 -942 20204958
429 -238 20194430
-169 -342 -88486678
355 -329 -41918189
-871 -187 -80576090
337 343 24054794
-676 869 4318938
689 494 -19827454
406 486 -76819429
972 -885 -25360999
548 972 -59264575
219 675 20524904
979 215 30611591
206 267 -57173012
-283 390 92052740
-995 523 -5000681
-311 661 35945153
137 494 39918212
-132 -810 -59380440
-28 -93 -50000725
340 529 6789411
943 225 -98053457
967 722 35508710
395 -913 43337030
734 -651 -99807065
-50 800 73606379
-468 640 -17917871
-691 378 -90042819
55 199 -36794360
-157 -239 -79787209
-709 337 -87954721
802 152 -9420145
-787 141 81079048
243 -561 -22269874
767 -727 -87372647
861 -531 -96612826
396 890 95766490
-36 888 -61659596
122 271 4879433
257 -214 94296436
626 -511 87980993
-28 -255 11637850
173 -509 67218304
460 -723 -29390633
-774 -143 -5098347
-810 584 50053692
770 -322 -30444092
-187 493 -51626
-113 -349 28764389
-414 138 94890064
-671 138 76021927
132 936 -63680004
-64 -16 -5773840
696 -498 69081263
896 -360 -40739496
477 960 41679451
-322 -968 -82204688
-601 -716 -92021092
-658 515 -7651597
340 629 -54576154
-82 939 22198447
376 -69 19968469
-794 422 -90979605
780 -196 -26689228
-745 728 -11950159
782 11 -26416477
529 -830 -19051219
256 -386 27285159
-305 -229 18215236
-545 324 -25570882
925 -940 52819565
496 609 86428336
-475 166 -84687170
-549 160 543404
967 201 -43875927
571 961 -98015083
-502 -523 2457437
-973 -77 62576244
913 -991 -78551533
-41 445 2733390
-896 -767 -64896465
-135 236 47686114
873 413 91032566
-730 144 -41074880
-717 958 -38208110
966 -96 3036026
-259 -373 1760439
176 -681 -82032429
951 151 -83010920
-351 -3 -52824657
337 264 4891281
50 -963 35287491
-965 33 -13639385
-486 -941 -69166599
-551 964 -83434456
-203 -832 12797361
81 512 61942579
24 239 29157720
-160 -555 36133262
854 -69 -11888076
642 -262 52132258
-582 -180 -41971100
992 -388 -37148612
875 207 -33264807
220 -224 -54947859
628 79 78638576
51 543 -3307209
530 530 -20422026
427 719 73914044
-116 -343 18180227
-330 -381 37211140
-842 -294 -48131789
37 -999 -92525860
587 140 52444580
-647 319 -21878585
910 225 -7164991
455 35 -589400
681 -209 82812335
817 671 -2462923
732 448 77943968
-884 -443 -88036068
998 775 77898807
-263 486 95889728
-223 223 -36732759
920 342 91500310
436 501 -12882483
-449 -51 18833790
-56 -986 25802038
-39 413 -35511292
-861 125 -99694721
479 -118 73743464
587 625 -60970502
-782 -207 20907897
-808 -533 -65478757
657 94 93163520
365 -823 -35604655
-220 428 -94821516
-545 327 29201972
-212 452 -61986034
-620 -670 22465410
751 755 2632170
-788 -755 39455073
-103 -50 -10157120
647 436 14972491
733 -464 57751422
340 894 -94016360
-551 736 -29360540
35 798 55368756
-258 -611 47888612
41 477 -10742354
365 -559 89321395
784 551 -48574793
532 -75 -82636478
-665 903 88305545
142 177 -91069488
962 422 -43727366
-268 949 35830813
-258 744 -15249712
612 -965 -60510571
-274 133 33678076
138 -619 -58596187
571 239 87766294
376 -798 71224153
-861 -968 58394873
-177 -409 -4297225
131 644 -39682944
-665 206 -82942222
543 -277 19945708
997 411 -75260386
-364 316 -99567616
632 305 -62608293
-665 -362 54700159
691 473 -74332807
-134 -774 440730
727 -648 20522858
386 -969 -87806045
954 -416 -87521988
-108 75 6574671
-864 452 82489178
864 -274 33273560
25 754 -70571486
-177 605 -45058261
745 679 -18477773
-500 231 -74083809
-149 -936 62581184
696 -610 -49266567
237 -350 -28749519
414 540 -16573299
-813 316 87114397
814 962 -84387415
-314 -507 95612748
-197 -987 78889797
893 -71 39582708
658 -323 -99383796
-735 539 -16801316
409 -227 42287111
-245 108 -5523640
409 -859 98855612
-245 71 29815563
54 -440 63694158
262 242 -92548744
242 -793 10135526
-125 -247 46402718
727 -776 59346733
-16 -973 -4990661
120 -371 -66001386
661 725 -25562052
-774 494 6029735
-768 746 11991994
518 -997 -94523895
-30 315 9878355
938 718 91221509
-340 171 -34088803
768 600 47562040
-588 -47 -68180427
-729 331 -33732245
683 -707 96425410
-155 -499 -48918795
695 -870 28454655
-578 274 -56078670
-953 -521 -99982448
-750 -390 43679085
788 -464 98090112
-499 -756 -45115409
445 722 -59402244
32 -830 -62073968
-16 850 10551251
-206 -148 -18278372
903 885 6133377
-793 -275 -84773755
185 -675 -29293900
947 -462 -51055064
763 814 57352343
-818 138 -30167882
397 -688 22409060
400 -337 42292967
-574 -370 -14607292
909 -508 -85014494
-235 442 16808610
828 -267 59515763
-794 -205 49140834
733 803 -7310254
575 -594 -14953982
874 -716 -36437350
266 -930 3750956
862 427 -11903792
-35 124 -49086521
-306 880 15550263
-34 -608 -40117808
-516 -307 -41693720
-907 -758 -9424301
-44 559 31733844
367 63 -67470174
-908 571 7679135
358 406 -38005646
-582 995 74201039
512 -3 34307065
-208 -930 67461433
540 134 27175551
92 -765 -43129165
898 -865 -55000873
-369 -308 2469366
807 737 62346698
374 -419 19287985
824 557 -58816102
11 -79 -44958058
-579 128 -31532120
-851 -672 -92458454
-651 338 -3164330
-467 938 -20136114
775 -198 -32051190
-596 -991 -76648848
-808 74 -67426354
48 -736 19931006
252 876 -72945567
-245 201 17176688
143 249 -91027585
-989 -909 -34959645
723 344 -47547463
834 275 68981280
428 -427 -8681912
994 134 53359608
860 932 -31229644
-221 114 18945492
44 514 19766390
650 -389 30823495
697 607 85431372
-551 227 -49958541
-811 -628 12135788
-460 450 -66975081
-155 277 -89164796
717 843 94540369
830 -791 85382171
-717 33 -57258966
289 796 81008740
-784 57 -27314629
569 508 -5168804
67 443 -63079037
-102 -357 99978750
-826 -958 -14138916
-787 559 42607207
834 -169 -12500607
297 6 -1685943
-726 886 15982135
746 -908 34618999
942 967 -44165015
-707 -838 78994296
988 -158 -63525121
-645 -292 -1808202
-972 -194 -83970850
-99 -453 -11718714
603 -488 -23511951
-493 383 27994856
-962 -348 86984593
102 710 49678792
144 -456 97772179
953 722 -28522567
725 -389 -60412377
-466 -427 -37067007
-977 408 70505357
-771 289 -81544508
922 -49 -66539604
973 -125 -14684781
318 554 -81913456
800 331 51743061
-433 -879 -41300130
-634 -217 10947863
255 93 -4550271
206 335 61380640
-48 340 22388180
374 830 61403392
-916 -425 -77153839
607 -326 19978992
931 -462 3976238
-232 526 -94075422
578 942 98026899
-287 483 -49666683
263 456 -80078088
-64 -550 -40191313
548 684 -21047634
-25 910 -20544240
818 -684 64323504
-997 591 -99409151
685 457 51027358
-118 -173 -21537885
976 -399 -20084051
-706 -609 -8166154
-442 532 39328373
54 -227 4109425
-521 149 -97887160
-137 -650 -80592390
-821 688 -30321947
-275 447 21961335
-812 559 -26157974
-966 -367 -72038884
-526 -233 -22066091
-421 -287 -11621804
286 -664 -21697744
993 -916 17735746
848 576 38353840
-978 683 -16874580
521 455 -34192218
-869 -278 -63100451
-297 -321 80150635
883 715 -45580162
-401 457 -14548342
480 194 76391121
110 -364 7588220
-764 928 -79510024
228 -951 73659245
304 582 31569492
437 361 97440403
-520 386 74442116
-513 -230 60516340
114 960 16194292
951 208 9183741
-14 -415 6614922
-490 127 -12511920
-65 -853 22461951
-854 -6 -58820696
834 -678 60483706
-173 -44 -58412004
133 -957 -5349660
-878 -616 -19849890
-423 -878 -40865978
841 251 -80650939
-586 754 16929854
489 748 67801134
-695 36 25842013
-670 -830 -33669485
813 420 39770694
99 927 -56143550
489 267 -11003193
-855 -691 -10738780
-696 548 30965449
-794 457 52442578
673 -567 61169269
428 -557 -59449387
-351 -550 17102926
735 -189 11319964
-482 -404 -78768802
-231 197 -36058212
-365 428 -67667723
-971 -258 25097957
-802 -229 -60320315
-421 -775 3775926
394 752 -40867360
-287 605 304462
-918 217 23404863
364 45 -6118205
275 -316 -1413723
-672 -585 -12578413
636 686 -64840216
103 668 -919960
-450 76 -26289220
-200 -470 87753483
649 47 78537732
-181 -236 2487209
693 290 37114212
217 -60 48530609
-879 -361 30188218
-587 555 -24161003
228 -90 86480962
623 -506 -13421487
570 -830 55858238
119 -727 -26380755
-880 -358 34842454
824 819 -39883685
-958 80 80013712
-780 -693 -67859260
285 -332 -45783599
-686 -819 1666123
554 508 3794211
157 -934 -39525794
-616 -739 23914917
725 622 -61765847
262 -930 84862719
662 -710 62493685
565 444 -39472183
-428 266 35785365
470 -885 -22841260
-234 -598 3864922
-816 -842 -88569406
506 870 -26636546
571 623 43988816
978 -947 8072588
-416 799 8932230
254 704 -58303440
425 141 63956171
-105 -406 -27616297
-943 904 90853395
802 -732 39493722
-701 -576 -58531111
679 871 -16859528
-462 856 97262706
-751 -641 -26938505
890 894 44851980
317 263 3445406
381 -749 -11231675
-98 -25 76400962
742 684 -22941296
-398 -8 -28960760
-416 38 54261639
394 -398 93836347
364 500 51735475
-791 893 -49045219
-760 -227 32477002
443 -533 -29127693
893 390 14245110
-17 678 -73727167
698 468 83327688
647 -806 -70500410
-28 122 -57498814
-678 -657 -23697045
912 -304 69310747
-765 -743 71755093
642 -516 -28032826
720 -101 42999044
53 -859 62668782
-916 -144 1046348
836 -815 45113710
157 466 6832509
-774 -750 22907270
783 872 -7463838
977 -540 60516247
646 -215 86735710
-246 365 -47509843
254 154 83130495
-47 -420 32831505
-550 -411 -65926339
-247 -43 93447832
268 -65 14301780
183 825 -22742883
971 618 -66395673
-390 -319 -94036146
-436 -994 -73622222
-720 772 91470328
457 593 66341297
-272 555 -95569838
58 372 -19896840
-187 -46 -74253744
584 -121 -23359489
-68 527 41198123
-328 291 27544949
109 210 35753566
609 784 50662305
542 -361 13160573
-272 98 72358923
-754 692 45217364
-856 -577 10303599
-748 -791 -55684355
-233 611 85214814
-793 98 -78703770
900 -801 14829754
657 -352 34034396
-209 -434 -47831930
114 -960 -94488299
-218 -693 69221933
-600 -455 35028865
474 379 51701870
-419 309 77677765
-499 621 29745453
96 899 -10295737
-953 803 -31955670
-587 130 -26366406
-271 -409 61448974
770 325 -11736079
939 -377 36044978
-275 -721 -3378761
636 958 -29072562
556 336 4172397
-762 890 -2623558
-879 474 -49026329
190 -100 89627560
67 830 21037358
165 560 57790741
-151 -861 -76111445
379 606 9653130
32 -72 16819141
891 -852 -3451052
354 -321 853455
-639 -562 -51940487
339 703 57478966
-346 894 -53196974
26 -835 12389136
-910 414 -2921258
-183 235 -73567038
321 -196 -93645702
625 54 -24921013
-741 -747 8815317
466 117 -18228972
370 397 1424556
582 810 -25739502
238 954 7228625
-582 -383 55383506
-183 931 -6134667
-37 908 -75485803
-117 -384 10855500
946 -816 88200840
-845 -837 94196968
-109 685 53698918
790 -485 86583947
-879 -507 42087107
-712 -261 -86876437
64 -47 1458828
-26 605 15134160
-1 207 36752426
26 133 -52872355
538 -971 -37184335
348 428 -42696193
170 -828 -20069568
780 -531 71175538
-3 470 -378655
827 640 -11873838
708 583 -65106963
-323 599 -30917568
-266 82 -61616760
-58 669 32462427
-402 689 48569005
-295 -85 -69029694
-381 738 -38231333
-813 288 33057448
652 469 46798776
-335 174 72804116
820 242 76785810
199 -790 9325602
227 185 27034740
-481 -930 -7899935
610 249 50595489
-84 378 2727933
683 -381 59854926
559 -716 29542720
345 647 -24673510
729 594 -29999104
-510 596 25054100
170 -240 -3282640
957 -107 -35713667
95 809 28673154
-717 284 -8094955
-293 -815 99670909
670 440 73203440
-587 -466 -14882120
595 68 -18223137
-199 -900 -68248495
-5 44 85645512
695 322 -23921078
-368 842 -22617281
879 -232 -94026751
-662 -729 -16547624
169 -883 64184620
-532 284 25786528
521 686 -62533891
-269 915 65961980
-939 245 38976989
-55 794 69870186
-244 716 27804336
-747 -226 13184863
-16 -27 30076053
857 943 -35410128
811 540 -80301073
-124 -498 57673483
-431 29 -64066603
-696 410 36705762
869 -785 -37856991
904 -203 87084241
-965 644 48061521
993 -18 28335874
700 134 -33008883
769 565 88742302
837 -46 48573491
-817 886 38159845
-612 -644 -37481724
-160 -211 -22076185
-517 597 -10953047
510 -442 73701800
-893 -769 -31977985
-110 140 -24287777
-329 457 5888532
-674 889 30759210
-785 240 86763775
967 -169 -62405922
398 -489 -66860105
-387 583 -21147185
-539 890 -18292866
942 -304 -42134129
-30 -42 -43755370
670 820 -25256250
-841 246 -44230686
-257 532 79473823
-702 -634 6172982
407 -192 7203907
314 9 -36714527
89 553 92617920
-271 407 -25466977
68 -708 -50152474
752 -399 35254365
-520 -923 -14840735
987 192 -4349620
711 95 -50623396
818 -889 -74587115
611 -375 29048385
-620 189 400277
390 -755 -59055995
-561 -110 66688168
166 -180 26835978
478 213 -74823504
-761 -301 19902616
-881 71 37046599
995 -935 -85110589
-966 287 -674627
-516 554 -31714624
10 -84 98742472
-693 -535 -10679494
-536 -551 27582466
-402 -966 45460644
688 -243 410453
-377 2 13676384
-611 -162 34742130
-633 470 61621181
959 -571 -19572018
-535 -853 -5689405
-677 -566 -27677663
732 -857 14669833
-85 362 -8578234
-476 -410 25978146
600 226 23798170
-79 -18 6110153
-936 -345 48477221
-469 544 13651541
-16 -243 63692029
-54 936 -76417034
756 368 -54444388
958 916 63819710
22 -197 -37138616
242 930 65519734
38 -728 -44937412
-960 -649 60675671
-840 -759 81827873
-433 -303 6282393
894 538 69421144
721 -167 -20417489
759 134 13171688
949 176 98710291
579 51 57983745
433 -917 -65977850
-678 -335 75644155
-42 117 -2722455
-718 -290 -85675070
615 127 41062965
-643 -966 76305588
126 -699 -37455704
-53 642 -76506805
549 5 -48559316
-837 910 84648331
-300 820 65508720
-897 -641 -99645430
624 -891 -52359422
-565 -623 97318363
201 931 61341019
499 -663 -70058480
-417 155 -43376192
-189 -688 -12876976
191 -629 22195025
732 -182 -1529398
980 -382 -94042565
-950 -392 -47690618
361 90 58316838
-115 -588 -44585453
-30 628 32080738
-839 -761 -4004102
359 189 61840150
51 -24 13650993
953 901 -96474549
-305 -996 55218795
673 378 -97640938
-69 796 40565326
965 -319 -66903318
-758 -116 -80320283
807 559 14052814
472 -200 -58539310
923 -536 -34867325
473 -560 22353208
-931 -533 99306161
-677 -28 -78269625
-76 563 72539626
47 -503 14602994
-814 482 -21403150
211 108 -84007990
617 -237 -69453134
-213 302 -54912369
-314 -472 65044250
350 23 -94112716
-49 381 -55465599
680 -33 -78116775
-246 -710 -48703530
-165 -598 -48461888
283 -733 -35477445
-928 -798 -31369450
-246 581 -36259813
536 338 -87461527
-300 -200 65914900
148 467 -37386001
391 -595 -17308635
279 -967 -68853269
-966 -241 37671296
-882 -372 37937447
401 762 -2487599
115 396 45294757
770 -427 86108160
357 319 -18948158
928 -460 -99893135
313 -297 84537993
228 109 15737279
-647 -781 92233251
834 -62 -694969
-691 535 -33733985
-288 90 20870319
494 -919 60893751
-715 -152 47949958
-466 -505 -82837014
-325 255 45680629
355 217 -4362964
857 548 6978591
683 373 -53369115
207 -40 -45592986
-513 270 70917914
-316 870 -91099801
902 871 -17123291
-294 989 92032838
-428 -711 -615052
17 -152 11199817
701 168 23211654
-272 223 12701129
-529 -786 -42043290
380 609 85455456
743 106 -64265982
212 149 -12636398
-551 -369 21710628
-172 170 -59747368
195 447 -97055172
442 -143 -48507225
720 -675 -13220542
229 640 -76193587
-467 -309 -44904569
46 -899 -75688203
680 -807 35428485
-343 -761 46592469
-809 625 -55882019
-824 -381 -23465533
-780 -426 36550789
-816 -365 85721432
-746 -379 35037470
-43 -489 85196879
-83 -578 1091514
564 721 1708343
-639 -633 -44269110
410 -877 -38660245
-502 424 21848832
825 -141 50740144
633 218 53808088
725 -643 81078618
-816 947 -14440622
-392 -310 -46096840
773 737 96266272
0 520 75355623
-669 -365 25779273
507 -25 33145180
434 72 -17507081
-773 -141 26208081
-803 377 -36777406
-424 35 77932302
799 -959 -17409343
774 -773 45679454
543 936 46473243
814 -717 40428975
608 843 53423954
-114 841 -20636503
-377 740 -74182302
108 -298 -87619851
-263 -353 94324624
-220 -410 1739810
320 -911 62750986
-182 -55 20465318
511 -243 -69979564
59 -687 -2150974
398 601 5089342
646 -277 -86415738
-986 -74 51168729
-202 -38 18700276
513 -236 70934276
-57 -696 -78188812
523 630 -20766809
-642 -640 -78031249
369 -528 3277295
124 434 -10613180
-992 -67 -13183291
-843 468 -4876248
-981 847 -59396444
-52 -990 -86634690
-601 552 -95293955
899 -231 46953283
-522 765 94418112
109 873 83311980
731 -722 -30291252
896 895 -88582747
-186 -803 -16211579
-308 276 -45224424
-63 -877 34158918
716 404 38589670
559 -910 80895416
297 -866 -10220701
697 -759 7809327
-256 761 49521652
781 -283 -46546808
-37 975 -62241159
-470 -969 -11171025
673 647 97055055
-61 -242 -677150
846 -138 23992125
577 -90 32634882
175 -512 39096098
-706 794 82325138
-466 155 -94541371
-708 -257 18486025
933 -611 -83093453
-491 275 82070320
336 197 -43891411
-279 318 -46072441
-953 -117 -56942623
-548 392 71141472
-285 -850 -32003682
