1000
389 307 -82225868
475 170 44836145
491 446 38187278
-319 -689 15550004
788 295 51404386
928 284 40292420
-994 190 29742052
457 550 4433763
267 -503 -59777686
-993 721 -7970619
877 -413 -5408498
-607 -570 34806251
181 -769 99321387
851 -86 77173943
732 444 -10656443
-204 598 -82036177
245 20 57500
466 819 89651286
127 886 -63121669
-666 355 17168120
-116 605 -34263400
941 -507 81112945
53 796 15085089
-706 520 -96685197
304 -298 -4820080
-721 640 -19629286
-554 603 30972647
601 436 8448266
13 -992 20384411
-902 332 9058976
520 917 -25639917
-23 837 -58666945
405 -465 80601013
-40 -802 49784511
620 491 -42952069
-984 -469 -16151936
182 -323 -24759413
-485 603 36449805
945 -302 13298664
981 621 57172823
-223 605 -1557359
-895 151 -2213183
411 -432 -58787073
352 604 43093024
-535 899 73885959
977 914 21308339
-85 798 57038202
145 872 -27539066
688 549 10563149
-461 445 85979023
408 -277 -39202549
423 177 -5950584
-319 818 20030816
271 114 13779002
544 -791 30953317
899 -411 70430436
580 -381 36962574
151 -58 6384466
-311 54 23113535
-464 -393 -10878930
823 -139 -51706209
981 -76 -9300846
-852 -34 18156492
994 345 -50479907
-655 -471 -22454938
579 -685 -30853580
717 -791 -56015169
-790 47 34636488
-350 -198 -56853629
322 602 26723718
833 -350 92420772
-62 -224 -31170714
-294 87 -86648079
309 -341 83021894
-159 -859 -34232894
429 -988 34327995
-249 -146 25675197
351 640 -70998634
-124 -434 -52157929
-914 854 34864967
-719 -90 -1493620
956 -737 -45697390
-689 656 63809396
-440 -592 -1614768
816 -912 63745880
-564 11 -57840747
34 884 -28418926
-34 266 11470766
561 959 18799951
111 -386 72319780
839 257 98957296
956 156 43334293
-479 285 -52694054
858 -932 99688756
984 276 -41749196
920 -388 -63362832
620 -973 58395142
-520 809 -36399368
-442 128 6982504
79 -817 -74400190
-842 -32 -78734268
53 -625 -31160227
-450 835 76988654
-789 428 46454314
415 -48 -6274335
-725 -262 14110563
-496 146 -5577138
960 899 -23119264
-63 279 -15163962
505 18 -34102919
-712 224 11772320
-947 -810 -50668288
-739 -212 51471839
843 -432 37565798
-581 -199 -23276454
413 121 -18800161
383 -246 30999561
-643 -275 -65039594
-158 94 -7609162
-237 -483 39266580
-49 422 31104585
130 249 17334876
-584 -130 -5109467
120 84 -81403196
-382 -798 -19861170
-54 -51 33417928
-797 580 86495035
950 -411 63303553
520 239 -25734492
673 -581 5353559
-2 -955 88448669
374 -317 77511332
738 782 -54184334
-655 -930 95216309
-29 -620 -28966359
540 179 -33345657
-390 572 64725601
415 -360 331537
-528 -207 -42254095
-137 45 -38863398
196 719 21672846
-341 -428 -16023279
425 -39 12962234
-826 -754 -19094788
841 -66 51516645
718 -227 -42665780
582 -623 -95675188
783 -715 -52108029
-628 -307 -2218658
162 -52 -23128643
378 830 26670955
-144 -901 45367141
731 933 73612947
-510 -382 -38842460
957 -606 -2037404
731 -781 9052954
-661 114 -77321446
576 -522 31157530
369 -907 69466952
-279 22 -17090987
-650 -900 -35995000
-85 -309 67748381
-675 381 -1912146
222 400 13750083
960 461 20736081
-754 -410 -44654156
264 795 40166017
-421 967 76233745
-505 892 -22600080
-852 -50 -15740161
46 -2 9639055
654 -574 -8571100
-104 -712 -36974936
-16 672 -47360275
-19 -891 -627527
864 -1 7263987
-8 -671 2191287
364 -718 86069123
-351 -658 -22324677
557 -688 15156546
360 -587 -95765024
779 -771 72395087
964 392 -7953190
354 841 26815265
-406 114 -18420396
-499 699 -59511631
-671 33 63387689
186 465 43271319
-111 -54 36559867
683 -31 29468737
-576 415 -26369781
-745 -704 -15842737
479 -990 57099776
-284 391 30633510
635 -526 48608095
175 924 -46114747
-570 -852 -44029818
-293 749 26191512
952 -192 -55074644
-83 -564 97918883
-88 -76 -3080565
602 641 28732318
765 32 48508148
341 -519 7982515
-464 -128 4743778
-145 -279 -1365635
204 -180 32995875
272 -899 -23205594
-710 -100 35600030
-455 63 77329154
183 -613 1004790
324 -391 20035821
-395 609 -88541078
-929 -111 3325781
338 117 -66764961
-341 -274 -42261182
990 -618 41068352
-174 935 69569759
-658 910 -74152399
844 -340 -99778616
149 208 91917223
794 -823 -88412364
198 -374 -30537649
789 188 -82194285
-313 238 -39824259
513 757 -47591681
720 998 46681600
-594 -939 -47672754
188 -555 -33983829
552 -532 37652115
112 940 -60668689
-783 -28 -41012582
-131 -312 -16372146
190 -760 3037175
736 212 -24855267
83 758 -49614203
36 213 -14468607
-774 -628 1907454
-893 296 -41729761
938 -130 -8521960
-989 -941 -66639079
72 -384 82760352
342 -737 19327104
-88 583 63058631
-323 796 -3168994
325 -898 73202572
-115 472 -89345462
759 710 -74787447
567 -265 3363261
-645 -173 -5513985
527 -226 5129174
593 -735 -69017681
-973 54 -57977336
-221 371 -3426801
-361 -443 -52947872
50 -189 30771135
-936 -499 15876405
-501 -231 80879968
767 48 50463579
-405 -229 -28622330
-734 -844 1120235
622 -741 84491578
-416 -367 -10350827
-72 -127 -29964922
688 -823 95887710
-373 153 -86434805
349 -672 40693043
619 146 23129918
257 304 -24478963
272 -921 72986433
670 625 -35430340
-223 -680 -38123461
-995 718 -72187059
-663 -140 -38164235
-25 160 47698555
25 783 -48726124
109 -18 -26969539
-221 -368 -29141144
515 -563 -71282613
-629 -951 -92008739
-491 -502 57193912
125 690 4666065
341 197 3744418
250 725 -22849325
346 598 28737014
232 902 -71497888
-974 -42 -71331920
65 -947 70613775
29 -871 97089436
-32 -435 -497431
-117 285 -42227993
802 648 59539679
-195 912 8065595
954 -667 -33820974
-729 -420 8471691
149 -729 -35365361
238 64 12795922
-92 -405 -13246711
-477 101 75166035
-797 578 33899469
-99 457 35509525
-28 -973 9769417
-263 -646 -12401967
-37 709 34909258
-686 58 -18694772
361 -714 -42513820
-95 -675 -69009819
-522 -72 -65160042
220 46 -95096928
-799 514 84624988
947 416 -76835298
582 604 -53172371
-588 -763 37033292
510 852 -18139110
-348 -90 -34394350
744 -187 -74774699
726 -969 -88161905
-346 806 66649849
-693 889 -4209555
287 -271 32090785
-592 -926 58732085
-635 -438 -43472337
-662 -515 -56721970
600 253 -6359018
-265 578 14900132
653 88 -19865377
-474 -850 -41006486
266 -830 33363565
822 -75 -82110431
634 122 49685324
-681 -555 -49728894
-555 277 14442099
-488 -479 -21128992
575 96 -16213451
930 756 -6063516
49 -143 6672542
-90 731 19261084
319 -510 9509335
-993 -891 40326796
-359 992 23393847
9 -17 29900249
215 -307 86446770
20 142 -47253800
-192 372 76363199
402 -642 67436376
996 183 -66003300
-525 -471 30579466
948 509 -10296786
-841 -717 -4983115
643 -933 -88497823
170 677 1655638
-112 -732 -54370352
-354 -471 -46648833
-169 -582 -35020011
-939 -345 56259662
239 -848 65516050
120 135 72068457
171 -422 5745002
591 -324 -27637711
-248 131 -24092326
-442 34 -22405066
-924 44 32875864
60 -916 31648066
-26 475 -82982935
-479 -224 3555051
213 487 -46069654
-305 -299 -21153991
-511 976 87739307
203 -95 -6298752
-531 752 -93827700
-960 -202 14228498
-896 -472 41878836
-151 114 4859935
125 282 -80694213
-862 474 -39559834
-56 840 -80768072
-80 -562 -78351376
427 -29 -98363451
-477 -593 13406353
-421 -145 6518724
432 953 8698734
-199 718 -68746097
-524 -333 -87311681
92 -29 758311
83 -283 9270585
43 674 -15983816
-240 920 -29516482
-417 151 -17632631
-372 803 85933311
981 -330 -39038056
462 -981 24263529
-878 -92 -22881796
826 -287 -792502
549 -99 19161540
-164 -357 24904365
-409 -492 -72076569
-214 129 83989051
-679 -212 30202061
417 -863 51017636
296 870 11901635
-14 -280 -4486455
-384 815 -73377576
-556 -600 -91316148
193 245 -19461503
82 -313 -13339264
211 767 89608316
497 -321 -34270591
-173 918 4678387
-752 -530 41266769
346 380 87156102
603 511 40593649
672 -454 -7878191
-668 435 -32982919
-794 407 19780920
-560 -364 -64294937
-58 -676 44205347
757 -78 -31320564
965 -275 29004270
-709 443 48202858
472 -266 56299669
-349 550 49387513
2 398 47038916
-512 269 -2467852
416 -426 33054754
-506 745 37641428
897 -959 11989618
773 -329 -14957988
304 454 13291134
641 -943 -11687901
-311 -104 -2121220
-506 -917 -37696056
471 -917 55450334
-70 -109 9547837
114 -680 -97568206
800 374 38572846
543 -161 -50378136
-667 -186 -59028041
-291 -114 88369734
374 -119 72022529
9 42 156039
-269 836 81549771
-546 957 59253791
-712 213 16620517
959 -577 -38022336
514 63 -94200740
-662 -317 -14317339
817 -630 30652511
501 -862 2607660
-722 887 -48646549
-428 -412 70715240
-106 -581 8761236
443 -22 7815755
271 -966 83855147
389 447 -92231072
-502 -918 -41593796
-153 -691 -96693097
703 262 -48282286
252 -287 23632833
-433 646 28732980
-863 867 -23026727
-399 -866 -44089680
-277 150 -39529601
556 780 -24522444
-662 -880 54295674
-655 -404 81416585
-110 964 42109606
626 906 -52216409
-699 543 -78137508
-967 115 -50936171
502 744 -26144567
646 -507 31099170
-269 -790 -83253431
-422 88 21716475
950 -296 -29960663
594 -320 -93037041
-138 -370 50408455
-695 -166 5260948
-540 -65 -3686570
482 45 -16120162
-817 -734 15727828
-567 893 -77228085
490 -586 7097703
831 68 70899561
95 180 42807051
-2 429 17673827
330 612 24837240
889 -901 -36863520
733 839 70434437
164 379 -25282338
-954 -324 -29209984
-152 878 -48600630
-804 187 62853548
464 800 61612525
762 518 -94405782
27 -62 -29978523
-149 703 68292300
865 601 70089063
-894 -538 -25501696
75 -27 1752507
-479 -451 -77442479
-275 613 -56148626
348 -725 14343922
497 -140 -11907217
-519 23 47033805
572 -837 65816437
-152 -800 -3642088
980 690 -83306781
-447 -591 75128176
147 -339 11423958
-520 -219 31339388
-917 -855 92527997
-5 -116 -5810579
760 -908 27363728
-855 284 65132209
-165 511 17429966
-664 596 -85912475
334 247 42683980
-75 -499 -61293978
986 -818 97080182
-789 -265 -8674220
296 800 73445867
-234 414 80135646
-746 970 70959686
115 -57 -2782540
31 -590 -49767305
939 -323 -47639779
659 -548 97127671
378 628 65103622
11 562 -10974137
-447 627 -87766779
157 -182 10342465
849 276 -37269301
55 985 -99507303
862 -438 -34586174
-539 291 -23448520
625 649 -30332743
94 -754 31568036
-378 666 98768884
-559 941 -96555046
-668 889 -61404660
-954 269 -77647680
-739 303 -15481611
-836 -58 4403476
-662 978 -91500787
495 250 28340230
-237 -757 -24482863
962 -828 -69200720
246 998 -90716805
453 -431 56576158
-767 -270 -49311522
-172 -56 -15697172
-907 537 48228855
336 -810 -69316428
-171 -603 -30571389
399 274 -8460145
-527 -25 -31998517
-819 292 86129522
273 -338 -15183220
116 -988 22124946
-310 -11 -99909089
-229 728 15611444
456 982 -57970979
525 -744 -76301159
-412 -49 1083172
-725 324 19041833
-148 -619 -90640881
-278 -963 -43740648
-604 -733 31609498
745 801 64005570
650 -512 -62833273
-392 277 -10447751
-474 32 -83512275
-377 337 62841612
83 982 37248888
-475 -992 -4438581
-700 472 -34006864
-721 996 -42604835
-223 913 82317374
462 71 -93266973
-205 -730 87186782
631 -997 -22465021
-236 121 10273756
311 -301 -98080295
-620 73 48590060
-178 -300 6859645
-823 245 28090121
845 450 -8295635
30 -643 -19742591
-185 -752 -64298327
580 -162 -8723440
-261 -111 3715779
-954 288 20609015
-276 -600 -14508528
-238 -959 -41470408
-577 -127 199788
-400 577 -29723995
-975 -174 67247897
-369 459 -12617730
-671 109 -23177992
681 289 60050921
808 377 66054484
-13 553 -53578477
-553 -337 -1312329
470 -173 36123344
-460 240 -17556360
-224 -386 -18087724
-410 473 -7901360
639 880 -54656153
-417 810 76555974
-779 -691 -72858373
987 361 -73467774
104 253 -34700508
-971 827 -28060971
975 -884 -20241414
-176 -123 54043749
-620 -878 -32941110
299 763 -11807560
794 700 -358968
-310 951 -22950084
215 104 13274611
-189 327 -23974296
753 778 -6296893
596 588 48725976
-905 747 54295281
-690 -552 -10724118
-484 268 72274492
-370 -340 13917002
24 -667 39624789
362 876 12228853
-300 -226 -71469680
830 -955 -98963160
-654 449 32573532
-163 -301 -53678328
-733 74 41979419
-752 934 46584826
-658 433 22809714
440 -371 89171211
542 103 14874565
-713 761 -61901573
158 -727 -13993520
-427 474 -22898603
-147 -249 -15348702
-145 397 71774748
-97 -494 -75953069
518 -791 -61538901
989 224 -27029110
-554 -137 -1270291
-725 597 42429608
889 -280 88327261
-245 93 19877883
-767 520 -52601080
-621 -459 23998977
-643 -817 -6433592
185 421 -25210159
-19 614 -98770503
-283 791 73506955
-275 -166 1686411
-237 -696 53485227
-433 -9 13591931
348 -193 106012
-29 744 -11399165
359 449 33457397
-792 -164 37320842
375 -164 -38020247
-843 -729 -18295059
714 535 -5524146
-778 878 -15577748
195 -123 25480451
605 20 -48924344
389 -641 -84758726
212 -870 49079986
-787 -654 -14906699
-238 -434 -40115537
496 -438 32088828
-131 963 69544704
-979 -121 -45759307
-219 552 -15700947
-31 -172 -86995282
147 964 85644636
-224 336 -32848478
-617 278 1512663
503 -677 -20896062
904 948 -72912858
-657 507 -42192015
-431 906 47066970
923 634 99260048
-142 -694 -27397308
-47 -65 -60970419
333 -963 29807100
564 -227 50600381
-368 -26 89684739
919 456 56916979
544 592 -83635900
946 -217 -26102647
791 769 15580148
611 -30 -65337714
10 689 14269197
127 740 -79605303
502 -155 50161334
58 -476 45517277
859 -758 22696770
751 -762 81010304
-818 -723 -7257319
-747 901 95397107
-115 839 -10099942
-164 -240 31647620
-894 -59 98547248
-221 114 -7329740
185 -998 -82925066
-996 957 67869088
-915 -724 -14357099
-406 -998 68172119
433 664 -7557217
213 -525 41920599
900 -170 10891875
-422 -686 -43200652
-354 -193 -20990728
-224 -534 -6201971
473 -476 -66967852
-239 -908 -21910160
-812 -18 86127027
120 937 35497813
276 -701 75195322
720 -487 -4153807
445 409 25361779
30 -120 -9838920
-819 -386 23953795
378 315 12575426
-182 140 67421472
896 681 -34716152
277 892 22206430
218 -169 -3344335
870 -440 -9362490
599 -670 -33123024
785 538 67419337
-400 694 -60709978
-373 -595 318621
751 -788 28714883
5 -369 81626600
242 -508 -34739842
647 621 84464656
796 354 -10067236
-236 624 10569322
402 -713 36012568
-469 -417 70982605
779 478 35509116
961 319 -64618216
575 674 4698977
58 390 -85865539
-172 -746 36769782
-587 -754 -9437244
995 -469 42084822
-717 -460 -52304222
-320 605 34367690
374 -203 29138356
-645 -977 57624699
221 -506 17468875
-357 18 -28069683
-591 360 19933974
-539 -529 -3293915
-403 -118 170585
374 -1 11750312
-995 -237 42207405
-688 940 -35068459
-377 492 -46931562
-604 -441 14190181
-999 -586 -75138501
119 -225 -13045359
681 -372 43077129
-318 933 97142471
759 563 -29113143
-713 927 -53463954
-112 210 36970904
-881 322 -95833175
75 408 -32975860
212 633 -64303700
923 -872 78549459
128 764 -7445531
-314 -354 -13970200
-530 13 -80952897
-199 981 23163180
-342 278 -25790386
7 -763 74110855
-308 447 23901012
-98 272 2468404
798 -456 -83335303
-93 -878 44919995
-374 -120 -21046938
-360 810 -27862589
491 -241 -68247309
921 -549 -84514046
669 -828 42323581
651 613 85260129
32 -175 89749700
-506 912 -62458863
-688 149 25377424
291 -953 23804057
-687 -341 -18322957
-914 -773 -29770280
-291 111 -2388453
173 -768 97217651
986 -521 46776184
-506 -102 -40102680
616 -223 38480438
-998 673 -33535768
-960 130 40490630
13 715 -13992862
-95 957 -61044511
-336 -109 43467351
-814 -365 -16622647
-362 -835 3210282
72 -194 -36671012
-100 295 -17064435
141 137 -7858237
-339 562 32958659
-202 -596 -2011316
-209 588 -24455095
501 69 1562014
386 -303 -45297038
-641 645 -40854763
-577 285 14386990
-994 954 -7856702
-391 435 16954224
59 660 12976579
470 808 -17512876
322 -159 722353
230 299 38163753
31 -718 -34839161
907 909 1158636
-955 6 -78491072
277 856 -67194106
-283 156 2261461
746 -184 -51494810
149 243 8038647
837 -27 -42030601
323 -332 -23135252
-604 -373 68171243
268 753 41379338
285 -914 52884302
-182 815 -72571134
-515 766 -91795197
-935 971 19905374
266 -467 40906241
315 -15 40149649
555 -890 -29019515
-372 -760 -42430122
-324 -864 48776508
309 -363 9264822
-464 254 -6639052
-838 592 -1224782
-880 51 -28545569
731 611 10554172
831 -920 -20591906
981 527 -11570976
-812 575 -45418640
-147 757 -42092325
-342 -596 -11294442
405 849 80118423
493 -352 -15495361
-965 -874 47127164
-782 -850 71853001
-652 -824 -35425644
982 -164 42775882
672 -964 82348572
793 -366 14637987
-544 -930 -98196224
86 -793 37195434
-650 12 6463530
607 -817 -36529980
-162 -689 -76400195
-166 444 14692974
486 797 -8010877
-620 -247 35838895
-149 39 -86182286
-266 806 18121770
-14 796 92274949
-106 949 -92273499
-518 -621 -62377819
-185 -808 -32457886
-616 80 -29048248
-638 -226 -91679509
-366 139 -86870684
-998 -960 -42433602
-587 -820 2805913
-722 100 35596626
595 396 90098211
-276 -523 -11349449
-93 413 52155932
458 -74 -43184579
722 730 80390460
221 72 -84809723
553 882 82713109
-524 612 73918266
125 203 93207916
-556 572 48301041
130 154 -9279970
-133 -715 76215272
-487 -499 -14186526
931 795 19378955
805 -842 6326390
-368 427 -66898602
575 -355 2617317
781 -378 -97995422
-657 442 -35221687
-619 -993 -5725877
-405 696 -29414438
-171 384 73911834
937 545 -27554781
530 791 59838704
635 -916 73157475
169 593 18139893
788 -140 3496190
139 929 33023625
-783 627 29280960
-408 124 -25385744
125 -349 4151838
188 670 98402144
-266 -703 28362970
-298 -568 -73169460
-872 -457 -18064789
215 248 -50313131
-135 -408 5403322
-913 859 -46488542
627 663 41355339
-337 -223 6701168
-222 264 10543091
143 -374 -9083679
540 163 -81838854
335 245 2945305
432 360 15295248
-759 847 19070575
-323 478 16445075
-18 -643 -33286384
-409 -278 -51352595
-489 -94 -46147266
263 -329 -10236362
-947 809 52582508
-785 -978 -92312481
776 960 73334544
874 247 -8953972
-608 -924 -26148111
-138 958 15501375
300 735 30495215
475 -986 -56751115
41 697 25610115
-44 540 -94179315
652 -717 -30440471
-151 -574 54726175
436 -561 48061318
-723 55 14596935
-22 -970 73746371
533 617 29833835
358 -542 2725514
-529 -120 -43219677
251 -627 -41658792
-463 440 -29249436
573 -175 -44281126
-659 346 82514882
53 -578 -8245605
713 -653 -12179639
785 -39 30117069
357 334 -8600981
816 -618 80436677
300 610 14039870
107 42 60402120
37 807 93718001
-736 -895 -37114480
63 -964 92712534
796 726 -29334516
840 -351 -16851038
618 257 83202227
-335 909 30278661
67 789 -40615576
541 798 -27976275
-275 388 26310256
-853 -281 -48396826
-834 -392 -7218072
-506 -223 95405087
-376 344 8238214
-64 451 -30835921
-671 649 56581383
293 -26 -23578685
-119 172 76410208
-688 -776 -49274784
503 -491 -66793353
923 447 -62202204
808 -133 -20380614
385 -787 8847267
-680 -817 -4810717
-744 275 -19576288
80 332 10647779
311 -862 -76910632
522 833 -19093422
-813 -7 -49240816
986 622 -63814389
-302 568 44818367
-927 -620 67138621
-916 -962 -51692048
464 135 -2648878
-421 -780 -8668938
