300
1
1
2
2
3
4
5
4
2
3
4
2
5
4
3
2
1
6
4
5
1
2
3
7
8
4
1
5
1
6
5
2
9
4
9
3
3
9
1
5
1
3
1
9
5
1
10
2
40
6
2
7
9
1
6
11
6
9
10
7
6
5
5
11
10
6
11
3
2
2
1
5
7
5
12
4
9
5
6
8
5
2
1
13
1
1
6
4
1
14
2
5
7
5
7
7
9
12
2
10
6
10
7
14
1
9
11
8
11
2
12
2
13
2
14
7
13
11
7
8
1
14
12
3
7
3
12
5
5
5
8
8
10
3
4
14
6
3
12
11
13
4
10
11
1
12
13
3
9
2
8
11
8
14
5
14
5
1
3
4
5
15
14
10
8
5
3
5
5
13
11
2
7
15
15
14
7
5
13
4
5
3
5
3
3
1
6
13
14
10
8
9
2
6
1
14
15
1
1
3
8
13
3
9
1
15
16
14
14
8
10
3
14
3
13
10
2
3
14
15
11
3
1
6
16
17
13
17
7
13
14
14
17
8
5
18
6
6
7
7
17
4
19
20
12
8
6
21
11
14
8
22
19
21
18
18
23
10
12
9
6
7
11
16
18
24
18
7
15
12
1
23
13
22
13
21
10
20
11
6
10
3
7
17
20
5
18
6
6
14
17
15
3
13
22
23
3
21
17
