300
1
1
1
2
2
3
1
4
1
3
1
3
4
3
1
3
3
2
5
1
2
6
4
7
5
2
3
7
1
1
8
7
5
5
7
1
9
2
3
5
7
4
3
7
1
3
3
9
2
4
3
8
7
9
8
3
8
6
3
6
7
7
10
9
6
11
2
1
6
8
11
1
1
10
2
11
12
13
8
8
6
4
13
4
2
12
13
8
1
1
1
8
13
11
14
8
14
15
7
12
10
12
11
15
12
14
12
3
15
4
11
9
11
2
6
15
11
13
11
2
9
9
13
5
12
10
4
9
13
2
11
16
6
5
7
2
4
7
7
6
1
6
13
3
12
3
10
2
7
13
1
2
16
12
8
6
2
12
11
17
15
11
2
17
10
18
12
8
8
5
6
14
19
19
13
2
19
13
8
12
2
13
8
13
6
9
16
4
11
17
6
10
1
7
15
13
18
8
1
9
10
2
8
1
1
3
13
14
17
11
15
5
4
4
6
20
3
9
3
10
11
8
7
3
2
14
5
5
13
7
15
6
3
15
9
4
18
4
1
18
3
4
14
3
10
7
9
5
12
11
17
6
17
12
5
16
1
9
1
22
5
9
9
20
17
24
2
1
10
16
8
14
5
13
22
16
19
10
11
17
14
20
10
25
21
5
23
2
12
12
26
5
18
3
24
6
2
7
7
