300
1
1
2
1
1
2
3
4
4
5
3
4
2
6
1
1
7
1
6
2
7
7
7
7
6
3
3
8
3
8
3
7
3
6
5
2
3
2
4
5
2
8
2
1
6
8
3
4
4
2
2
8
3
5
2
7
7
9
6
9
5
5
5
8
2
8
10
10
6
7
9
10
5
4
6
3
5
1
2
1
2
6
1
1
11
6
6
9
11
2
6
4
11
9
7
9
5
4
10
8
12
11
11
7
11
6
7
12
12
13
12
4
12
7
12
2
7
10
3
10
9
9
4
6
7
7
5
10
7
11
7
1
4
8
10
9
5
6
11
1
6
1
11
2
4
8
2
2
10
2
3
3
4
4
1
12
3
9
14
11
8
8
6
9
11
13
6
10
11
12
11
8
14
11
4
2
2
13
14
6
8
7
9
1
2
13
8
1
3
1
9
14
13
9
9
15
16
15
17
13
16
11
3
11
3
15
1
13
5
14
9
7
7
2
16
18
6
11
15
19
15
2
9
13
4
17
17
15
9
2
18
5
20
3
2
11
17
1
1
4
8
11
13
19
19
6
17
6
9
16
2
20
11
16
1
18
14
15
16
5
20
15
9
4
16
1
13
17
13
6
1
18
18
19
15
13
9
9
4
1
8
18
9
9
1
19
8
6
3
17
22
21
6
1
13
4
7
10
17
