300
1
1
2
2
1
3
2
3
3
4
5
3
4
5
7
6
7
7
8
8
7
8
9
6
9
10
11
12
11
11
12
11
13
12
12
12
13
14
13
13
14
15
16
11
17
18
18
19
6
18
19
20
18
21
1
21
12
11
22
20
2
22
19
20
20
21
22
22
23
9
24
22
18
23
24
24
24
25
26
20
25
26
27
27
28
27
27
28
17
29
19
30
17
29
29
30
30
31
32
33
31
33
32
33
33
33
34
33
33
33
18
35
34
34
35
35
36
37
24
38
35
35
35
25
36
39
13
39
12
3
36
37
27
38
38
39
33
39
40
31
41
42
43
35
41
18
42
43
44
17
3
45
46
10
42
36
34
47
47
47
22
35
47
47
34
48
49
37
50
50
51
52
38
52
50
47
29
26
53
54
54
47
54
55
56
57
57
58
59
60
32
12
59
42
33
60
61
62
48
14
23
63
26
38
64
54
64
15
65
28
19
19
43
60
22
35
66
66
67
13
68
20
39
22
29
69
63
70
45
69
21
70
2
54
71
72
73
74
45
29
75
76
4
77
66
78
75
79
59
47
30
67
80
80
7
55
80
24
71
81
40
82
83
68
1
33
84
4
14
85
80
85
69
44
63
11
86
8
34
87
31
48
70
88
89
21
90
90
59
91
36
9
20
92
93
64
94
90
5
