300
1
1
1
2
3
1
3
3
4
2
5
3
3
2
3
4
3
5
2
6
7
5
4
5
3
5
4
8
9
4
5
3
6
8
9
1
7
6
7
10
2
7
10
3
9
4
3
4
4
10
5
4
11
6
1
8
9
5
9
6
10
10
11
10
3
7
12
8
10
13
11
6
11
11
13
11
12
13
7
14
8
6
8
9
11
7
13
12
14
10
12
10
9
15
5
13
13
13
3
8
14
13
9
15
11
6
15
10
6
16
9
10
11
17
14
15
7
12
7
1
17
14
15
17
9
18
13
9
9
13
15
16
12
7
2
17
14
13
19
18
3
20
7
17
21
17
11
14
8
4
12
18
6
10
19
8
20
15
11
21
9
21
20
12
16
22
22
9
13
14
23
21
16
14
15
16
2
15
13
3
17
22
16
10
23
17
18
17
11
5
12
19
17
4
20
16
4
12
13
14
23
17
21
5
17
7
11
4
18
11
20
4
22
24
23
13
8
14
19
23
25
18
23
25
12
24
19
25
19
20
4
20
26
13
22
16
19
20
15
21
19
23
16
23
20
15
27
17
7
26
18
26
11
21
27
22
17
13
26
27
22
13
9
22
4
28
22
16
24
19
23
25
26
10
16
24
14
8
24
5
11
15
5
25
28
19
18
19
16
21
6
12
26
27
6
14
7
6
26
