300
1
1
2
1
2
2
3
2
4
2
4
3
5
3
6
7
8
9
4
7
1
9
5
10
4
6
5
9
2
10
11
1
6
6
3
12
4
12
13
2
3
4
7
14
4
5
13
5
8
11
12
11
6
10
9
14
7
4
12
4
4
10
11
6
14
13
2
9
15
8
5
12
7
7
9
10
5
14
15
2
12
7
8
6
11
11
12
2
13
5
14
8
9
10
10
15
16
11
11
11
15
16
5
6
16
17
11
9
17
12
17
6
18
5
18
15
16
7
12
13
3
10
13
14
8
7
14
13
15
6
9
7
10
10
16
8
9
16
17
8
5
19
11
19
17
18
10
3
20
18
11
18
12
21
19
18
11
20
13
13
21
19
18
17
22
9
23
6
3
14
19
21
14
22
11
13
20
14
18
9
11
21
19
21
12
19
15
20
23
18
4
4
24
15
22
18
5
2
12
16
21
19
23
25
5
21
20
24
15
26
22
20
6
10
8
23
10
15
16
24
17
22
25
26
16
17
24
24
18
23
20
27
28
29
21
11
16
18
19
8
15
30
16
16
17
23
12
21
24
22
18
31
3
3
12
22
17
7
15
25
22
20
18
21
11
21
31
23
24
23
32
24
12
13
32
25
25
13
26
22
30
18
26
12
8
27
31
17
2
4
26
19
16
14
28
11
16
9
16
