100 1000
70 51
65 58
48 34
58 51
64 25
66 96
80 55
19 84
93 50
25 58
45 79
97 87
100 56
67 89
70 57
7 23
80 33
3 78
73 62
43 79
43 75
61 23
18 33
41 75
48 60
43 51
53 72
72 49
69 87
23 54
100 5
33 1
82 45
95 51
15 41
62 38
52 45
50 28
95 64
80 66
51 49
30 22
73 5
69 19
29 77
86 42
94 71
88 44
91 72
47 76
62 34
52 84
51 84
15 69
26 45
67 43
26 12
95 19
92 11
63 54
66 72
24 4
72 45
51 65
80 7
69 66
9 68
43 15
15 39
36 99
53 16
35 21
99 8
25 2
64 71
88 74
19 49
33 23
30 22
63 20
15 54
68 67
50 55
32 74
54 36
71 66
47 6
36 64
85 93
32 79
83 81
87 39
66 25
57 92
15 56
91 70
78 86
57 36
49 33
48 65
63 11
82 96
84 58
16 53
89 20
33 99
89 53
91 43
71 19
82 93
45 8
9 50
88 50
64 28
62 53
58 60
63 38
2 68
64 68
20 68
64 20
89 99
74 69
52 1
60 15
65 23
20 57
12 5
62 82
25 7
44 38
23 45
67 41
67 7
26 52
36 11
54 8
99 72
53 89
99 61
61 1
95 44
36 96
85 53
32 65
48 8
91 64
65 96
55 89
97 2
53 74
52 74
84 99
23 9
5 16
9 100
1 48
41 72
93 19
80 82
91 71
1 12
87 53
33 62
45 95
87 60
97 15
23 9
33 43
85 100
69 89
20 91
32 63
18 93
5 94
19 63
18 74
66 79
54 84
54 62
32 70
1 11
9 91
44 55
58 43
19 54
62 95
88 89
87 67
23 96
18 54
66 96
88 53
16 19
88 55
45 2
73 26
11 70
7 9
8 72
99 54
1 96
64 23
16 100
67 33
97 39
51 48
63 11
44 95
69 94
62 34
100 61
100 32
38 80
20 39
71 45
75 25
82 49
52 82
66 99
26 5
66 91
55 69
45 92
62 8
95 43
70 15
80 79
72 50
15 52
8 95
51 74
65 16
26 67
63 85
26 19
74 64
38 97
55 70
58 95
18 25
87 63
78 86
89 66
65 85
1 75
12 71
67 52
38 70
66 50
79 52
68 100
32 57
18 95
5 70
54 57
34 56
96 62
57 8
25 51
7 91
94 20
12 51
62 73
75 73
74 51
95 36
12 64
57 48
7 63
99 87
66 20
94 43
62 82
56 62
53 70
26 61
16 11
32 39
48 93
100 73
69 8
34 96
64 73
25 68
8 57
48 57
52 92
63 56
18 94
9 94
87 65
53 54
44 2
55 19
51 87
92 91
44 38
1 97
5 7
64 50
1 79
19 5
32 34
94 93
63 72
95 49
41 80
63 34
52 96
45 94
28 25
55 66
88 94
91 75
12 1
16 2
50 28
97 7
64 25
97 66
11 20
92 1
44 66
63 61
62 39
52 39
58 79
48 87
48 55
85 26
96 53
26 64
18 39
100 63
26 18
80 88
52 79
52 87
5 94
44 85
38 87
57 95
62 43
25 79
45 19
11 15
45 48
85 15
52 80
60 48
71 100
54 51
80 38
28 58
96 41
53 95
39 23
55 26
39 23
33 1
5 69
84 43
93 92
82 45
75 11
70 95
55 23
1 23
55 89
66 41
91 48
56 38
74 88
33 52
89 18
7 28
61 36
65 51
92 95
62 57
20 100
26 71
96 53
12 72
99 34
58 62
12 94
16 56
92 82
80 49
74 7
58 66
53 20
1 38
54 60
1 33
95 91
60 11
5 71
69 39
16 55
95 44
7 5
87 11
49 53
61 72
71 66
87 26
84 82
16 62
18 23
49 54
5 26
60 58
74 70
65 12
73 1
20 50
96 51
43 58
96 44
100 8
79 80
79 89
89 79
45 11
89 18
20 97
75 34
62 5
15 52
11 1
33 19
25 85
66 8
68 66
1 69
75 89
51 95
11 52
48 1
99 60
67 64
91 74
38 41
57 20
79 23
8 73
55 88
12 49
55 62
97 52
28 93
61 71
71 73
96 52
25 68
69 28
53 58
75 44
20 8
71 23
74 79
66 84
96 73
28 61
48 72
8 91
9 66
18 60
97 72
16 67
72 82
16 96
84 71
26 9
87 20
38 45
93 75
18 26
62 68
70 64
28 55
19 92
96 32
84 49
86 3
54 57
1 39
49 72
51 55
34 89
36 95
62 9
91 95
50 32
96 18
7 94
93 100
66 99
63 9
5 92
16 72
75 56
61 75
34 73
82 58
11 34
28 51
62 38
84 52
26 38
84 82
61 66
67 49
79 75
5 84
33 62
82 74
33 43
33 82
62 69
65 58
92 55
18 36
74 94
32 7
25 43
19 51
36 25
8 52
16 45
44 8
63 100
82 94
88 55
20 66
71 52
64 85
69 96
72 41
68 2
55 97
2 61
72 91
53 74
87 72
91 87
75 16
19 52
58 100
93 79
11 67
12 74
12 70
87 70
41 39
65 68
92 25
41 38
93 92
50 38
84 43
25 85
43 32
9 8
100 41
80 9
93 79
18 11
91 8
23 80
95 43
58 63
19 1
38 89
97 89
68 36
95 65
36 68
16 49
50 52
48 19
61 11
84 82
48 53
18 57
100 84
51 75
64 16
44 48
15 58
26 7
60 63
51 99
61 53
39 43
19 1
15 1
45 25
5 57
51 70
36 49
11 26
1 58
32 41
8 94
5 7
66 36
93 18
16 96
5 100
34 82
52 50
39 58
49 100
97 26
100 55
44 12
61 71
44 7
52 73
64 50
79 2
7 69
58 28
45 25
96 54
65 48
54 2
2 56
51 33
25 91
34 85
57 60
80 7
62 12
82 56
64 33
41 23
11 1
58 1
58 94
1 66
7 32
8 100
69 65
2 99
70 100
1 91
75 26
60 16
96 91
23 12
93 91
23 16
65 33
43 16
96 64
68 16
80 65
69 48
66 63
20 18
73 85
85 44
25 92
54 8
43 91
56 61
16 67
89 75
19 36
44 94
12 69
56 99
65 18
87 39
45 60
94 84
26 39
36 89
7 64
42 78
32 95
20 61
54 89
28 32
95 61
57 72
32 62
32 25
94 84
48 66
26 75
9 87
89 25
84 34
25 71
99 41
34 5
63 7
69 2
100 92
73 43
1 91
91 82
2 67
79 75
5 95
100 57
58 60
100 7
86 42
1 26
66 93
28 18
64 34
69 85
11 82
89 74
55 62
67 91
74 5
50 5
62 1
11 91
45 88
48 7
15 63
5 53
36 71
28 92
43 58
79 52
82 16
51 89
95 75
19 41
66 8
73 88
5 33
70 73
58 66
19 85
85 89
41 71
93 44
94 15
70 74
12 91
65 5
2 75
64 43
82 68
44 84
7 55
23 18
91 25
79 61
60 49
7 94
33 28
25 85
67 43
11 39
48 23
48 66
7 61
93 88
61 34
65 12
43 73
95 85
50 97
53 28
16 75
43 39
80 5
56 58
18 65
87 1
58 80
41 67
60 82
87 55
25 93
49 8
43 51
8 62
82 71
45 87
11 28
96 38
57 95
91 99
84 89
48 68
20 56
55 61
38 56
63 12
50 11
26 16
93 43
99 48
20 69
20 33
79 8
43 92
26 9
96 88
85 69
15 72
61 95
7 89
64 45
85 63
72 64
95 84
73 2
85 60
61 33
61 93
64 87
72 50
48 53
66 52
67 66
82 36
87 99
84 15
45 67
33 28
16 95
80 99
68 11
36 26
2 23
64 92
89 94
99 63
87 57
70 18
21 35
43 67
89 51
34 66
43 60
42 86
33 72
16 74
80 1
5 16
64 71
56 23
51 36
8 34
49 93
66 75
73 75
65 53
62 89
55 85
18 33
38 7
60 25
48 70
66 70
5 62
20 33
32 87
25 38
7 52
67 36
89 34
9 16
79 84
1 95
7 95
66 62
63 75
43 69
51 11
92 99
99 64
94 60
92 33
97 5
72 54
44 36
50 91
48 34
23 66
36 44
66 88
93 39
53 55
72 51
72 100
61 9
7 52
67 75
72 80
71 82
38 55
56 2
12 38
25 87
25 95
63 9
73 72
48 26
39 74
55 33
1 66
91 23
44 63
49 1
88 82
88 68
9 16
5 96
64 92
73 25
53 96
45 49
25 12
60 58
45 66
23 51
72 36
18 54
43 11
5 99
92 43
16 52
16 74
73 80
75 52
36 33
49 45
74 99
80 16
79 64
20 41
45 87
61 75
39 93
51 57
58 19
73 64
7 53
73 92
9 7
85 48
12 38
33 67
62 85
1 70
92 74
55 96
85 38
23 43
26 50
67 80
65 68
12 84
91 68
26 66
50 68
12 52
56 71
97 8
62 39
95 61
45 18
100 54
75 96
91 54
64 61
88 25
44 54
94 67
5 80
65 43
63 34
62 74
88 32
79 38
71 7
16 88
74 92
28 71
72 56
8 70
28 8
75 55
20 39
