1000
1589 851 193 625 798 531 1156 851 1867 1767 603 537 819 1734 134 1745 1708 793 1601 1497 731 1178 881 1647 681 185 756 407 1801 1271 619 1201 1257 1841 1785 866 1901 1071 1654 47 385 131 723 1761 1301 689 333 1146 701 1331 1482 1635 1705 1776 376 87 591 586 1296 661 305 131 525 301 1811 779 1919 375 593 1005 295 1317 601 458 1500 1137 961 561 889 1305 1873 48 1443 545 687 622 321 764 801 944 1297 1879 1131 749 6 1203 23 1201 1863 17 1515 561 1127 1108 1202 466 861 1199 1823 133 1057 565 1401 961 1380 1677 1481 1082 944 1881 169 1876 1681 108 721 417 333 1713 1964 321 1569 1167 1106 1686 1797 769 1287 469 397 1611 1287 1834 205 1535 961 913 1913 1367 1730 126 818 1161 1455 1081 1477 321 1011 792 1863 555 628 129 257 638 447 1201 581 1 67 817 1125 119 571 1376 303 1513 737 439 245 626 21 537 759 1 1072 1425 1006 1706 133 1450 1230 1741 669 450 1761 189 1789 1313 184 1986 341 1011 936 1201 1921 1711 996 1883 17 536 545 897 114 859 693 1301 1761 1111 1001 293 1094 1521 56 65 1463 383 249 529 81 504 331 1401 526 839 768 1674 657 965 301 1340 1911 1065 397 533 92 1841 705 467 1609 769 1271 765 1946 721 1651 442 1334 1467 1336 851 453 1865 661 1196 1505 157 1187 1076 551 1846 1966 1979 529 849 755 329 895 1161 1323 438 1383 991 1361 973 63 369 41 1531 139 1133 19 1978 1345 21 153 1041 1065 597 1146 901 1751 186 331 305 1473 1049 1051 1344 1417 41 1874 1433 689 1201 1137 1385 1847 1609 1751 665 841 819 1280 1009 1564 1369 223 1091 1345 401 261 127 337 1909 1065 1340 1916 520 885 1593 1137 1201 351 1103 1642 673 201 271 1328 890 1905 1051 1073 276 623 1501 46 283 936 1330 929 1729 1569 1921 1873 1344 1121 251 1785 471 1349 1245 829 1087 1669 501 1873 698 1050 1109 1436 791 959 1477 1251 776 1351 41 1969 195 611 546 1630 500 845 825 1059 1529 1457 905 154 937 1971 217 1184 241 661 738 921 1315 1881 41 1611 889 858 503 851 1036 1 1734 1813 1521 565 1857 1931 146 705 1516 1745 581 43 1152 849 401 513 877 1441 781 873 713 1275 1801 969 693 221 877 149 1680 750 1997 973 391 575 118 1881 1809 160 1184 1469 1001 1457 1959 1440 1897 1073 176 689 1686 603 1836 1353 1838 331 1323 194 1667 1441 1477 739 417 376 905 381 1161 336 621 845 1901 1561 151 1636 1831 439 289 231 1361 427 595 1989 1580 1198 751 1825 555 724 1243 664 997 381 1041 1137 1114 1917 1309 854 1831 901 1661 153 1841 1533 1861 1317 1975 1963 941 1822 863 1957 1529 1611 1159 1592 385 1862 903 119 1832 275 1536 303 501 1201 1487 393 531 1453 146 1355 1003 1951 333 321 889 1506 1539 241 1530 191 131 1245 743 664 89 1701 1069 1145 1499 1761 1985 1375 345 284 1987 1337 1601 1264 1701 1961 1399 1331 607 1761 1295 1737 951 1141 797 1473 297 545 121 1059 16 1351 1737 1231 1956 1675 169 607 1491 21 1257 731 1741 1398 386 1591 1185 33 1345 1191 1132 1729 745 761 699 1137 661 1067 1060 1361 1691 641 1557 1759 535 19 507 734 579 1563 1001 1725 1071 913 1931 683 625 34 1657 1281 1917 1889 212 352 1783 1145 126 193 1480 1231 1197 1149 1025 501 1 860 1161 493 1895 91 172 219 1017 647 895 61 1661 497 851 1590 369 561 1761 581 561 1857 1345 1737 1941 1429 1661 1999 1473 1063 1689 829 1251 702 851 1006 931 1461 1281 642 1721 1201 833 495 961 303 516 31 1501 1401 1885 231 604 1421 941 1319 1745 1933 1021 433 1969 1636 609 1451 1240 1340 227 861 161 1441 1665 1094 1714 1805 1291 246 389 991 1798 1599 929 739 1221 1770 151 993 1513 171 601 1101 1327 501 873 1359 1840 297 1461 1448 25 25 791 1429 941 826 1971 751 392 250 1316 832 242 1907 1705 1751 1113 19 1801 945 1377 1421 850 885 1325 1183 1571 326 648 1905 1393 1064 243 97 251 1145 1041 465 266 1226 853 905 1016 1792 739 188 579 201 1497 296 1425 583 1491 46 46 807 17 531 1571 1648 859 1385 1053 1505 741 461 1449 812 56 733 1233 1511 1094 1633 197 533 241 18 81 1326 1457 185 1377 1096 758 1570 1451 651 1777 993 1849 51 1017 129 568 1541 287 1575 53 945 1501 1061 1390 1895 1291 215 1009 191 1914 431 1464 1509 1545 941 949 1221 1971 1871 1996 1551 701 765 1595 545 641 1601 395 641 533 1771 713 180 163 217 1 1167 1361 96 601 201 725 1121 436 1053 1946 355 318 941 475 1897 409 1425 1762 395 1271 1145 1026 1411 1515 1085 304 1969 1749 930 1945 133 321 1385 766 41 517 1426 415 821 432 1745 1201 270 257 1148 142 1242 141 241 373 165 651 748 197 343 269 817 1809 497 1916 1801 1205 1925 504 636 1555 1915 691 1101 1440 1296 1901 1071 1432 1351 1395 481 1397 221 265 1255 865 1617 1051 1301 1011 977 1776 1731 81 1600 385 80 736 401 1751 145 803 261 1534 821 830 1 158 353 1553 1 416 1897 81 
100
1 17 1251
1 75 59
1 161 1225
1 693 345
1 925 78
1 177 323
1 313 1665
1 991 1513
1 879 543
1 361 1126
1 265 1422
1 44 1125
1 23 1527
2
2
1 21 1949
1 35 237
1 417 355
2
1 7 173
1 17 343
1 745 1091
1 121 1941
1 225 166
1 31 475
1 725 1576
1 41 394
1 35 251
1 5 957
1 45 626
1 24 1430
1 15 933
1 819 121
1 21 879
1 19 841
2
1 114 1117
1 704 1414
1 753 1938
1 1 271
1 707 579
2
1 45 1449
1 969 1435
1 573 161
1 41 1111
1 301 1485
1 36 1111
1 881 182
2
2
2
1 13 77
1 429 171
1 913 1063
2
2
1 937 609
1 969 234
1 321 481
1 300 937
2
1 496 877
1 11 1936
1 40 1991
1 690 689
1 396 1445
1 951 447
2
1 686 897
1 477 1387
1 421 151
1 375 1
2
1 636 1001
2
1 34 1941
1 761 1697
1 309 928
1 897 1001
1 837 1935
2
1 9 359
2
1 629 1030
1 12 1793
1 11 185
1 372 869
1 338 1400
2
2
1 478 1463
1 4 1201
1 949 1726
1 399 1382
2
2
1 23 205
1 268 888
2
