1000
1190 1373 1627 461 1905 391 1873 1313 1017 580 1383 165 87 786 661 1616 1261 1805 151 852 425 1075 921 1876 721 819 309 1487 1991 402 989 625 666 434 561 1941 143 923 833 1101 741 1311 1618 821 545 975 549 1891 1799 1237 777 1603 1416 1154 1424 1585 961 1156 1623 618 1965 1705 295 8 249 1452 1477 1129 1616 501 1116 1776 787 1617 702 837 993 1197 1679 611 705 469 773 92 630 1241 751 1636 1751 1161 961 815 145 1284 501 311 461 136 1227 37 911 1291 577 411 1713 1061 667 1121 321 1534 1593 1569 221 1793 891 1841 261 1647 849 1609 1683 631 628 653 566 169 1533 451 61 1381 475 884 609 1319 769 1097 401 1551 648 121 97 457 1992 1425 1067 782 1516 1796 1276 1617 616 321 1389 901 1147 456 351 1681 1209 296 782 913 1 1121 1156 979 533 1771 1980 1755 1091 1617 1741 1922 1550 333 1278 1491 251 769 652 1557 833 538 833 981 299 1951 97 1155 1507 1325 1360 1451 1217 233 1407 721 583 1367 315 898 432 604 613 1671 1048 721 416 1221 1626 1488 56 1321 417 1201 750 558 421 885 1273 329 1681 1817 259 1361 81 1345 1443 1022 986 89 1335 222 1118 1581 1489 1508 1971 573 1315 219 837 854 721 104 1783 1116 1381 1946 156 582 682 581 777 821 1118 929 91 1951 1606 1661 885 171 1201 1403 1301 83 1347 299 461 877 687 1313 186 191 1850 1503 464 481 553 1971 1349 1281 1477 1978 129 1354 1546 970 1825 366 714 1681 1501 825 1285 1433 835 473 1671 79 1881 1360 1412 790 569 1312 349 549 1359 783 1179 1429 673 1995 1261 1489 1369 601 1105 1661 1675 1074 1030 63 1751 1345 426 1811 149 1336 173 306 385 1107 366 535 1676 1604 1017 1377 1617 162 1426 1703 503 817 551 639 101 1527 945 1939 861 1601 345 1217 1167 1521 719 487 404 1816 1198 197 223 710 87 1720 1907 525 1133 1389 851 90 493 1326 1564 960 1750 1369 1053 403 197 1633 1828 1405 401 1893 869 314 1729 769 307 509 1136 267 795 125 951 373 461 285 201 1801 1525 1297 939 1841 1383 1987 849 431 1821 545 1905 163 1942 544 1489 76 1056 399 1861 645 505 994 826 1916 149 881 593 911 1252 489 1969 261 981 137 1696 823 33 1718 1793 1369 476 1547 1963 1795 660 1149 1961 1401 1001 222 1161 1103 1727 807 787 501 1073 937 507 1910 29 1864 1223 1993 722 1189 1097 689 1711 713 1731 1111 161 1336 699 1859 156 13 179 1838 1876 1677 1576 1265 1829 993 1445 921 1449 1345 1801 1513 1777 1550 1977 1357 468 5 1629 1481 1892 1881 1114 131 766 111 1311 69 16 1433 1219 896 881 1101 769 1843 121 589 697 553 509 353 1828 641 1756 575 1248 997 1142 381 1065 1278 1191 497 1787 1421 729 411 481 205 1421 1961 1679 1459 253 1685 1809 1183 1489 981 623 574 1041 980 497 465 407 820 1441 601 1994 1531 257 601 1721 681 973 81 681 548 1411 1421 17 1709 1 1735 1545 1825 1729 593 1622 1517 42 533 1598 675 459 1331 1654 677 817 961 1486 1001 1017 927 1381 759 1701 1205 687 1489 676 665 1257 1824 775 1451 945 1201 309 939 1839 31 1525 1237 11 646 1501 301 1922 1281 1601 709 677 1107 1246 599 1423 1554 1254 1071 1633 186 231 349 101 929 856 1996 1081 496 996 181 181 273 1913 518 1313 1641 1729 1446 574 1301 713 1001 221 241 201 779 1501 895 923 945 1801 1876 805 1245 1615 333 737 1905 1886 1297 349 1361 1681 663 593 1411 470 1409 132 181 585 907 781 646 1464 621 420 691 1097 685 1937 1295 1784 1521 89 891 882 703 251 1 921 375 1910 1469 775 651 699 709 547 401 401 1617 472 765 177 1 1811 665 161 1651 1473 778 1717 241 701 241 1956 957 847 1634 669 1601 881 1569 1097 1137 611 761 547 605 960 429 411 1969 951 561 535 865 241 1193 1657 55 1141 1284 1018 1351 526 777 36 1577 881 536 1765 1505 1045 661 731 1827 1308 1175 1353 1707 1223 389 61 1316 1151 338 609 1467 25 1987 145 1844 1121 61 361 596 333 1717 171 1755 901 445 1187 1421 826 660 1640 1616 1332 333 1345 225 941 192 1245 1158 1929 867 1421 13 511 366 1427 1626 705 274 1531 1513 305 1219 1585 1901 886 1961 1125 1289 139 289 376 1573 1033 203 241 676 1029 1501 1636 1225 1601 1685 1781 1780 1976 843 967 765 996 1801 843 1174 1311 1094 988 871 1521 1447 1364 1751 1121 61 93 1177 301 650 1094 1385 1553 1406 1819 1149 1061 303 1162 1296 1315 1951 371 341 631 745 1398 1357 1341 977 1137 953 829 1835 11 1949 273 1579 985 1900 545 1376 1420 701 618 181 1953 593 1380 686 1465 1345 1241 190 1626 1559 1654 636 269 769 1909 55 1819 1727 1188 1265 1766 1231 369 1879 717 1686 262 1464 866 881 1285 1753 961 292 1745 465 1729 1656 1225 497 1761 927 474 183 1101 711 76 81 746 1363 37 1406 285 66 1553 1980 451 349 1857 217 413 1678 977 241 1091 451 1818 1053 1895 1227 1781 1 1671 1496 1297 1199 1199 1805 309 52 1309 1503 1702 887 425 1905 1961 717 
100
1 3 521
1 707 571
2
1 819 1637
1 397 1571
1 254 343
1 37 504
1 373 954
2
1 45 816
1 981 241
1 233 926
1 1 217
2
1 913 541
1 521 1066
1 31 1722
2
1 34 1842
2
2
1 416 1055
2
1 409 1311
2
1 231 441
1 661 771
1 577 1599
1 763 1
1 717 791
1 596 285
1 735 881
1 166 248
1 301 331
1 41 897
1 404 1099
2
1 195 1471
1 393 406
1 821 1074
1 455 701
2
1 422 91
1 351 721
2
1 501 1504
1 591 1614
1 709 1975
1 721 797
2
1 696 209
1 39 1354
1 15 1168
1 1 1675
1 281 1625
1 93 1712
2
1 104 1935
1 773 1549
2
1 41 549
1 942 489
1 27 378
1 835 885
1 661 1985
2
1 17 1382
1 281 301
1 34 1501
2
2
2
1 336 1766
1 609 1077
1 26 226
1 164 101
1 3 620
2
1 23 865
1 501 841
1 587 387
1 43 662
1 34 1464
1 47 1781
2
1 31 185
2
2
1 481 1441
1 423 351
2
1 133 1625
1 351 753
1 43 1169
1 33 40
1 13 1941
1 857 1911
1 761 829
1 21 1705
1 213 1153
